Physical State
[[ 1.    1.35]
 [ 1.    1.3 ]
 [ 1.    1.25]
 [ 1.    1.2 ]]
Locations
[[ 1.    1.  ]
 [ 1.    1.05]
 [ 1.    1.1 ]
 [ 1.    1.15]
 [ 1.    1.2 ]
 [ 1.    1.25]
 [ 1.    1.3 ]
 [ 1.    1.35]
 [ 1.    1.4 ]
 [ 1.    1.35]
 [ 1.    1.3 ]
 [ 1.    1.25]
 [ 1.    1.2 ]]
Measurements
[ 1.95175563  1.66112116  1.32726946  0.97296152  0.60691191  0.28035932
 -0.01138304 -0.2324964  -0.38569587 -0.2324964  -0.01138304  0.28035932
  0.60691191]
Total accumulated reward = 4.86243985717
Nodes expanded = 22090