Physical State
[[ 0.8   0.85]
 [ 0.8   0.9 ]
 [ 0.8   0.95]
 [ 0.8   1.  ]]
Locations
[[ 1.    1.  ]
 [ 1.    0.95]
 [ 1.    0.9 ]
 [ 1.    0.85]
 [ 1.    0.8 ]
 [ 0.95  0.8 ]
 [ 0.9   0.8 ]
 [ 0.85  0.8 ]
 [ 0.8   0.8 ]
 [ 0.8   0.85]
 [ 0.8   0.9 ]
 [ 0.8   0.95]
 [ 0.8   1.  ]]
Measurements
[ 0.03799932  0.07111351  0.14961521  0.22052967  0.23355698  0.37314496
  0.50581656  0.6534423   0.82435688  0.80577383  0.75137431  0.68868993
  0.6553123 ]
Total accumulated reward = 5.93272644703
Nodes expanded = -1.0