Physical State
[[ 0.85  1.2 ]
 [ 0.9   1.2 ]
 [ 0.95  1.2 ]
 [ 1.    1.2 ]]
Locations
[[ 1.    1.  ]
 [ 0.95  1.  ]
 [ 0.9   1.  ]
 [ 0.85  1.  ]
 [ 0.8   1.  ]
 [ 0.8   1.05]
 [ 0.8   1.1 ]
 [ 0.8   1.15]
 [ 0.8   1.2 ]
 [ 0.85  1.2 ]
 [ 0.9   1.2 ]
 [ 0.95  1.2 ]
 [ 1.    1.2 ]]
Measurements
[ 0.40832374  0.49807307  0.54337831  0.54382613  0.53062437  0.64759191
  0.71018978  0.72216447  0.69507886  0.6991208   0.75876055  0.85791778
  0.96283115]
Total accumulated reward = 8.16955716836
Nodes expanded = -1.0