Physical State
[[ 1.    0.85]
 [ 1.    0.9 ]
 [ 1.    0.95]
 [ 1.    1.  ]]
Locations
[[ 1.    1.  ]
 [ 1.    0.95]
 [ 1.    0.9 ]
 [ 1.    0.85]
 [ 1.    0.8 ]
 [ 1.    0.85]
 [ 1.    0.9 ]
 [ 1.    0.95]
 [ 1.    1.  ]
 [ 1.    0.95]
 [ 1.    0.9 ]
 [ 1.    0.85]
 [ 1.    0.8 ]
 [ 1.    0.85]
 [ 1.    0.9 ]
 [ 1.    0.95]
 [ 1.    1.  ]]
Measurements
[ 0.47184674  0.65171033  0.77204081  0.82373349  0.78806029  0.82373349
  0.77204081  0.65171033  0.47184674  0.65171033  0.77204081  0.82373349
  0.78806029  0.82373349  0.77204081  0.65171033  0.47184674]
Total accumulated reward = 11.5097525445
Nodes expanded = -1