Physical State
[[ 0.8   0.75]
 [ 0.8   0.7 ]
 [ 0.8   0.65]
 [ 0.8   0.6 ]]
Locations
[[ 1.    1.  ]
 [ 1.    0.95]
 [ 1.    0.9 ]
 [ 1.    0.85]
 [ 1.    0.8 ]
 [ 0.95  0.8 ]
 [ 0.9   0.8 ]
 [ 0.85  0.8 ]
 [ 0.8   0.8 ]
 [ 0.8   0.75]
 [ 0.8   0.7 ]
 [ 0.8   0.65]
 [ 0.8   0.6 ]]
Measurements
[ 0.13392757  0.09314915  0.09312871  0.1408505   0.20596513  0.18985637
  0.23683227  0.33437074  0.43028216  0.68165024  0.98365176  1.28877179
  1.56483065]
Total accumulated reward = 6.2433394836
Nodes expanded = -1.0