-0.25000000 -0.25000000  0.42783369
-0.25000000 -0.20000000  0.68703998
-0.25000000 -0.15000000  0.89369135
-0.25000000 -0.10000000  0.98981059
-0.25000000 -0.05000000  0.93010671
-0.25000000  0.00000000  0.71172491
-0.25000000  0.05000000  0.35542622
-0.25000000  0.10000000 -0.10079078
-0.25000000  0.15000000 -0.60077458
-0.25000000  0.20000000 -1.08745095
-0.25000000  0.25000000 -1.51829776
-0.25000000  0.30000000 -1.84931697
-0.25000000  0.35000000 -2.05897559
-0.25000000  0.40000000 -2.10176739
-0.25000000  0.45000000 -1.95589330
-0.25000000  0.50000000 -1.62490832
-0.25000000  0.55000000 -1.14815499
-0.25000000  0.60000000 -0.55800534
-0.25000000  0.65000000  0.06079769
-0.25000000  0.70000000  0.65147886
-0.25000000  0.75000000  1.14076615
-0.25000000  0.80000000  1.49355977
-0.25000000  0.85000000  1.68968645
-0.25000000  0.90000000  1.74714025
-0.25000000  0.95000000  1.66245430
-0.25000000  1.00000000  1.48850345
-0.25000000  1.05000000  1.25862915
-0.25000000  1.10000000  0.99461151
-0.25000000  1.15000000  0.73482061
-0.25000000  1.20000000  0.49976565
-0.25000000  1.25000000  0.29684343
-0.25000000  1.30000000  0.14122686
-0.25000000  1.35000000  0.03216223
-0.25000000  1.40000000 -0.01779681
-0.25000000  1.45000000 -0.04427528
-0.25000000  1.50000000 -0.03154196
-0.25000000  1.55000000  0.00475443
-0.25000000  1.60000000  0.05411652
-0.25000000  1.65000000  0.11424271
-0.25000000  1.70000000  0.17840176
-0.25000000  1.75000000  0.26282360
-0.25000000  1.80000000  0.37085777
-0.25000000  1.85000000  0.50185749
-0.25000000  1.90000000  0.64094172
-0.25000000  1.95000000  0.75995376
-0.25000000  2.00000000  0.84553038
-0.25000000  2.05000000  0.88822249
-0.25000000  2.10000000  0.87325768
-0.25000000  2.15000000  0.80540342
-0.25000000  2.20000000  0.70839175
-0.20000000 -0.25000000  0.30132690
-0.20000000 -0.20000000  0.51474512
-0.20000000 -0.15000000  0.66966124
-0.20000000 -0.10000000  0.71118283
-0.20000000 -0.05000000  0.60994313
-0.20000000  0.00000000  0.38798215
-0.20000000  0.05000000  0.04303582
-0.20000000  0.10000000 -0.34990221
-0.20000000  0.15000000 -0.75712609
-0.20000000  0.20000000 -1.13272321
-0.20000000  0.25000000 -1.44533594
-0.20000000  0.30000000 -1.65548807
-0.20000000  0.35000000 -1.76744178
-0.20000000  0.40000000 -1.73124891
-0.20000000  0.45000000 -1.56135353
-0.20000000  0.50000000 -1.24273204
-0.20000000  0.55000000 -0.80353831
-0.20000000  0.60000000 -0.31594404
-0.20000000  0.65000000  0.19617991
-0.20000000  0.70000000  0.66131817
-0.20000000  0.75000000  1.03439427
-0.20000000  0.80000000  1.29464926
-0.20000000  0.85000000  1.44402962
-0.20000000  0.90000000  1.47779909
-0.20000000  0.95000000  1.43780544
-0.20000000  1.00000000  1.32967143
-0.20000000  1.05000000  1.18927858
-0.20000000  1.10000000  1.02178427
-0.20000000  1.15000000  0.84314835
-0.20000000  1.20000000  0.67521232
-0.20000000  1.25000000  0.50455146
-0.20000000  1.30000000  0.36950661
-0.20000000  1.35000000  0.26092117
-0.20000000  1.40000000  0.18510224
-0.20000000  1.45000000  0.15880093
-0.20000000  1.50000000  0.15301904
-0.20000000  1.55000000  0.18071115
-0.20000000  1.60000000  0.21227751
-0.20000000  1.65000000  0.25748056
-0.20000000  1.70000000  0.32070294
-0.20000000  1.75000000  0.41535040
-0.20000000  1.80000000  0.54964292
-0.20000000  1.85000000  0.71084901
-0.20000000  1.90000000  0.89394437
-0.20000000  1.95000000  1.05880873
-0.20000000  2.00000000  1.18600508
-0.20000000  2.05000000  1.23741807
-0.20000000  2.10000000  1.22415670
-0.20000000  2.15000000  1.14669537
-0.20000000  2.20000000  1.02376808
-0.15000000 -0.25000000  0.20643742
-0.15000000 -0.20000000  0.37566008
-0.15000000 -0.15000000  0.47099660
-0.15000000 -0.10000000  0.44508507
-0.15000000 -0.05000000  0.29489856
-0.15000000  0.00000000  0.03717518
-0.15000000  0.05000000 -0.28968123
-0.15000000  0.10000000 -0.63611162
-0.15000000  0.15000000 -0.95115032
-0.15000000  0.20000000 -1.20895505
-0.15000000  0.25000000 -1.38937950
-0.15000000  0.30000000 -1.47213671
-0.15000000  0.35000000 -1.45868976
-0.15000000  0.40000000 -1.32447124
-0.15000000  0.45000000 -1.09594629
-0.15000000  0.50000000 -0.77791600
-0.15000000  0.55000000 -0.39996929
-0.15000000  0.60000000  0.00652134
-0.15000000  0.65000000  0.39080833
-0.15000000  0.70000000  0.70370310
-0.15000000  0.75000000  0.94306163
-0.15000000  0.80000000  1.09047818
-0.15000000  0.85000000  1.15431379
-0.15000000  0.90000000  1.14423651
-0.15000000  0.95000000  1.10888157
-0.15000000  1.00000000  1.04639851
-0.15000000  1.05000000  0.98043073
-0.15000000  1.10000000  0.89819146
-0.15000000  1.15000000  0.79739938
-0.15000000  1.20000000  0.68307695
-0.15000000  1.25000000  0.55270193
-0.15000000  1.30000000  0.42785408
-0.15000000  1.35000000  0.31624338
-0.15000000  1.40000000  0.25822774
-0.15000000  1.45000000  0.22409464
-0.15000000  1.50000000  0.23229053
-0.15000000  1.55000000  0.25996652
-0.15000000  1.60000000  0.30378964
-0.15000000  1.65000000  0.35451734
-0.15000000  1.70000000  0.43008395
-0.15000000  1.75000000  0.54906428
-0.15000000  1.80000000  0.70878565
-0.15000000  1.85000000  0.90423172
-0.15000000  1.90000000  1.12847781
-0.15000000  1.95000000  1.32443267
-0.15000000  2.00000000  1.46407522
-0.15000000  2.05000000  1.52342467
-0.15000000  2.10000000  1.49405706
-0.15000000  2.15000000  1.38449820
-0.15000000  2.20000000  1.22443673
-0.10000000 -0.25000000  0.13112775
-0.10000000 -0.20000000  0.25229313
-0.10000000 -0.15000000  0.29074173
-0.10000000 -0.10000000  0.19726054
-0.10000000 -0.05000000 -0.00955965
-0.10000000  0.00000000 -0.29313519
-0.10000000  0.05000000 -0.61606767
-0.10000000  0.10000000 -0.91703704
-0.10000000  0.15000000 -1.15041835
-0.10000000  0.20000000 -1.30437856
-0.10000000  0.25000000 -1.34561541
-0.10000000  0.30000000 -1.28696175
-0.10000000  0.35000000 -1.14613886
-0.10000000  0.40000000 -0.91053397
-0.10000000  0.45000000 -0.60790310
-0.10000000  0.50000000 -0.27922496
-0.10000000  0.55000000  0.04524995
-0.10000000  0.60000000  0.37242314
-0.10000000  0.65000000  0.62536424
-0.10000000  0.70000000  0.79628440
-0.10000000  0.75000000  0.88046933
-0.10000000  0.80000000  0.89835496
-0.10000000  0.85000000  0.85923192
-0.10000000  0.90000000  0.80459239
-0.10000000  0.95000000  0.75588555
-0.10000000  1.00000000  0.72008502
-0.10000000  1.05000000  0.69541049
-0.10000000  1.10000000  0.66742119
-0.10000000  1.15000000  0.62243374
-0.10000000  1.20000000  0.53708107
-0.10000000  1.25000000  0.43445419
-0.10000000  1.30000000  0.32373606
-0.10000000  1.35000000  0.21813497
-0.10000000  1.40000000  0.15818045
-0.10000000  1.45000000  0.14651433
-0.10000000  1.50000000  0.16822217
-0.10000000  1.55000000  0.22230958
-0.10000000  1.60000000  0.29513007
-0.10000000  1.65000000  0.37233850
-0.10000000  1.70000000  0.46544473
-0.10000000  1.75000000  0.61303369
-0.10000000  1.80000000  0.79953352
-0.10000000  1.85000000  1.04249637
-0.10000000  1.90000000  1.28457215
-0.10000000  1.95000000  1.50800585
-0.10000000  2.00000000  1.65115268
-0.10000000  2.05000000  1.71152299
-0.10000000  2.10000000  1.64950387
-0.10000000  2.15000000  1.51405377
-0.10000000  2.20000000  1.32278058
-0.05000000 -0.25000000  0.05328250
-0.05000000 -0.20000000  0.13547554
-0.05000000 -0.15000000  0.10189891
-0.05000000 -0.10000000 -0.04591339
-0.05000000 -0.05000000 -0.29551376
-0.05000000  0.00000000 -0.60776835
-0.05000000  0.05000000 -0.92260762
-0.05000000  0.10000000 -1.17803386
-0.05000000  0.15000000 -1.33028512
-0.05000000  0.20000000 -1.37481638
-0.05000000  0.25000000 -1.29190635
-0.05000000  0.30000000 -1.11004517
-0.05000000  0.35000000 -0.84298195
-0.05000000  0.40000000 -0.51151172
-0.05000000  0.45000000 -0.15591363
-0.05000000  0.50000000  0.19489765
-0.05000000  0.55000000  0.49754394
-0.05000000  0.60000000  0.73859167
-0.05000000  0.65000000  0.88311925
-0.05000000  0.70000000  0.91200527
-0.05000000  0.75000000  0.86259931
-0.05000000  0.80000000  0.76000542
-0.05000000  0.85000000  0.63392510
-0.05000000  0.90000000  0.52287133
-0.05000000  0.95000000  0.45138684
-0.05000000  1.00000000  0.42183508
-0.05000000  1.05000000  0.42112036
-0.05000000  1.10000000  0.41331154
-0.05000000  1.15000000  0.38630306
-0.05000000  1.20000000  0.31912376
-0.05000000  1.25000000  0.22259452
-0.05000000  1.30000000  0.09944545
-0.05000000  1.35000000  0.00607406
-0.05000000  1.40000000 -0.05060767
-0.05000000  1.45000000 -0.04524001
-0.05000000  1.50000000  0.00025758
-0.05000000  1.55000000  0.08561356
-0.05000000  1.60000000  0.18253952
-0.05000000  1.65000000  0.29574996
-0.05000000  1.70000000  0.42870470
-0.05000000  1.75000000  0.59617705
-0.05000000  1.80000000  0.82005380
-0.05000000  1.85000000  1.08580553
-0.05000000  1.90000000  1.34770411
-0.05000000  1.95000000  1.58190456
-0.05000000  2.00000000  1.74227272
-0.05000000  2.05000000  1.77629373
-0.05000000  2.10000000  1.71659064
-0.05000000  2.15000000  1.55410930
-0.05000000  2.20000000  1.33321721
 0.00000000 -0.25000000 -0.03171362
 0.00000000 -0.20000000 -0.00221634
 0.00000000 -0.15000000 -0.08461993
 0.00000000 -0.10000000 -0.28222829
 0.00000000 -0.05000000 -0.56774864
 0.00000000  0.00000000 -0.89571358
 0.00000000  0.05000000 -1.19471545
 0.00000000  0.10000000 -1.39708738
 0.00000000  0.15000000 -1.47636975
 0.00000000  0.20000000 -1.41336886
 0.00000000  0.25000000 -1.22130991
 0.00000000  0.30000000 -0.92037834
 0.00000000  0.35000000 -0.55057179
 0.00000000  0.40000000 -0.15328442
 0.00000000  0.45000000  0.25625370
 0.00000000  0.50000000  0.61710881
 0.00000000  0.55000000  0.88791156
 0.00000000  0.60000000  1.06225687
 0.00000000  0.65000000  1.11374688
 0.00000000  0.70000000  1.04633236
 0.00000000  0.75000000  0.89455028
 0.00000000  0.80000000  0.69248906
 0.00000000  0.85000000  0.49829047
 0.00000000  0.90000000  0.34950844
 0.00000000  0.95000000  0.25822263
 0.00000000  1.00000000  0.22270864
 0.00000000  1.05000000  0.22137041
 0.00000000  1.10000000  0.21055376
 0.00000000  1.15000000  0.17241678
 0.00000000  1.20000000  0.09659764
 0.00000000  1.25000000 -0.02371229
 0.00000000  1.30000000 -0.14247598
 0.00000000  1.35000000 -0.25127206
 0.00000000  1.40000000 -0.31495558
 0.00000000  1.45000000 -0.30003975
 0.00000000  1.50000000 -0.22949923
 0.00000000  1.55000000 -0.12527584
 0.00000000  1.60000000  0.00078089
 0.00000000  1.65000000  0.13288926
 0.00000000  1.70000000  0.29242467
 0.00000000  1.75000000  0.48395030
 0.00000000  1.80000000  0.73170318
 0.00000000  1.85000000  1.01887871
 0.00000000  1.90000000  1.30624237
 0.00000000  1.95000000  1.56006227
 0.00000000  2.00000000  1.72540440
 0.00000000  2.05000000  1.76718489
 0.00000000  2.10000000  1.70041816
 0.00000000  2.15000000  1.53421773
 0.00000000  2.20000000  1.31453507
 0.05000000 -0.25000000 -0.13272385
 0.05000000 -0.20000000 -0.14613425
 0.05000000 -0.15000000 -0.27384558
 0.05000000 -0.10000000 -0.51288519
 0.05000000 -0.05000000 -0.83616536
 0.05000000  0.00000000 -1.15520974
 0.05000000  0.05000000 -1.42958674
 0.05000000  0.10000000 -1.58194640
 0.05000000  0.15000000 -1.57545610
 0.05000000  0.20000000 -1.41781879
 0.05000000  0.25000000 -1.14685890
 0.05000000  0.30000000 -0.75347536
 0.05000000  0.35000000 -0.30161111
 0.05000000  0.40000000  0.15462747
 0.05000000  0.45000000  0.58248430
 0.05000000  0.50000000  0.94436900
 0.05000000  0.55000000  1.19176041
 0.05000000  0.60000000  1.31542242
 0.05000000  0.65000000  1.30474692
 0.05000000  0.70000000  1.17606507
 0.05000000  0.75000000  0.96798894
 0.05000000  0.80000000  0.71848144
 0.05000000  0.85000000  0.49891505
 0.05000000  0.90000000  0.32613605
 0.05000000  0.95000000  0.21409057
 0.05000000  1.00000000  0.16847566
 0.05000000  1.05000000  0.14155992
 0.05000000  1.10000000  0.10959872
 0.05000000  1.15000000  0.04320012
 0.05000000  1.20000000 -0.06189442
 0.05000000  1.25000000 -0.20719607
 0.05000000  1.30000000 -0.35943546
 0.05000000  1.35000000 -0.47996802
 0.05000000  1.40000000 -0.54370639
 0.05000000  1.45000000 -0.53847410
 0.05000000  1.50000000 -0.46493247
 0.05000000  1.55000000 -0.36102903
 0.05000000  1.60000000 -0.22660565
 0.05000000  1.65000000 -0.07758226
 0.05000000  1.70000000  0.09184437
 0.05000000  1.75000000  0.30779057
 0.05000000  1.80000000  0.55513934
 0.05000000  1.85000000  0.85877919
 0.05000000  1.90000000  1.16832496
 0.05000000  1.95000000  1.43053090
 0.05000000  2.00000000  1.62484829
 0.05000000  2.05000000  1.68104474
 0.05000000  2.10000000  1.62546621
 0.05000000  2.15000000  1.49178485
 0.05000000  2.20000000  1.28677572
 0.10000000 -0.25000000 -0.21743012
 0.10000000 -0.20000000 -0.28752510
 0.10000000 -0.15000000 -0.46534796
 0.10000000 -0.10000000 -0.74142529
 0.10000000 -0.05000000 -1.07534384
 0.10000000  0.00000000 -1.39786770
 0.10000000  0.05000000 -1.63920314
 0.10000000  0.10000000 -1.72596211
 0.10000000  0.15000000 -1.65656406
 0.10000000  0.20000000 -1.42449225
 0.10000000  0.25000000 -1.04788856
 0.10000000  0.30000000 -0.60002778
 0.10000000  0.35000000 -0.10590299
 0.10000000  0.40000000  0.38484826
 0.10000000  0.45000000  0.82481671
 0.10000000  0.50000000  1.16338206
 0.10000000  0.55000000  1.37521093
 0.10000000  0.60000000  1.46868560
 0.10000000  0.65000000  1.42079085
 0.10000000  0.70000000  1.27261496
 0.10000000  0.75000000  1.05629128
 0.10000000  0.80000000  0.80883386
 0.10000000  0.85000000  0.59672952
 0.10000000  0.90000000  0.43528739
 0.10000000  0.95000000  0.32468065
 0.10000000  1.00000000  0.25517646
 0.10000000  1.05000000  0.20539801
 0.10000000  1.10000000  0.13162015
 0.10000000  1.15000000  0.02203169
 0.10000000  1.20000000 -0.12343637
 0.10000000  1.25000000 -0.30683432
 0.10000000  1.30000000 -0.48174300
 0.10000000  1.35000000 -0.62591970
 0.10000000  1.40000000 -0.69625847
 0.10000000  1.45000000 -0.70531912
 0.10000000  1.50000000 -0.64953767
 0.10000000  1.55000000 -0.55166811
 0.10000000  1.60000000 -0.42550539
 0.10000000  1.65000000 -0.29126642
 0.10000000  1.70000000 -0.12106592
 0.10000000  1.75000000  0.08123461
 0.10000000  1.80000000  0.34074474
 0.10000000  1.85000000  0.64095181
 0.10000000  1.90000000  0.96814606
 0.10000000  1.95000000  1.25076141
 0.10000000  2.00000000  1.46197021
 0.10000000  2.05000000  1.55560676
 0.10000000  2.10000000  1.54080119
 0.10000000  2.15000000  1.43460423
 0.10000000  2.20000000  1.25405721
 0.15000000 -0.25000000 -0.27566038
 0.15000000 -0.20000000 -0.39797847
 0.15000000 -0.15000000 -0.63425852
 0.15000000 -0.10000000 -0.95095256
 0.15000000 -0.05000000 -1.29443584
 0.15000000  0.00000000 -1.60537110
 0.15000000  0.05000000 -1.80988825
 0.15000000  0.10000000 -1.85038099
 0.15000000  0.15000000 -1.71238472
 0.15000000  0.20000000 -1.41386875
 0.15000000  0.25000000 -0.98605352
 0.15000000  0.30000000 -0.49427830
 0.15000000  0.35000000  0.02758783
 0.15000000  0.40000000  0.51848526
 0.15000000  0.45000000  0.93573508
 0.15000000  0.50000000  1.24903003
 0.15000000  0.55000000  1.43964890
 0.15000000  0.60000000  1.50653665
 0.15000000  0.65000000  1.44990693
 0.15000000  0.70000000  1.31254340
 0.15000000  0.75000000  1.12511560
 0.15000000  0.80000000  0.94404783
 0.15000000  0.85000000  0.76951440
 0.15000000  0.90000000  0.63341984
 0.15000000  0.95000000  0.53775723
 0.15000000  1.00000000  0.45798564
 0.15000000  1.05000000  0.36722999
 0.15000000  1.10000000  0.25368547
 0.15000000  1.15000000  0.10864426
 0.15000000  1.20000000 -0.08891618
 0.15000000  1.25000000 -0.30275717
 0.15000000  1.30000000 -0.49164752
 0.15000000  1.35000000 -0.64376095
 0.15000000  1.40000000 -0.73506224
 0.15000000  1.45000000 -0.76352458
 0.15000000  1.50000000 -0.72584509
 0.15000000  1.55000000 -0.65662799
 0.15000000  1.60000000 -0.56266005
 0.15000000  1.65000000 -0.45705749
 0.15000000  1.70000000 -0.32299968
 0.15000000  1.75000000 -0.14119489
 0.15000000  1.80000000  0.10639376
 0.15000000  1.85000000  0.40180381
 0.15000000  1.90000000  0.72961552
 0.15000000  1.95000000  1.04040121
 0.15000000  2.00000000  1.27335619
 0.15000000  2.05000000  1.41424089
 0.15000000  2.10000000  1.44035970
 0.15000000  2.15000000  1.37549891
 0.15000000  2.20000000  1.24290285
 0.20000000 -0.25000000 -0.29097091
 0.20000000 -0.20000000 -0.47921138
 0.20000000 -0.15000000 -0.75760204
 0.20000000 -0.10000000 -1.10472359
 0.20000000 -0.05000000 -1.46954904
 0.20000000  0.00000000 -1.77145146
 0.20000000  0.05000000 -1.94978095
 0.20000000  0.10000000 -1.94834128
 0.20000000  0.15000000 -1.76004951
 0.20000000  0.20000000 -1.41228150
 0.20000000  0.25000000 -0.95320112
 0.20000000  0.30000000 -0.42719685
 0.20000000  0.35000000  0.08828265
 0.20000000  0.40000000  0.55265655
 0.20000000  0.45000000  0.92914025
 0.20000000  0.50000000  1.20486855
 0.20000000  0.55000000  1.35948710
 0.20000000  0.60000000  1.41150904
 0.20000000  0.65000000  1.38074042
 0.20000000  0.70000000  1.28302575
 0.20000000  0.75000000  1.16301230
 0.20000000  0.80000000  1.05031514
 0.20000000  0.85000000  0.94043036
 0.20000000  0.90000000  0.85445244
 0.20000000  0.95000000  0.78176200
 0.20000000  1.00000000  0.70332940
 0.20000000  1.05000000  0.59031991
 0.20000000  1.10000000  0.43754409
 0.20000000  1.15000000  0.25206607
 0.20000000  1.20000000  0.02993148
 0.20000000  1.25000000 -0.19222840
 0.20000000  1.30000000 -0.39674709
 0.20000000  1.35000000 -0.55098616
 0.20000000  1.40000000 -0.65393116
 0.20000000  1.45000000 -0.69055720
 0.20000000  1.50000000 -0.68502998
 0.20000000  1.55000000 -0.65083621
 0.20000000  1.60000000 -0.60132682
 0.20000000  1.65000000 -0.54077337
 0.20000000  1.70000000 -0.45528554
 0.20000000  1.75000000 -0.30798612
 0.20000000  1.80000000 -0.09177576
 0.20000000  1.85000000  0.19670115
 0.20000000  1.90000000  0.50923777
 0.20000000  1.95000000  0.81899853
 0.20000000  2.00000000  1.08733052
 0.20000000  2.05000000  1.26334774
 0.20000000  2.10000000  1.33623244
 0.20000000  2.15000000  1.31901281
 0.20000000  2.20000000  1.22025481
 0.25000000 -0.25000000 -0.29488899
 0.25000000 -0.20000000 -0.52691069
 0.25000000 -0.15000000 -0.84438019
 0.25000000 -0.10000000 -1.22230505
 0.25000000 -0.05000000 -1.59119670
 0.25000000  0.00000000 -1.88348548
 0.25000000  0.05000000 -2.03664835
 0.25000000  0.10000000 -2.01340610
 0.25000000  0.15000000 -1.78880987
 0.25000000  0.20000000 -1.41820275
 0.25000000  0.25000000 -0.94828266
 0.25000000  0.30000000 -0.43278226
 0.25000000  0.35000000  0.05691583
 0.25000000  0.40000000  0.48397665
 0.25000000  0.45000000  0.80903330
 0.25000000  0.50000000  1.03681885
 0.25000000  0.55000000  1.15254241
 0.25000000  0.60000000  1.19959564
 0.25000000  0.65000000  1.18229248
 0.25000000  0.70000000  1.15092884
 0.25000000  0.75000000  1.11553769
 0.25000000  0.80000000  1.08430977
 0.25000000  0.85000000  1.06438163
 0.25000000  0.90000000  1.04381578
 0.25000000  0.95000000  1.00245412
 0.25000000  1.00000000  0.92138172
 0.25000000  1.05000000  0.79210133
 0.25000000  1.10000000  0.61123548
 0.25000000  1.15000000  0.39991640
 0.25000000  1.20000000  0.17257606
 0.25000000  1.25000000 -0.04816955
 0.25000000  1.30000000 -0.24556567
 0.25000000  1.35000000 -0.39253229
 0.25000000  1.40000000 -0.47859463
 0.25000000  1.45000000 -0.52207353
 0.25000000  1.50000000 -0.54799596
 0.25000000  1.55000000 -0.55334943
 0.25000000  1.60000000 -0.55610222
 0.25000000  1.65000000 -0.54214158
 0.25000000  1.70000000 -0.50608011
 0.25000000  1.75000000 -0.40151313
 0.25000000  1.80000000 -0.22438674
 0.25000000  1.85000000  0.02962449
 0.25000000  1.90000000  0.32949998
 0.25000000  1.95000000  0.64410762
 0.25000000  2.00000000  0.90707974
 0.25000000  2.05000000  1.10471687
 0.25000000  2.10000000  1.21577272
 0.25000000  2.15000000  1.23815550
 0.25000000  2.20000000  1.17911868
 0.30000000 -0.25000000 -0.29021173
 0.30000000 -0.20000000 -0.55656574
 0.30000000 -0.15000000 -0.88791563
 0.30000000 -0.10000000 -1.28579956
 0.30000000 -0.05000000 -1.65340606
 0.30000000  0.00000000 -1.92635460
 0.30000000  0.05000000 -2.06158148
 0.30000000  0.10000000 -2.01749969
 0.30000000  0.15000000 -1.78895489
 0.30000000  0.20000000 -1.41643095
 0.30000000  0.25000000 -0.95858390
 0.30000000  0.30000000 -0.47945974
 0.30000000  0.35000000 -0.03877190
 0.30000000  0.40000000  0.31847000
 0.30000000  0.45000000  0.57660373
 0.30000000  0.50000000  0.74052281
 0.30000000  0.55000000  0.82337739
 0.30000000  0.60000000  0.86002970
 0.30000000  0.65000000  0.87947961
 0.30000000  0.70000000  0.90878150
 0.30000000  0.75000000  0.95136702
 0.30000000  0.80000000  1.01719160
 0.30000000  0.85000000  1.07609736
 0.30000000  0.90000000  1.12839402
 0.30000000  0.95000000  1.11705748
 0.30000000  1.00000000  1.04775663
 0.30000000  1.05000000  0.92049256
 0.30000000  1.10000000  0.72994502
 0.30000000  1.15000000  0.51282138
 0.30000000  1.20000000  0.28798567
 0.30000000  1.25000000  0.08340849
 0.30000000  1.30000000 -0.07023781
 0.30000000  1.35000000 -0.19201157
 0.30000000  1.40000000 -0.25771242
 0.30000000  1.45000000 -0.30800386
 0.30000000  1.50000000 -0.34968926
 0.30000000  1.55000000 -0.38653077
 0.30000000  1.60000000 -0.42951886
 0.30000000  1.65000000 -0.47665047
 0.30000000  1.70000000 -0.47972186
 0.30000000  1.75000000 -0.42911871
 0.30000000  1.80000000 -0.28673855
 0.30000000  1.85000000 -0.06701139
 0.30000000  1.90000000  0.20124932
 0.30000000  1.95000000  0.47764758
 0.30000000  2.00000000  0.73139856
 0.30000000  2.05000000  0.93244811
 0.30000000  2.10000000  1.05247516
 0.30000000  2.15000000  1.10759435
 0.30000000  2.20000000  1.09295116
 0.35000000 -0.25000000 -0.31198257
 0.35000000 -0.20000000 -0.59149815
 0.35000000 -0.15000000 -0.92690380
 0.35000000 -0.10000000 -1.29399985
 0.35000000 -0.05000000 -1.64260550
 0.35000000  0.00000000 -1.89661907
 0.35000000  0.05000000 -2.00559890
 0.35000000  0.10000000 -1.94744182
 0.35000000  0.15000000 -1.72085430
 0.35000000  0.20000000 -1.37520386
 0.35000000  0.25000000 -0.95970614
 0.35000000  0.30000000 -0.53896822
 0.35000000  0.35000000 -0.18164476
 0.35000000  0.40000000  0.10042031
 0.35000000  0.45000000  0.28074129
 0.35000000  0.50000000  0.38069999
 0.35000000  0.55000000  0.41662959
 0.35000000  0.60000000  0.44672434
 0.35000000  0.65000000  0.48705491
 0.35000000  0.70000000  0.57544582
 0.35000000  0.75000000  0.69669619
 0.35000000  0.80000000  0.83636637
 0.35000000  0.85000000  0.97387600
 0.35000000  0.90000000  1.07373720
 0.35000000  0.95000000  1.11114450
 0.35000000  1.00000000  1.05419567
 0.35000000  1.05000000  0.93038613
 0.35000000  1.10000000  0.75037174
 0.35000000  1.15000000  0.54587116
 0.35000000  1.20000000  0.35197277
 0.35000000  1.25000000  0.18493354
 0.35000000  1.30000000  0.06471682
 0.35000000  1.35000000 -0.02225357
 0.35000000  1.40000000 -0.06286779
 0.35000000  1.45000000 -0.10561862
 0.35000000  1.50000000 -0.14491511
 0.35000000  1.55000000 -0.20217881
 0.35000000  1.60000000 -0.28288281
 0.35000000  1.65000000 -0.35719926
 0.35000000  1.70000000 -0.39768712
 0.35000000  1.75000000 -0.37400329
 0.35000000  1.80000000 -0.27322546
 0.35000000  1.85000000 -0.09902153
 0.35000000  1.90000000  0.10962043
 0.35000000  1.95000000  0.34100200
 0.35000000  2.00000000  0.55308796
 0.35000000  2.05000000  0.73218370
 0.35000000  2.10000000  0.85895484
 0.35000000  2.15000000  0.91504024
 0.35000000  2.20000000  0.93999914
 0.40000000 -0.25000000 -0.39824950
 0.40000000 -0.20000000 -0.65818102
 0.40000000 -0.15000000 -0.96395217
 0.40000000 -0.10000000 -1.28099727
 0.40000000 -0.05000000 -1.57584866
 0.40000000  0.00000000 -1.78710917
 0.40000000  0.05000000 -1.87009352
 0.40000000  0.10000000 -1.80073572
 0.40000000  0.15000000 -1.57878701
 0.40000000  0.20000000 -1.27069678
 0.40000000  0.25000000 -0.91488198
 0.40000000  0.30000000 -0.57483232
 0.40000000  0.35000000 -0.30598906
 0.40000000  0.40000000 -0.12411225
 0.40000000  0.45000000 -0.03754981
 0.40000000  0.50000000 -0.00629921
 0.40000000  0.55000000 -0.00366413
 0.40000000  0.60000000  0.01093632
 0.40000000  0.65000000  0.07521521
 0.40000000  0.70000000  0.19456284
 0.40000000  0.75000000  0.37059130
 0.40000000  0.80000000  0.57711739
 0.40000000  0.85000000  0.77249158
 0.40000000  0.90000000  0.90618001
 0.40000000  0.95000000  0.97218822
 0.40000000  1.00000000  0.94550514
 0.40000000  1.05000000  0.83612441
 0.40000000  1.10000000  0.67851629
 0.40000000  1.15000000  0.49987635
 0.40000000  1.20000000  0.32821954
 0.40000000  1.25000000  0.20893245
 0.40000000  1.30000000  0.12337662
 0.40000000  1.35000000  0.08597767
 0.40000000  1.40000000  0.06215844
 0.40000000  1.45000000  0.04598169
 0.40000000  1.50000000  0.00786478
 0.40000000  1.55000000 -0.05924106
 0.40000000  1.60000000 -0.14003344
 0.40000000  1.65000000 -0.22714448
 0.40000000  1.70000000 -0.27147616
 0.40000000  1.75000000 -0.27066491
 0.40000000  1.80000000 -0.20940937
 0.40000000  1.85000000 -0.09395398
 0.40000000  1.90000000  0.05416198
 0.40000000  1.95000000  0.21502845
 0.40000000  2.00000000  0.36498749
 0.40000000  2.05000000  0.48778263
 0.40000000  2.10000000  0.58749462
 0.40000000  2.15000000  0.66966249
 0.40000000  2.20000000  0.72038791
 0.45000000 -0.25000000 -0.54294863
 0.45000000 -0.20000000 -0.75803730
 0.45000000 -0.15000000 -0.99713969
 0.45000000 -0.10000000 -1.25721295
 0.45000000 -0.05000000 -1.46983095
 0.45000000  0.00000000 -1.60904234
 0.45000000  0.05000000 -1.63647865
 0.45000000  0.10000000 -1.54036021
 0.45000000  0.15000000 -1.33991349
 0.45000000  0.20000000 -1.06666723
 0.45000000  0.25000000 -0.77408693
 0.45000000  0.30000000 -0.52189671
 0.45000000  0.35000000 -0.35247938
 0.45000000  0.40000000 -0.27086912
 0.45000000  0.45000000 -0.26746005
 0.45000000  0.50000000 -0.31217956
 0.45000000  0.55000000 -0.36856733
 0.45000000  0.60000000 -0.37678052
 0.45000000  0.65000000 -0.30616448
 0.45000000  0.70000000 -0.16822166
 0.45000000  0.75000000  0.03633900
 0.45000000  0.80000000  0.27160897
 0.45000000  0.85000000  0.49445505
 0.45000000  0.90000000  0.66094879
 0.45000000  0.95000000  0.74864309
 0.45000000  1.00000000  0.73431763
 0.45000000  1.05000000  0.64700624
 0.45000000  1.10000000  0.51301167
 0.45000000  1.15000000  0.37455242
 0.45000000  1.20000000  0.24141353
 0.45000000  1.25000000  0.15192810
 0.45000000  1.30000000  0.10884565
 0.45000000  1.35000000  0.09140883
 0.45000000  1.40000000  0.10380274
 0.45000000  1.45000000  0.10443651
 0.45000000  1.50000000  0.08225383
 0.45000000  1.55000000  0.03547934
 0.45000000  1.60000000 -0.03600103
 0.45000000  1.65000000 -0.09444371
 0.45000000  1.70000000 -0.13783971
 0.45000000  1.75000000 -0.14449102
 0.45000000  1.80000000 -0.11463151
 0.45000000  1.85000000 -0.05532460
 0.45000000  1.90000000  0.01792544
 0.45000000  1.95000000  0.08672184
 0.45000000  2.00000000  0.15196088
 0.45000000  2.05000000  0.21123979
 0.45000000  2.10000000  0.26823115
 0.45000000  2.15000000  0.34100139
 0.45000000  2.20000000  0.42401251
 0.50000000 -0.25000000 -0.75686070
 0.50000000 -0.20000000 -0.90676208
 0.50000000 -0.15000000 -1.07220542
 0.50000000 -0.10000000 -1.21811716
 0.50000000 -0.05000000 -1.33222393
 0.50000000  0.00000000 -1.38135500
 0.50000000  0.05000000 -1.33764978
 0.50000000  0.10000000 -1.19416310
 0.50000000  0.15000000 -0.97906718
 0.50000000  0.20000000 -0.73647944
 0.50000000  0.25000000 -0.50500408
 0.50000000  0.30000000 -0.34187016
 0.50000000  0.35000000 -0.26324242
 0.50000000  0.40000000 -0.27895239
 0.50000000  0.45000000 -0.37008774
 0.50000000  0.50000000 -0.47981361
 0.50000000  0.55000000 -0.58970586
 0.50000000  0.60000000 -0.62864695
 0.50000000  0.65000000 -0.58050099
 0.50000000  0.70000000 -0.45325208
 0.50000000  0.75000000 -0.24837188
 0.50000000  0.80000000 -0.02242445
 0.50000000  0.85000000  0.19967781
 0.50000000  0.90000000  0.36658117
 0.50000000  0.95000000  0.45658465
 0.50000000  1.00000000  0.46186092
 0.50000000  1.05000000  0.40112624
 0.50000000  1.10000000  0.29549205
 0.50000000  1.15000000  0.17793107
 0.50000000  1.20000000  0.08265291
 0.50000000  1.25000000  0.02946632
 0.50000000  1.30000000  0.00884671
 0.50000000  1.35000000  0.01967091
 0.50000000  1.40000000  0.03975892
 0.50000000  1.45000000  0.07143309
 0.50000000  1.50000000  0.06597673
 0.50000000  1.55000000  0.05122567
 0.50000000  1.60000000  0.02239093
 0.50000000  1.65000000  0.00241488
 0.50000000  1.70000000 -0.00613970
 0.50000000  1.75000000 -0.00895764
 0.50000000  1.80000000  0.00194273
 0.50000000  1.85000000  0.00758419
 0.50000000  1.90000000 -0.01586116
 0.50000000  1.95000000 -0.03446725
 0.50000000  2.00000000 -0.06482167
 0.50000000  2.05000000 -0.08859699
 0.50000000  2.10000000 -0.08417693
 0.50000000  2.15000000 -0.02708283
 0.50000000  2.20000000  0.06767352
 0.55000000 -0.25000000 -0.99660595
 0.55000000 -0.20000000 -1.06871564
 0.55000000 -0.15000000 -1.12427667
 0.55000000 -0.10000000 -1.16419156
 0.55000000 -0.05000000 -1.15648767
 0.55000000  0.00000000 -1.09307898
 0.55000000  0.05000000 -0.95644633
 0.55000000  0.10000000 -0.76742894
 0.55000000  0.15000000 -0.52105383
 0.55000000  0.20000000 -0.29507889
 0.55000000  0.25000000 -0.11053180
 0.55000000  0.30000000 -0.01017182
 0.55000000  0.35000000 -0.01493694
 0.55000000  0.40000000 -0.11760600
 0.55000000  0.45000000 -0.28592940
 0.55000000  0.50000000 -0.46597860
 0.55000000  0.55000000 -0.62452361
 0.55000000  0.60000000 -0.71318416
 0.55000000  0.65000000 -0.71224047
 0.55000000  0.70000000 -0.62330272
 0.55000000  0.75000000 -0.45782294
 0.55000000  0.80000000 -0.26038206
 0.55000000  0.85000000 -0.07616068
 0.55000000  0.90000000  0.07730829
 0.55000000  0.95000000  0.15593746
 0.55000000  1.00000000  0.16875918
 0.55000000  1.05000000  0.11706587
 0.55000000  1.10000000  0.04117160
 0.55000000  1.15000000 -0.04251086
 0.55000000  1.20000000 -0.11829581
 0.55000000  1.25000000 -0.15052499
 0.55000000  1.30000000 -0.14784933
 0.55000000  1.35000000 -0.12262059
 0.55000000  1.40000000 -0.08314086
 0.55000000  1.45000000 -0.04069316
 0.55000000  1.50000000 -0.01774844
 0.55000000  1.55000000  0.00828007
 0.55000000  1.60000000  0.03347103
 0.55000000  1.65000000  0.06433262
 0.55000000  1.70000000  0.10144873
 0.55000000  1.75000000  0.12066614
 0.55000000  1.80000000  0.11595265
 0.55000000  1.85000000  0.06329957
 0.55000000  1.90000000 -0.01458565
 0.55000000  1.95000000 -0.13875628
 0.55000000  2.00000000 -0.26573771
 0.55000000  2.05000000 -0.37147150
 0.55000000  2.10000000 -0.42223391
 0.55000000  2.15000000 -0.39329054
 0.55000000  2.20000000 -0.28783024
 0.60000000 -0.25000000 -1.22062798
 0.60000000 -0.20000000 -1.20586448
 0.60000000 -0.15000000 -1.17000835
 0.60000000 -0.10000000 -1.09994186
 0.60000000 -0.05000000 -0.97262244
 0.60000000  0.00000000 -0.78898495
 0.60000000  0.05000000 -0.55783574
 0.60000000  0.10000000 -0.28635352
 0.60000000  0.15000000 -0.00896565
 0.60000000  0.20000000  0.23071730
 0.60000000  0.25000000  0.38080832
 0.60000000  0.30000000  0.43927602
 0.60000000  0.35000000  0.37349415
 0.60000000  0.40000000  0.20572167
 0.60000000  0.45000000 -0.02592664
 0.60000000  0.50000000 -0.26554583
 0.60000000  0.55000000 -0.48215805
 0.60000000  0.60000000 -0.62268338
 0.60000000  0.65000000 -0.69354001
 0.60000000  0.70000000 -0.65975572
 0.60000000  0.75000000 -0.56666803
 0.60000000  0.80000000 -0.43587692
 0.60000000  0.85000000 -0.30080134
 0.60000000  0.90000000 -0.19346329
 0.60000000  0.95000000 -0.12822351
 0.60000000  1.00000000 -0.12656604
 0.60000000  1.05000000 -0.15514997
 0.60000000  1.10000000 -0.21298499
 0.60000000  1.15000000 -0.27577203
 0.60000000  1.20000000 -0.32396075
 0.60000000  1.25000000 -0.34162123
 0.60000000  1.30000000 -0.33402364
 0.60000000  1.35000000 -0.29874782
 0.60000000  1.40000000 -0.25050164
 0.60000000  1.45000000 -0.19144992
 0.60000000  1.50000000 -0.13571343
 0.60000000  1.55000000 -0.06998810
 0.60000000  1.60000000  0.01267303
 0.60000000  1.65000000  0.09991932
 0.60000000  1.70000000  0.17946135
 0.60000000  1.75000000  0.23290722
 0.60000000  1.80000000  0.21468708
 0.60000000  1.85000000  0.14574654
 0.60000000  1.90000000  0.00225891
 0.60000000  1.95000000 -0.20353691
 0.60000000  2.00000000 -0.41506214
 0.60000000  2.05000000 -0.59456665
 0.60000000  2.10000000 -0.69755165
 0.60000000  2.15000000 -0.70014463
 0.60000000  2.20000000 -0.61422165
 0.65000000 -0.25000000 -1.37425620
 0.65000000 -0.20000000 -1.30906201
 0.65000000 -0.15000000 -1.17826216
 0.65000000 -0.10000000 -1.00607675
 0.65000000 -0.05000000 -0.76845811
 0.65000000  0.00000000 -0.48730053
 0.65000000  0.05000000 -0.15805783
 0.65000000  0.10000000  0.17841568
 0.65000000  0.15000000  0.50379900
 0.65000000  0.20000000  0.75298501
 0.65000000  0.25000000  0.91329470
 0.65000000  0.30000000  0.94490269
 0.65000000  0.35000000  0.84278954
 0.65000000  0.40000000  0.63759838
 0.65000000  0.45000000  0.37187322
 0.65000000  0.50000000  0.07935532
 0.65000000  0.55000000 -0.19148952
 0.65000000  0.60000000 -0.40405003
 0.65000000  0.65000000 -0.54538801
 0.65000000  0.70000000 -0.60761297
 0.65000000  0.75000000 -0.59744644
 0.65000000  0.80000000 -0.54830862
 0.65000000  0.85000000 -0.48256421
 0.65000000  0.90000000 -0.42307091
 0.65000000  0.95000000 -0.38483770
 0.65000000  1.00000000 -0.38426049
 0.65000000  1.05000000 -0.41374937
 0.65000000  1.10000000 -0.46051852
 0.65000000  1.15000000 -0.50051811
 0.65000000  1.20000000 -0.53393077
 0.65000000  1.25000000 -0.53400097
 0.65000000  1.30000000 -0.51424048
 0.65000000  1.35000000 -0.47253195
 0.65000000  1.40000000 -0.42679946
 0.65000000  1.45000000 -0.35974216
 0.65000000  1.50000000 -0.27673856
 0.65000000  1.55000000 -0.17223945
 0.65000000  1.60000000 -0.04201681
 0.65000000  1.65000000  0.10701489
 0.65000000  1.70000000  0.23959630
 0.65000000  1.75000000  0.32129581
 0.65000000  1.80000000  0.32275396
 0.65000000  1.85000000  0.23503206
 0.65000000  1.90000000  0.05091182
 0.65000000  1.95000000 -0.19712473
 0.65000000  2.00000000 -0.46665882
 0.65000000  2.05000000 -0.70425300
 0.65000000  2.10000000 -0.85536432
 0.65000000  2.15000000 -0.90742136
 0.65000000  2.20000000 -0.83560240
 0.70000000 -0.25000000 -1.42287153
 0.70000000 -0.20000000 -1.31461390
 0.70000000 -0.15000000 -1.13898232
 0.70000000 -0.10000000 -0.89086665
 0.70000000 -0.05000000 -0.58361772
 0.70000000  0.00000000 -0.22015025
 0.70000000  0.05000000  0.17153053
 0.70000000  0.10000000  0.57399199
 0.70000000  0.15000000  0.94167504
 0.70000000  0.20000000  1.21622788
 0.70000000  0.25000000  1.39074051
 0.70000000  0.30000000  1.42204853
 0.70000000  0.35000000  1.31429172
 0.70000000  0.40000000  1.10556288
 0.70000000  0.45000000  0.81040075
 0.70000000  0.50000000  0.49164640
 0.70000000  0.55000000  0.17305745
 0.70000000  0.60000000 -0.10439145
 0.70000000  0.65000000 -0.32897445
 0.70000000  0.70000000 -0.48376898
 0.70000000  0.75000000 -0.57364753
 0.70000000  0.80000000 -0.60655520
 0.70000000  0.85000000 -0.60322648
 0.70000000  0.90000000 -0.59371785
 0.70000000  0.95000000 -0.58863364
 0.70000000  1.00000000 -0.60579752
 0.70000000  1.05000000 -0.63525063
 0.70000000  1.10000000 -0.66598934
 0.70000000  1.15000000 -0.69922988
 0.70000000  1.20000000 -0.71007413
 0.70000000  1.25000000 -0.69821527
 0.70000000  1.30000000 -0.66947955
 0.70000000  1.35000000 -0.62435463
 0.70000000  1.40000000 -0.57952813
 0.70000000  1.45000000 -0.50456705
 0.70000000  1.50000000 -0.40565589
 0.70000000  1.55000000 -0.26943744
 0.70000000  1.60000000 -0.10168738
 0.70000000  1.65000000  0.09095209
 0.70000000  1.70000000  0.25958954
 0.70000000  1.75000000  0.37961227
 0.70000000  1.80000000  0.41712094
 0.70000000  1.85000000  0.33847093
 0.70000000  1.90000000  0.15868028
 0.70000000  1.95000000 -0.09789351
 0.70000000  2.00000000 -0.39329550
 0.70000000  2.05000000 -0.66901960
 0.70000000  2.10000000 -0.87112798
 0.70000000  2.15000000 -0.96641092
 0.70000000  2.20000000 -0.94516618
 0.75000000 -0.25000000 -1.33758239
 0.75000000 -0.20000000 -1.22433669
 0.75000000 -0.15000000 -1.02691349
 0.75000000 -0.10000000 -0.76529817
 0.75000000 -0.05000000 -0.42178352
 0.75000000  0.00000000 -0.01872396
 0.75000000  0.05000000  0.41168768
 0.75000000  0.10000000  0.84329970
 0.75000000  0.15000000  1.23901789
 0.75000000  0.20000000  1.54540858
 0.75000000  0.25000000  1.72944961
 0.75000000  0.30000000  1.77968800
 0.75000000  0.35000000  1.70280731
 0.75000000  0.40000000  1.50088352
 0.75000000  0.45000000  1.21358749
 0.75000000  0.50000000  0.88222359
 0.75000000  0.55000000  0.53360025
 0.75000000  0.60000000  0.20296041
 0.75000000  0.65000000 -0.09474479
 0.75000000  0.70000000 -0.33406792
 0.75000000  0.75000000 -0.49908415
 0.75000000  0.80000000 -0.60883737
 0.75000000  0.85000000 -0.67017463
 0.75000000  0.90000000 -0.70202320
 0.75000000  0.95000000 -0.72746206
 0.75000000  1.00000000 -0.76269807
 0.75000000  1.05000000 -0.80116129
 0.75000000  1.10000000 -0.83392112
 0.75000000  1.15000000 -0.84393868
 0.75000000  1.20000000 -0.83570067
 0.75000000  1.25000000 -0.81935197
 0.75000000  1.30000000 -0.78261081
 0.75000000  1.35000000 -0.74162872
 0.75000000  1.40000000 -0.69163237
 0.75000000  1.45000000 -0.61901646
 0.75000000  1.50000000 -0.51858898
 0.75000000  1.55000000 -0.36405145
 0.75000000  1.60000000 -0.17385536
 0.75000000  1.65000000  0.03882360
 0.75000000  1.70000000  0.25141749
 0.75000000  1.75000000  0.40278772
 0.75000000  1.80000000  0.47242007
 0.75000000  1.85000000  0.43462727
 0.75000000  1.90000000  0.29456670
 0.75000000  1.95000000  0.05858896
 0.75000000  2.00000000 -0.22435461
 0.75000000  2.05000000 -0.51055851
 0.75000000  2.10000000 -0.74025352
 0.75000000  2.15000000 -0.87715260
 0.75000000  2.20000000 -0.90373788
 0.80000000 -0.25000000 -1.12309205
 0.80000000 -0.20000000 -1.03721877
 0.80000000 -0.15000000 -0.86816372
 0.80000000 -0.10000000 -0.62767214
 0.80000000 -0.05000000 -0.29211231
 0.80000000  0.00000000  0.09341012
 0.80000000  0.05000000  0.52509292
 0.80000000  0.10000000  0.96435129
 0.80000000  0.15000000  1.35216732
 0.80000000  0.20000000  1.67521670
 0.80000000  0.25000000  1.88951499
 0.80000000  0.30000000  1.96825287
 0.80000000  0.35000000  1.92502282
 0.80000000  0.40000000  1.75875140
 0.80000000  0.45000000  1.50888199
 0.80000000  0.50000000  1.19157179
 0.80000000  0.55000000  0.84179756
 0.80000000  0.60000000  0.47081917
 0.80000000  0.65000000  0.12888524
 0.80000000  0.70000000 -0.15593439
 0.80000000  0.75000000 -0.38671623
 0.80000000  0.80000000 -0.54427680
 0.80000000  0.85000000 -0.64270642
 0.80000000  0.90000000 -0.71751275
 0.80000000  0.95000000 -0.77169587
 0.80000000  1.00000000 -0.83199364
 0.80000000  1.05000000 -0.88039848
 0.80000000  1.10000000 -0.91506085
 0.80000000  1.15000000 -0.93070297
 0.80000000  1.20000000 -0.91661222
 0.80000000  1.25000000 -0.88415780
 0.80000000  1.30000000 -0.84374181
 0.80000000  1.35000000 -0.80946354
 0.80000000  1.40000000 -0.76305642
 0.80000000  1.45000000 -0.70240381
 0.80000000  1.50000000 -0.59896682
 0.80000000  1.55000000 -0.45797818
 0.80000000  1.60000000 -0.27201642
 0.80000000  1.65000000 -0.04939736
 0.80000000  1.70000000  0.17514511
 0.80000000  1.75000000  0.36157104
 0.80000000  1.80000000  0.47435874
 0.80000000  1.85000000  0.49830420
 0.80000000  1.90000000  0.41113573
 0.80000000  1.95000000  0.23169722
 0.80000000  2.00000000 -0.00460915
 0.80000000  2.05000000 -0.27057829
 0.80000000  2.10000000 -0.51094028
 0.80000000  2.15000000 -0.68091759
 0.80000000  2.20000000 -0.75332419
 0.85000000 -0.25000000 -0.81464418
 0.85000000 -0.20000000 -0.77627671
 0.85000000 -0.15000000 -0.67359734
 0.85000000 -0.10000000 -0.49035260
 0.85000000 -0.05000000 -0.21658570
 0.85000000  0.00000000  0.12310714
 0.85000000  0.05000000  0.50979462
 0.85000000  0.10000000  0.91528683
 0.85000000  0.15000000  1.29080218
 0.85000000  0.20000000  1.60814892
 0.85000000  0.25000000  1.82864043
 0.85000000  0.30000000  1.96415530
 0.85000000  0.35000000  1.96540826
 0.85000000  0.40000000  1.86172728
 0.85000000  0.45000000  1.66598144
 0.85000000  0.50000000  1.38178787
 0.85000000  0.55000000  1.03987147
 0.85000000  0.60000000  0.67851383
 0.85000000  0.65000000  0.31678102
 0.85000000  0.70000000  0.01320267
 0.85000000  0.75000000 -0.22851298
 0.85000000  0.80000000 -0.40862603
 0.85000000  0.85000000 -0.53310144
 0.85000000  0.90000000 -0.62552573
 0.85000000  0.95000000 -0.71198914
 0.85000000  1.00000000 -0.78676608
 0.85000000  1.05000000 -0.86919746
 0.85000000  1.10000000 -0.91919368
 0.85000000  1.15000000 -0.93965193
 0.85000000  1.20000000 -0.92668433
 0.85000000  1.25000000 -0.88790749
 0.85000000  1.30000000 -0.86050824
 0.85000000  1.35000000 -0.83170880
 0.85000000  1.40000000 -0.80511854
 0.85000000  1.45000000 -0.75907588
 0.85000000  1.50000000 -0.68627292
 0.85000000  1.55000000 -0.55870095
 0.85000000  1.60000000 -0.39108237
 0.85000000  1.65000000 -0.18002188
 0.85000000  1.70000000  0.03426245
 0.85000000  1.75000000  0.23271351
 0.85000000  1.80000000  0.38638755
 0.85000000  1.85000000  0.46841057
 0.85000000  1.90000000  0.44741621
 0.85000000  1.95000000  0.35134422
 0.85000000  2.00000000  0.17458105
 0.85000000  2.05000000 -0.03092275
 0.85000000  2.10000000 -0.24244670
 0.85000000  2.15000000 -0.41743289
 0.85000000  2.20000000 -0.52097064
 0.90000000 -0.25000000 -0.43367105
 0.90000000 -0.20000000 -0.47664784
 0.90000000 -0.15000000 -0.45555309
 0.90000000 -0.10000000 -0.35810265
 0.90000000 -0.05000000 -0.17832717
 0.90000000  0.00000000  0.07285489
 0.90000000  0.05000000  0.39020296
 0.90000000  0.10000000  0.73370023
 0.90000000  0.15000000  1.06785651
 0.90000000  0.20000000  1.36544481
 0.90000000  0.25000000  1.60157686
 0.90000000  0.30000000  1.77049865
 0.90000000  0.35000000  1.83311318
 0.90000000  0.40000000  1.80814760
 0.90000000  0.45000000  1.67541394
 0.90000000  0.50000000  1.45241575
 0.90000000  0.55000000  1.15672712
 0.90000000  0.60000000  0.82241016
 0.90000000  0.65000000  0.48469393
 0.90000000  0.70000000  0.19482892
 0.90000000  0.75000000 -0.03845651
 0.90000000  0.80000000 -0.21270456
 0.90000000  0.85000000 -0.32429387
 0.90000000  0.90000000 -0.43104222
 0.90000000  0.95000000 -0.53618398
 0.90000000  1.00000000 -0.64415536
 0.90000000  1.05000000 -0.75490534
 0.90000000  1.10000000 -0.82697435
 0.90000000  1.15000000 -0.87573574
 0.90000000  1.20000000 -0.87322159
 0.90000000  1.25000000 -0.85873632
 0.90000000  1.30000000 -0.83591530
 0.90000000  1.35000000 -0.82129565
 0.90000000  1.40000000 -0.81230296
 0.90000000  1.45000000 -0.79970156
 0.90000000  1.50000000 -0.76543550
 0.90000000  1.55000000 -0.67488293
 0.90000000  1.60000000 -0.54043836
 0.90000000  1.65000000 -0.37175076
 0.90000000  1.70000000 -0.17886533
 0.90000000  1.75000000  0.01214965
 0.90000000  1.80000000  0.17818723
 0.90000000  1.85000000  0.30124031
 0.90000000  1.90000000  0.36732992
 0.90000000  1.95000000  0.35400894
 0.90000000  2.00000000  0.27971827
 0.90000000  2.05000000  0.14612889
 0.90000000  2.10000000 -0.00861225
 0.90000000  2.15000000 -0.15141554
 0.90000000  2.20000000 -0.25603277
 0.95000000 -0.25000000 -0.02790353
 0.95000000 -0.20000000 -0.16309268
 0.95000000 -0.15000000 -0.24026552
 0.95000000 -0.10000000 -0.25483963
 0.95000000 -0.05000000 -0.17724826
 0.95000000  0.00000000 -0.02866740
 0.95000000  0.05000000  0.19790507
 0.95000000  0.10000000  0.45763546
 0.95000000  0.15000000  0.73003765
 0.95000000  0.20000000  0.99767349
 0.95000000  0.25000000  1.24152364
 0.95000000  0.30000000  1.44479167
 0.95000000  0.35000000  1.58019471
 0.95000000  0.40000000  1.63080413
 0.95000000  0.45000000  1.58303044
 0.95000000  0.50000000  1.42831896
 0.95000000  0.55000000  1.19712416
 0.95000000  0.60000000  0.91351255
 0.95000000  0.65000000  0.62515068
 0.95000000  0.70000000  0.37121600
 0.95000000  0.75000000  0.17522681
 0.95000000  0.80000000  0.03418128
 0.95000000  0.85000000 -0.06778593
 0.95000000  0.90000000 -0.16612977
 0.95000000  0.95000000 -0.27621777
 0.95000000  1.00000000 -0.41355740
 0.95000000  1.05000000 -0.55384814
 0.95000000  1.10000000 -0.66495240
 0.95000000  1.15000000 -0.74564347
 0.95000000  1.20000000 -0.77993745
 0.95000000  1.25000000 -0.78924506
 0.95000000  1.30000000 -0.78917516
 0.95000000  1.35000000 -0.80459762
 0.95000000  1.40000000 -0.82841656
 0.95000000  1.45000000 -0.84125177
 0.95000000  1.50000000 -0.84260940
 0.95000000  1.55000000 -0.80332079
 0.95000000  1.60000000 -0.73147056
 0.95000000  1.65000000 -0.61389946
 0.95000000  1.70000000 -0.48091020
 0.95000000  1.75000000 -0.32391769
 0.95000000  1.80000000 -0.15722382
 0.95000000  1.85000000  0.00112743
 0.95000000  1.90000000  0.13069667
 0.95000000  1.95000000  0.20821026
 0.95000000  2.00000000  0.23392376
 0.95000000  2.05000000  0.20718840
 0.95000000  2.10000000  0.13380627
 0.95000000  2.15000000  0.05541803
 0.95000000  2.20000000 -0.01933092
 1.00000000 -0.25000000  0.34199868
 1.00000000 -0.20000000  0.12620551
 1.00000000 -0.15000000 -0.05176080
 1.00000000 -0.10000000 -0.16644874
 1.00000000 -0.05000000 -0.19075090
 1.00000000  0.00000000 -0.14972718
 1.00000000  0.05000000 -0.03197465
 1.00000000  0.10000000  0.13512582
 1.00000000  0.15000000  0.34235566
 1.00000000  0.20000000  0.58572527
 1.00000000  0.25000000  0.83115983
 1.00000000  0.30000000  1.07153200
 1.00000000  0.35000000  1.27259748
 1.00000000  0.40000000  1.39958840
 1.00000000  0.45000000  1.43784653
 1.00000000  0.50000000  1.36498518
 1.00000000  0.55000000  1.19567735
 1.00000000  0.60000000  0.96995698
 1.00000000  0.65000000  0.73462140
 1.00000000  0.70000000  0.53150743
 1.00000000  0.75000000  0.38654575
 1.00000000  0.80000000  0.29321246
 1.00000000  0.85000000  0.21915198
 1.00000000  0.90000000  0.13843970
 1.00000000  0.95000000  0.01763272
 1.00000000  1.00000000 -0.13806479
 1.00000000  1.05000000 -0.30261504
 1.00000000  1.10000000 -0.46364023
 1.00000000  1.15000000 -0.58459824
 1.00000000  1.20000000 -0.66194241
 1.00000000  1.25000000 -0.71165638
 1.00000000  1.30000000 -0.74765144
 1.00000000  1.35000000 -0.79165847
 1.00000000  1.40000000 -0.84990119
 1.00000000  1.45000000 -0.90685520
 1.00000000  1.50000000 -0.94458004
 1.00000000  1.55000000 -0.96538256
 1.00000000  1.60000000 -0.96025347
 1.00000000  1.65000000 -0.92611805
 1.00000000  1.70000000 -0.85518734
 1.00000000  1.75000000 -0.74519421
 1.00000000  1.80000000 -0.60473044
 1.00000000  1.85000000 -0.42799171
 1.00000000  1.90000000 -0.24296962
 1.00000000  1.95000000 -0.07010939
 1.00000000  2.00000000  0.05649618
 1.00000000  2.05000000  0.13721118
 1.00000000  2.10000000  0.17005145
 1.00000000  2.15000000  0.16180912
 1.00000000  2.20000000  0.14095309
 1.05000000 -0.25000000  0.63812830
 1.05000000 -0.20000000  0.35224853
 1.05000000 -0.15000000  0.09946458
 1.05000000 -0.10000000 -0.11201237
 1.05000000 -0.05000000 -0.24251442
 1.05000000  0.00000000 -0.29059475
 1.05000000  0.05000000 -0.26993947
 1.05000000  0.10000000 -0.17935940
 1.05000000  0.15000000 -0.02595527
 1.05000000  0.20000000  0.18715445
 1.05000000  0.25000000  0.43863601
 1.05000000  0.30000000  0.71446817
 1.05000000  0.35000000  0.98332221
 1.05000000  0.40000000  1.19067109
 1.05000000  0.45000000  1.29020864
 1.05000000  0.50000000  1.28598028
 1.05000000  0.55000000  1.17992733
 1.05000000  0.60000000  0.99643215
 1.05000000  0.65000000  0.80733629
 1.05000000  0.70000000  0.64784160
 1.05000000  0.75000000  0.54173449
 1.05000000  0.80000000  0.49309623
 1.05000000  0.85000000  0.46093536
 1.05000000  0.90000000  0.40080422
 1.05000000  0.95000000  0.30132935
 1.05000000  1.00000000  0.13538869
 1.05000000  1.05000000 -0.05166681
 1.05000000  1.10000000 -0.24096316
 1.05000000  1.15000000 -0.41024348
 1.05000000  1.20000000 -0.54179920
 1.05000000  1.25000000 -0.63935166
 1.05000000  1.30000000 -0.72324819
 1.05000000  1.35000000 -0.80367193
 1.05000000  1.40000000 -0.89059738
 1.05000000  1.45000000 -0.97613175
 1.05000000  1.50000000 -1.07215357
 1.05000000  1.55000000 -1.15590662
 1.05000000  1.60000000 -1.22190539
 1.05000000  1.65000000 -1.27195974
 1.05000000  1.70000000 -1.28709793
 1.05000000  1.75000000 -1.23736411
 1.05000000  1.80000000 -1.11073123
 1.05000000  1.85000000 -0.93085076
 1.05000000  1.90000000 -0.69143143
 1.05000000  1.95000000 -0.45161911
 1.05000000  2.00000000 -0.21539926
 1.05000000  2.05000000 -0.02787963
 1.05000000  2.10000000  0.09806707
 1.05000000  2.15000000  0.17152962
 1.05000000  2.20000000  0.21464658
 1.10000000 -0.25000000  0.84008388
 1.10000000 -0.20000000  0.49851254
 1.10000000 -0.15000000  0.17451231
 1.10000000 -0.10000000 -0.09413819
 1.10000000 -0.05000000 -0.29720467
 1.10000000  0.00000000 -0.42109885
 1.10000000  0.05000000 -0.47467616
 1.10000000  0.10000000 -0.44753371
 1.10000000  0.15000000 -0.33498670
 1.10000000  0.20000000 -0.13833047
 1.10000000  0.25000000  0.13021899
 1.10000000  0.30000000  0.44751159
 1.10000000  0.35000000  0.76682857
 1.10000000  0.40000000  1.02661807
 1.10000000  0.45000000  1.19228166
 1.10000000  0.50000000  1.23297784
 1.10000000  0.55000000  1.16284429
 1.10000000  0.60000000  1.00621869
 1.10000000  0.65000000  0.84213771
 1.10000000  0.70000000  0.69607528
 1.10000000  0.75000000  0.62122115
 1.10000000  0.80000000  0.60088881
 1.10000000  0.85000000  0.60181952
 1.10000000  0.90000000  0.58590527
 1.10000000  0.95000000  0.51539400
 1.10000000  1.00000000  0.36340943
 1.10000000  1.05000000  0.17105572
 1.10000000  1.10000000 -0.05195802
 1.10000000  1.15000000 -0.25604704
 1.10000000  1.20000000 -0.43219313
 1.10000000  1.25000000 -0.58072234
 1.10000000  1.30000000 -0.70706295
 1.10000000  1.35000000 -0.83228994
 1.10000000  1.40000000 -0.95373988
 1.10000000  1.45000000 -1.08732483
 1.10000000  1.50000000 -1.22741474
 1.10000000  1.55000000 -1.37174087
 1.10000000  1.60000000 -1.51329701
 1.10000000  1.65000000 -1.63748178
 1.10000000  1.70000000 -1.72697073
 1.10000000  1.75000000 -1.72160208
 1.10000000  1.80000000 -1.62693192
 1.10000000  1.85000000 -1.43249927
 1.10000000  1.90000000 -1.15011326
 1.10000000  1.95000000 -0.83922793
 1.10000000  2.00000000 -0.52431931
 1.10000000  2.05000000 -0.25224780
 1.10000000  2.10000000 -0.03729699
 1.10000000  2.15000000  0.11210273
 1.10000000  2.20000000  0.19886425
 1.15000000 -0.25000000  0.92367207
 1.15000000 -0.20000000  0.56183927
 1.15000000 -0.15000000  0.19781289
 1.15000000 -0.10000000 -0.11597104
 1.15000000 -0.05000000 -0.36385780
 1.15000000  0.00000000 -0.53880889
 1.15000000  0.05000000 -0.63734457
 1.15000000  0.10000000 -0.64410675
 1.15000000  0.15000000 -0.54421231
 1.15000000  0.20000000 -0.34664569
 1.15000000  0.25000000 -0.05627140
 1.15000000  0.30000000  0.29964375
 1.15000000  0.35000000  0.66102174
 1.15000000  0.40000000  0.97381533
 1.15000000  0.45000000  1.16113641
 1.15000000  0.50000000  1.22354376
 1.15000000  0.55000000  1.15850137
 1.15000000  0.60000000  0.99632578
 1.15000000  0.65000000  0.81976060
 1.15000000  0.70000000  0.67858869
 1.15000000  0.75000000  0.60695721
 1.15000000  0.80000000  0.60306406
 1.15000000  0.85000000  0.64870799
 1.15000000  0.90000000  0.66220455
 1.15000000  0.95000000  0.62323502
 1.15000000  1.00000000  0.50793252
 1.15000000  1.05000000  0.31876657
 1.15000000  1.10000000  0.09623164
 1.15000000  1.15000000 -0.15087319
 1.15000000  1.20000000 -0.35929288
 1.15000000  1.25000000 -0.54609909
 1.15000000  1.30000000 -0.71367065
 1.15000000  1.35000000 -0.87281762
 1.15000000  1.40000000 -1.03157194
 1.15000000  1.45000000 -1.20513879
 1.15000000  1.50000000 -1.39649693
 1.15000000  1.55000000 -1.59520391
 1.15000000  1.60000000 -1.81392616
 1.15000000  1.65000000 -2.00237561
 1.15000000  1.70000000 -2.12921533
 1.15000000  1.75000000 -2.16907459
 1.15000000  1.80000000 -2.07348062
 1.15000000  1.85000000 -1.86147780
 1.15000000  1.90000000 -1.54875439
 1.15000000  1.95000000 -1.17968877
 1.15000000  2.00000000 -0.80277870
 1.15000000  2.05000000 -0.47423672
 1.15000000  2.10000000 -0.20611585
 1.15000000  2.15000000 -0.00773477
 1.15000000  2.20000000  0.11501796
 1.20000000 -0.25000000  0.91588086
 1.20000000 -0.20000000  0.54710922
 1.20000000 -0.15000000  0.17320810
 1.20000000 -0.10000000 -0.14641878
 1.20000000 -0.05000000 -0.41081168
 1.20000000  0.00000000 -0.60218221
 1.20000000  0.05000000 -0.72296498
 1.20000000  0.10000000 -0.72932820
 1.20000000  0.15000000 -0.63722837
 1.20000000  0.20000000 -0.42002061
 1.20000000  0.25000000 -0.09219106
 1.20000000  0.30000000  0.29388094
 1.20000000  0.35000000  0.68193012
 1.20000000  0.40000000  1.01869951
 1.20000000  0.45000000  1.22005127
 1.20000000  0.50000000  1.27277455
 1.20000000  0.55000000  1.17145916
 1.20000000  0.60000000  0.98009004
 1.20000000  0.65000000  0.76838952
 1.20000000  0.70000000  0.59517983
 1.20000000  0.75000000  0.50851017
 1.20000000  0.80000000  0.51661816
 1.20000000  0.85000000  0.56556129
 1.20000000  0.90000000  0.62069169
 1.20000000  0.95000000  0.61830847
 1.20000000  1.00000000  0.53657345
 1.20000000  1.05000000  0.37552138
 1.20000000  1.10000000  0.14885168
 1.20000000  1.15000000 -0.08920664
 1.20000000  1.20000000 -0.32190834
 1.20000000  1.25000000 -0.53404223
 1.20000000  1.30000000 -0.72868098
 1.20000000  1.35000000 -0.91095797
 1.20000000  1.40000000 -1.10641791
 1.20000000  1.45000000 -1.31577240
 1.20000000  1.50000000 -1.56122982
 1.20000000  1.55000000 -1.82016769
 1.20000000  1.60000000 -2.08546292
 1.20000000  1.65000000 -2.32446970
 1.20000000  1.70000000 -2.47666931
 1.20000000  1.75000000 -2.50816565
 1.20000000  1.80000000 -2.39834318
 1.20000000  1.85000000 -2.15651147
 1.20000000  1.90000000 -1.80176566
 1.20000000  1.95000000 -1.40485994
 1.20000000  2.00000000 -1.00569561
 1.20000000  2.05000000 -0.63713877
 1.20000000  2.10000000 -0.35791681
 1.20000000  2.15000000 -0.14130996
 1.20000000  2.20000000 -0.00579353
 1.25000000 -0.25000000  0.84738654
 1.25000000 -0.20000000  0.48738449
 1.25000000 -0.15000000  0.13963801
 1.25000000 -0.10000000 -0.17217057
 1.25000000 -0.05000000 -0.42851558
 1.25000000  0.00000000 -0.62504617
 1.25000000  0.05000000 -0.71803997
 1.25000000  0.10000000 -0.72219481
 1.25000000  0.15000000 -0.60896597
 1.25000000  0.20000000 -0.37523960
 1.25000000  0.25000000 -0.02903219
 1.25000000  0.30000000  0.39593221
 1.25000000  0.35000000  0.80592826
 1.25000000  0.40000000  1.14619911
 1.25000000  0.45000000  1.34126442
 1.25000000  0.50000000  1.36514935
 1.25000000  0.55000000  1.22550185
 1.25000000  0.60000000  0.97336999
 1.25000000  0.65000000  0.69808134
 1.25000000  0.70000000  0.48018773
 1.25000000  0.75000000  0.35663534
 1.25000000  0.80000000  0.35377754
 1.25000000  0.85000000  0.40589682
 1.25000000  0.90000000  0.47797187
 1.25000000  0.95000000  0.51039272
 1.25000000  1.00000000  0.45987172
 1.25000000  1.05000000  0.32465071
 1.25000000  1.10000000  0.13577328
 1.25000000  1.15000000 -0.09481650
 1.25000000  1.20000000 -0.32708891
 1.25000000  1.25000000 -0.53834085
 1.25000000  1.30000000 -0.73625920
 1.25000000  1.35000000 -0.94203827
 1.25000000  1.40000000 -1.15331104
 1.25000000  1.45000000 -1.40035817
 1.25000000  1.50000000 -1.68062914
 1.25000000  1.55000000 -1.99301697
 1.25000000  1.60000000 -2.29529816
 1.25000000  1.65000000 -2.54723925
 1.25000000  1.70000000 -2.69216737
 1.25000000  1.75000000 -2.70124508
 1.25000000  1.80000000 -2.56009364
 1.25000000  1.85000000 -2.26635311
 1.25000000  1.90000000 -1.89602659
 1.25000000  1.95000000 -1.46927986
 1.25000000  2.00000000 -1.07004330
 1.25000000  2.05000000 -0.72350267
 1.25000000  2.10000000 -0.44546191
 1.25000000  2.15000000 -0.24377331
 1.25000000  2.20000000 -0.11120509
 1.30000000 -0.25000000  0.76104777
 1.30000000 -0.20000000  0.44028213
 1.30000000 -0.15000000  0.11994670
 1.30000000 -0.10000000 -0.14616274
 1.30000000 -0.05000000 -0.37405654
 1.30000000  0.00000000 -0.54162143
 1.30000000  0.05000000 -0.62728749
 1.30000000  0.10000000 -0.61835927
 1.30000000  0.15000000 -0.48981731
 1.30000000  0.20000000 -0.23513550
 1.30000000  0.25000000  0.13430306
 1.30000000  0.30000000  0.56757427
 1.30000000  0.35000000  0.98898320
 1.30000000  0.40000000  1.32881408
 1.30000000  0.45000000  1.49587914
 1.30000000  0.50000000  1.48337103
 1.30000000  0.55000000  1.28979208
 1.30000000  0.60000000  0.98628820
 1.30000000  0.65000000  0.65596220
 1.30000000  0.70000000  0.38299901
 1.30000000  0.75000000  0.21593466
 1.30000000  0.80000000  0.16426083
 1.30000000  0.85000000  0.21514775
 1.30000000  0.90000000  0.28733316
 1.30000000  0.95000000  0.33144717
 1.30000000  1.00000000  0.31670058
 1.30000000  1.05000000  0.21814139
 1.30000000  1.10000000  0.05194452
 1.30000000  1.15000000 -0.13905819
 1.30000000  1.20000000 -0.35151845
 1.30000000  1.25000000 -0.54435032
 1.30000000  1.30000000 -0.73982691
 1.30000000  1.35000000 -0.93637612
 1.30000000  1.40000000 -1.15933177
 1.30000000  1.45000000 -1.42631493
 1.30000000  1.50000000 -1.73604320
 1.30000000  1.55000000 -2.07540008
 1.30000000  1.60000000 -2.39133214
 1.30000000  1.65000000 -2.64441650
 1.30000000  1.70000000 -2.76307000
 1.30000000  1.75000000 -2.72162576
 1.30000000  1.80000000 -2.52859514
 1.30000000  1.85000000 -2.20322737
 1.30000000  1.90000000 -1.80723360
 1.30000000  1.95000000 -1.39458024
 1.30000000  2.00000000 -1.01935248
 1.30000000  2.05000000 -0.70248541
 1.30000000  2.10000000 -0.45712121
 1.30000000  2.15000000 -0.28504866
 1.30000000  2.20000000 -0.16590766
 1.35000000 -0.25000000  0.70309281
 1.35000000 -0.20000000  0.42613209
 1.35000000 -0.15000000  0.16757279
 1.35000000 -0.10000000 -0.05827966
 1.35000000 -0.05000000 -0.25008682
 1.35000000  0.00000000 -0.38111443
 1.35000000  0.05000000 -0.45816821
 1.35000000  0.10000000 -0.44539547
 1.35000000  0.15000000 -0.31821517
 1.35000000  0.20000000 -0.05559842
 1.35000000  0.25000000  0.31505093
 1.35000000  0.30000000  0.75472122
 1.35000000  0.35000000  1.17461216
 1.35000000  0.40000000  1.50498666
 1.35000000  0.45000000  1.65335866
 1.35000000  0.50000000  1.61529088
 1.35000000  0.55000000  1.38176393
 1.35000000  0.60000000  1.03510369
 1.35000000  0.65000000  0.65172466
 1.35000000  0.70000000  0.33677066
 1.35000000  0.75000000  0.11645599
 1.35000000  0.80000000  0.04079176
 1.35000000  0.85000000  0.04448942
 1.35000000  0.90000000  0.11395336
 1.35000000  0.95000000  0.16213713
 1.35000000  1.00000000  0.16338554
 1.35000000  1.05000000  0.09978540
 1.35000000  1.10000000 -0.03328576
 1.35000000  1.15000000 -0.19629907
 1.35000000  1.20000000 -0.36462375
 1.35000000  1.25000000 -0.53026785
 1.35000000  1.30000000 -0.69883820
 1.35000000  1.35000000 -0.88096244
 1.35000000  1.40000000 -1.09711677
 1.35000000  1.45000000 -1.37048534
 1.35000000  1.50000000 -1.70276982
 1.35000000  1.55000000 -2.04261826
 1.35000000  1.60000000 -2.35335390
 1.35000000  1.65000000 -2.57328334
 1.35000000  1.70000000 -2.64886050
 1.35000000  1.75000000 -2.55384670
 1.35000000  1.80000000 -2.30714109
 1.35000000  1.85000000 -1.95538064
 1.35000000  1.90000000 -1.55299207
 1.35000000  1.95000000 -1.16511347
 1.35000000  2.00000000 -0.84574550
 1.35000000  2.05000000 -0.59051851
 1.35000000  2.10000000 -0.39721954
 1.35000000  2.15000000 -0.25272485
 1.35000000  2.20000000 -0.14495586
 1.40000000 -0.25000000  0.70326013
 1.40000000 -0.20000000  0.47750059
 1.40000000 -0.15000000  0.27949610
 1.40000000 -0.10000000  0.11010552
 1.40000000 -0.05000000 -0.04720787
 1.40000000  0.00000000 -0.17090428
 1.40000000  0.05000000 -0.24429890
 1.40000000  0.10000000 -0.24931180
 1.40000000  0.15000000 -0.13517899
 1.40000000  0.20000000  0.10369395
 1.40000000  0.25000000  0.47169500
 1.40000000  0.30000000  0.90149185
 1.40000000  0.35000000  1.32099310
 1.40000000  0.40000000  1.64128801
 1.40000000  0.45000000  1.79287137
 1.40000000  0.50000000  1.73306750
 1.40000000  0.55000000  1.48683108
 1.40000000  0.60000000  1.12380283
 1.40000000  0.65000000  0.71958961
 1.40000000  0.70000000  0.36037113
 1.40000000  0.75000000  0.12093862
 1.40000000  0.80000000 -0.00223225
 1.40000000  0.85000000 -0.02174168
 1.40000000  0.90000000  0.01832402
 1.40000000  0.95000000  0.06233202
 1.40000000  1.00000000  0.06575292
 1.40000000  1.05000000  0.01227970
 1.40000000  1.10000000 -0.08323280
 1.40000000  1.15000000 -0.22005162
 1.40000000  1.20000000 -0.34232200
 1.40000000  1.25000000 -0.46963871
 1.40000000  1.30000000 -0.60587953
 1.40000000  1.35000000 -0.75555519
 1.40000000  1.40000000 -0.96873794
 1.40000000  1.45000000 -1.22897675
 1.40000000  1.50000000 -1.54763025
 1.40000000  1.55000000 -1.87795590
 1.40000000  1.60000000 -2.16755730
 1.40000000  1.65000000 -2.34589859
 1.40000000  1.70000000 -2.35552193
 1.40000000  1.75000000 -2.20966238
 1.40000000  1.80000000 -1.92209442
 1.40000000  1.85000000 -1.56170729
 1.40000000  1.90000000 -1.17657031
 1.40000000  1.95000000 -0.84711399
 1.40000000  2.00000000 -0.58232015
 1.40000000  2.05000000 -0.39334415
 1.40000000  2.10000000 -0.25280602
 1.40000000  2.15000000 -0.15096004
 1.40000000  2.20000000 -0.05633536
 1.45000000 -0.25000000  0.75281135
 1.45000000 -0.20000000  0.58485086
 1.45000000 -0.15000000  0.44387955
 1.45000000 -0.10000000  0.30205711
 1.45000000 -0.05000000  0.16572669
 1.45000000  0.00000000  0.04537146
 1.45000000  0.05000000 -0.04876000
 1.45000000  0.10000000 -0.08169377
 1.45000000  0.15000000 -0.00383104
 1.45000000  0.20000000  0.20363440
 1.45000000  0.25000000  0.54880348
 1.45000000  0.30000000  0.96178106
 1.45000000  0.35000000  1.38377285
 1.45000000  0.40000000  1.71292702
 1.45000000  0.45000000  1.87148900
 1.45000000  0.50000000  1.82825437
 1.45000000  0.55000000  1.60368154
 1.45000000  0.60000000  1.24433078
 1.45000000  0.65000000  0.84951897
 1.45000000  0.70000000  0.49027313
 1.45000000  0.75000000  0.21944006
 1.45000000  0.80000000  0.07733705
 1.45000000  0.85000000  0.02916901
 1.45000000  0.90000000  0.05442719
 1.45000000  0.95000000  0.07301750
 1.45000000  1.00000000  0.07140435
 1.45000000  1.05000000  0.03201206
 1.45000000  1.10000000 -0.05287384
 1.45000000  1.15000000 -0.15074549
 1.45000000  1.20000000 -0.25572953
 1.45000000  1.25000000 -0.35690910
 1.45000000  1.30000000 -0.46038768
 1.45000000  1.35000000 -0.59589922
 1.45000000  1.40000000 -0.78017406
 1.45000000  1.45000000 -1.01911436
 1.45000000  1.50000000 -1.31798891
 1.45000000  1.55000000 -1.61013541
 1.45000000  1.60000000 -1.84279809
 1.45000000  1.65000000 -1.96155024
 1.45000000  1.70000000 -1.93247186
 1.45000000  1.75000000 -1.73513301
 1.45000000  1.80000000 -1.43083649
 1.45000000  1.85000000 -1.08089273
 1.45000000  1.90000000 -0.74182999
 1.45000000  1.95000000 -0.47828456
 1.45000000  2.00000000 -0.28488904
 1.45000000  2.05000000 -0.16360153
 1.45000000  2.10000000 -0.06917254
 1.45000000  2.15000000  0.00561764
 1.45000000  2.20000000  0.09637723
 1.50000000 -0.25000000  0.83894868
 1.50000000 -0.20000000  0.71295553
 1.50000000 -0.15000000  0.60027135
 1.50000000 -0.10000000  0.48659733
 1.50000000 -0.05000000  0.34711548
 1.50000000  0.00000000  0.20969392
 1.50000000  0.05000000  0.07707574
 1.50000000  0.10000000  0.00452417
 1.50000000  0.15000000  0.03218009
 1.50000000  0.20000000  0.20298886
 1.50000000  0.25000000  0.51698755
 1.50000000  0.30000000  0.93341243
 1.50000000  0.35000000  1.34606706
 1.50000000  0.40000000  1.69398158
 1.50000000  0.45000000  1.88109267
 1.50000000  0.50000000  1.89372563
 1.50000000  0.55000000  1.70263455
 1.50000000  0.60000000  1.38357183
 1.50000000  0.65000000  1.02483148
 1.50000000  0.70000000  0.68834863
 1.50000000  0.75000000  0.42914391
 1.50000000  0.80000000  0.26988955
 1.50000000  0.85000000  0.20703250
 1.50000000  0.90000000  0.19453163
 1.50000000  0.95000000  0.20912202
 1.50000000  1.00000000  0.19657934
 1.50000000  1.05000000  0.15119025
 1.50000000  1.10000000  0.07035353
 1.50000000  1.15000000 -0.02151293
 1.50000000  1.20000000 -0.11325559
 1.50000000  1.25000000 -0.19718070
 1.50000000  1.30000000 -0.28486658
 1.50000000  1.35000000 -0.40613977
 1.50000000  1.40000000 -0.57316192
 1.50000000  1.45000000 -0.78645109
 1.50000000  1.50000000 -1.03941707
 1.50000000  1.55000000 -1.27072532
 1.50000000  1.60000000 -1.45465793
 1.50000000  1.65000000 -1.50988488
 1.50000000  1.70000000 -1.42951771
 1.50000000  1.75000000 -1.21569814
 1.50000000  1.80000000 -0.91459704
 1.50000000  1.85000000 -0.60387113
 1.50000000  1.90000000 -0.32399888
 1.50000000  1.95000000 -0.12546649
 1.50000000  2.00000000 -0.00842753
 1.50000000  2.05000000  0.06321070
 1.50000000  2.10000000  0.11058591
 1.50000000  2.15000000  0.16838066
 1.50000000  2.20000000  0.26332615
 1.55000000 -0.25000000  0.92640947
 1.55000000 -0.20000000  0.80969976
 1.55000000 -0.15000000  0.70367031
 1.55000000 -0.10000000  0.57972080
 1.55000000 -0.05000000  0.42853211
 1.55000000  0.00000000  0.25723264
 1.55000000  0.05000000  0.08348582
 1.55000000  0.10000000 -0.03564365
 1.55000000  0.15000000 -0.05670062
 1.55000000  0.20000000  0.07851262
 1.55000000  0.25000000  0.37025763
 1.55000000  0.30000000  0.77164838
 1.55000000  0.35000000  1.20001674
 1.55000000  0.40000000  1.57961978
 1.55000000  0.45000000  1.82082001
 1.55000000  0.50000000  1.87721444
 1.55000000  0.55000000  1.76384220
 1.55000000  0.60000000  1.50770638
 1.55000000  0.65000000  1.20690610
 1.55000000  0.70000000  0.91370220
 1.55000000  0.75000000  0.67786561
 1.55000000  0.80000000  0.52970879
 1.55000000  0.85000000  0.45533632
 1.55000000  0.90000000  0.44318051
 1.55000000  0.95000000  0.43196635
 1.55000000  1.00000000  0.39597044
 1.55000000  1.05000000  0.34725161
 1.55000000  1.10000000  0.26142311
 1.55000000  1.15000000  0.16206704
 1.55000000  1.20000000  0.05416522
 1.55000000  1.25000000 -0.04097902
 1.55000000  1.30000000 -0.13818350
 1.55000000  1.35000000 -0.25221056
 1.55000000  1.40000000 -0.39406910
 1.55000000  1.45000000 -0.57407880
 1.55000000  1.50000000 -0.76836142
 1.55000000  1.55000000 -0.94114537
 1.55000000  1.60000000 -1.04600929
 1.55000000  1.65000000 -1.04589835
 1.55000000  1.70000000 -0.93974857
 1.55000000  1.75000000 -0.72236549
 1.55000000  1.80000000 -0.44878965
 1.55000000  1.85000000 -0.18788148
 1.55000000  1.90000000  0.00963870
 1.55000000  1.95000000  0.14696036
 1.55000000  2.00000000  0.20604671
 1.55000000  2.05000000  0.23640695
 1.55000000  2.10000000  0.25962519
 1.55000000  2.15000000  0.31798855
 1.55000000  2.20000000  0.40986551
 1.60000000 -0.25000000  0.95118930
 1.60000000 -0.20000000  0.82077064
 1.60000000 -0.15000000  0.69931622
 1.60000000 -0.10000000  0.55493783
 1.60000000 -0.05000000  0.37561886
 1.60000000  0.00000000  0.15915594
 1.60000000  0.05000000 -0.05705057
 1.60000000  0.10000000 -0.22546487
 1.60000000  0.15000000 -0.27338723
 1.60000000  0.20000000 -0.16541232
 1.60000000  0.25000000  0.10732187
 1.60000000  0.30000000  0.50607602
 1.60000000  0.35000000  0.95865363
 1.60000000  0.40000000  1.37631674
 1.60000000  0.45000000  1.66870932
 1.60000000  0.50000000  1.80028737
 1.60000000  0.55000000  1.76047590
 1.60000000  0.60000000  1.60123655
 1.60000000  0.65000000  1.36461630
 1.60000000  0.70000000  1.12985217
 1.60000000  0.75000000  0.93952055
 1.60000000  0.80000000  0.79850473
 1.60000000  0.85000000  0.73317817
 1.60000000  0.90000000  0.70640586
 1.60000000  0.95000000  0.67040264
 1.60000000  1.00000000  0.62540519
 1.60000000  1.05000000  0.54928855
 1.60000000  1.10000000  0.44137032
 1.60000000  1.15000000  0.31778693
 1.60000000  1.20000000  0.19250604
 1.60000000  1.25000000  0.07389674
 1.60000000  1.30000000 -0.03762550
 1.60000000  1.35000000 -0.16054256
 1.60000000  1.40000000 -0.28679197
 1.60000000  1.45000000 -0.42888475
 1.60000000  1.50000000 -0.56114730
 1.60000000  1.55000000 -0.65903379
 1.60000000  1.60000000 -0.70171016
 1.60000000  1.65000000 -0.64400668
 1.60000000  1.70000000 -0.51636512
 1.60000000  1.75000000 -0.32134351
 1.60000000  1.80000000 -0.09953277
 1.60000000  1.85000000  0.09378453
 1.60000000  1.90000000  0.23104142
 1.60000000  1.95000000  0.30031332
 1.60000000  2.00000000  0.32041688
 1.60000000  2.05000000  0.32511444
 1.60000000  2.10000000  0.34633999
 1.60000000  2.15000000  0.41435941
 1.60000000  2.20000000  0.51545319
 1.65000000 -0.25000000  0.87756849
 1.65000000 -0.20000000  0.72417492
 1.65000000 -0.15000000  0.56874319
 1.65000000 -0.10000000  0.38648039
 1.65000000 -0.05000000  0.17074174
 1.65000000  0.00000000 -0.08816906
 1.65000000  0.05000000 -0.33370352
 1.65000000  0.10000000 -0.53773434
 1.65000000  0.15000000 -0.61064436
 1.65000000  0.20000000 -0.52104008
 1.65000000  0.25000000 -0.25386611
 1.65000000  0.30000000  0.15842459
 1.65000000  0.35000000  0.63547273
 1.65000000  0.40000000  1.09645488
 1.65000000  0.45000000  1.44841962
 1.65000000  0.50000000  1.65553003
 1.65000000  0.55000000  1.70116094
 1.65000000  0.60000000  1.61847309
 1.65000000  0.65000000  1.47376166
 1.65000000  0.70000000  1.29611707
 1.65000000  0.75000000  1.14623620
 1.65000000  0.80000000  1.03591756
 1.65000000  0.85000000  0.97653791
 1.65000000  0.90000000  0.91443556
 1.65000000  0.95000000  0.86865152
 1.65000000  1.00000000  0.80423969
 1.65000000  1.05000000  0.69474450
 1.65000000  1.10000000  0.55364089
 1.65000000  1.15000000  0.40082132
 1.65000000  1.20000000  0.24853342
 1.65000000  1.25000000  0.10193889
 1.65000000  1.30000000 -0.03526699
 1.65000000  1.35000000 -0.16488446
 1.65000000  1.40000000 -0.27011906
 1.65000000  1.45000000 -0.37488153
 1.65000000  1.50000000 -0.43923628
 1.65000000  1.55000000 -0.46908994
 1.65000000  1.60000000 -0.43736840
 1.65000000  1.65000000 -0.35145750
 1.65000000  1.70000000 -0.21308049
 1.65000000  1.75000000 -0.04994214
 1.65000000  1.80000000  0.11386744
 1.65000000  1.85000000  0.23303842
 1.65000000  1.90000000  0.30591901
 1.65000000  1.95000000  0.33188796
 1.65000000  2.00000000  0.32443608
 1.65000000  2.05000000  0.33117621
 1.65000000  2.10000000  0.36665050
 1.65000000  2.15000000  0.45041308
 1.65000000  2.20000000  0.56197663
 1.70000000 -0.25000000  0.69150106
 1.70000000 -0.20000000  0.50847338
 1.70000000 -0.15000000  0.32032037
 1.70000000 -0.10000000  0.11180183
 1.70000000 -0.05000000 -0.13863452
 1.70000000  0.00000000 -0.42222425
 1.70000000  0.05000000 -0.70698850
 1.70000000  0.10000000 -0.93401072
 1.70000000  0.15000000 -1.02172040
 1.70000000  0.20000000 -0.93498794
 1.70000000  0.25000000 -0.66316573
 1.70000000  0.30000000 -0.23932151
 1.70000000  0.35000000  0.26565684
 1.70000000  0.40000000  0.76877136
 1.70000000  0.45000000  1.18554830
 1.70000000  0.50000000  1.45929184
 1.70000000  0.55000000  1.58485738
 1.70000000  0.60000000  1.59093306
 1.70000000  0.65000000  1.50863060
 1.70000000  0.70000000  1.39471050
 1.70000000  0.75000000  1.27682111
 1.70000000  0.80000000  1.18545864
 1.70000000  0.85000000  1.11460097
 1.70000000  0.90000000  1.03949102
 1.70000000  0.95000000  0.96224156
 1.70000000  1.00000000  0.85393296
 1.70000000  1.05000000  0.71115166
 1.70000000  1.10000000  0.55513759
 1.70000000  1.15000000  0.37996986
 1.70000000  1.20000000  0.19636056
 1.70000000  1.25000000  0.02659796
 1.70000000  1.30000000 -0.12678645
 1.70000000  1.35000000 -0.25055661
 1.70000000  1.40000000 -0.34400590
 1.70000000  1.45000000 -0.39397813
 1.70000000  1.50000000 -0.40011249
 1.70000000  1.55000000 -0.35432949
 1.70000000  1.60000000 -0.26911035
 1.70000000  1.65000000 -0.15601133
 1.70000000  1.70000000 -0.02654407
 1.70000000  1.75000000  0.09474009
 1.70000000  1.80000000  0.18134580
 1.70000000  1.85000000  0.23926520
 1.70000000  1.90000000  0.25101372
 1.70000000  1.95000000  0.24836163
 1.70000000  2.00000000  0.23740605
 1.70000000  2.05000000  0.25587233
 1.70000000  2.10000000  0.31579745
 1.70000000  2.15000000  0.42153108
 1.70000000  2.20000000  0.55690536
 1.75000000 -0.25000000  0.40989808
 1.75000000 -0.20000000  0.20817644
 1.75000000 -0.15000000  0.00901223
 1.75000000 -0.10000000 -0.21748612
 1.75000000 -0.05000000 -0.48961038
 1.75000000  0.00000000 -0.79423515
 1.75000000  0.05000000 -1.09610973
 1.75000000  0.10000000 -1.33480497
 1.75000000  0.15000000 -1.43495196
 1.75000000  0.20000000 -1.34533412
 1.75000000  0.25000000 -1.07291261
 1.75000000  0.30000000 -0.63838128
 1.75000000  0.35000000 -0.09966353
 1.75000000  0.40000000  0.43914615
 1.75000000  0.45000000  0.90655908
 1.75000000  0.50000000  1.25978460
 1.75000000  0.55000000  1.45222296
 1.75000000  0.60000000  1.53116726
 1.75000000  0.65000000  1.50646674
 1.75000000  0.70000000  1.43102839
 1.75000000  0.75000000  1.34550436
 1.75000000  0.80000000  1.24683949
 1.75000000  0.85000000  1.15842290
 1.75000000  0.90000000  1.04889859
 1.75000000  0.95000000  0.91831101
 1.75000000  1.00000000  0.77541264
 1.75000000  1.05000000  0.60483971
 1.75000000  1.10000000  0.42764926
 1.75000000  1.15000000  0.23416745
 1.75000000  1.20000000  0.04390703
 1.75000000  1.25000000 -0.13286013
 1.75000000  1.30000000 -0.28318480
 1.75000000  1.35000000 -0.39400730
 1.75000000  1.40000000 -0.45827029
 1.75000000  1.45000000 -0.45215029
 1.75000000  1.50000000 -0.40250307
 1.75000000  1.55000000 -0.29650096
 1.75000000  1.60000000 -0.17568182
 1.75000000  1.65000000 -0.04457379
 1.75000000  1.70000000  0.07339320
 1.75000000  1.75000000  0.14031656
 1.75000000  1.80000000  0.17398494
 1.75000000  1.85000000  0.15749212
 1.75000000  1.90000000  0.13067270
 1.75000000  1.95000000  0.10455041
 1.75000000  2.00000000  0.10036178
 1.75000000  2.05000000  0.14293454
 1.75000000  2.10000000  0.22342760
 1.75000000  2.15000000  0.35429695
 1.75000000  2.20000000  0.49714291
 1.80000000 -0.25000000  0.08427954
 1.80000000 -0.20000000 -0.10453492
 1.80000000 -0.15000000 -0.30766175
 1.80000000 -0.10000000 -0.53185254
 1.80000000 -0.05000000 -0.81047319
 1.80000000  0.00000000 -1.12225099
 1.80000000  0.05000000 -1.42708961
 1.80000000  0.10000000 -1.66595638
 1.80000000  0.15000000 -1.76884902
 1.80000000  0.20000000 -1.69413432
 1.80000000  0.25000000 -1.40669318
 1.80000000  0.30000000 -0.95480490
 1.80000000  0.35000000 -0.39668323
 1.80000000  0.40000000  0.17165888
 1.80000000  0.45000000  0.68304647
 1.80000000  0.50000000  1.08417860
 1.80000000  0.55000000  1.33637333
 1.80000000  0.60000000  1.47011016
 1.80000000  0.65000000  1.50050861
 1.80000000  0.70000000  1.46064555
 1.80000000  0.75000000  1.37473536
 1.80000000  0.80000000  1.25672640
 1.80000000  0.85000000  1.11697690
 1.80000000  0.90000000  0.95559322
 1.80000000  0.95000000  0.77142381
 1.80000000  1.00000000  0.57677016
 1.80000000  1.05000000  0.38679337
 1.80000000  1.10000000  0.19199571
 1.80000000  1.15000000  0.00404135
 1.80000000  1.20000000 -0.16861836
 1.80000000  1.25000000 -0.33996391
 1.80000000  1.30000000 -0.46383743
 1.80000000  1.35000000 -0.55047821
 1.80000000  1.40000000 -0.57173814
 1.80000000  1.45000000 -0.53267116
 1.80000000  1.50000000 -0.41527571
 1.80000000  1.55000000 -0.25533720
 1.80000000  1.60000000 -0.09851984
 1.80000000  1.65000000  0.03215534
 1.80000000  1.70000000  0.11995631
 1.80000000  1.75000000  0.14744255
 1.80000000  1.80000000  0.11934715
 1.80000000  1.85000000  0.05250596
 1.80000000  1.90000000 -0.01517866
 1.80000000  1.95000000 -0.05424326
 1.80000000  2.00000000 -0.05702155
 1.80000000  2.05000000  0.00210258
 1.80000000  2.10000000  0.10595878
 1.80000000  2.15000000  0.25478673
 1.80000000  2.20000000  0.40712890
 1.85000000 -0.25000000 -0.22115435
 1.85000000 -0.20000000 -0.37836267
 1.85000000 -0.15000000 -0.54132266
 1.85000000 -0.10000000 -0.75250021
 1.85000000 -0.05000000 -1.01487407
 1.85000000  0.00000000 -1.32637935
 1.85000000  0.05000000 -1.63515240
 1.85000000  0.10000000 -1.87610976
 1.85000000  0.15000000 -1.97764351
 1.85000000  0.20000000 -1.89042256
 1.85000000  0.25000000 -1.60417764
 1.85000000  0.30000000 -1.13951376
 1.85000000  0.35000000 -0.57596210
 1.85000000  0.40000000  0.02153056
 1.85000000  0.45000000  0.56799208
 1.85000000  0.50000000  0.98919518
 1.85000000  0.55000000  1.29147414
 1.85000000  0.60000000  1.46366919
 1.85000000  0.65000000  1.52912622
 1.85000000  0.70000000  1.49532627
 1.85000000  0.75000000  1.39394905
 1.85000000  0.80000000  1.23802392
 1.85000000  0.85000000  1.03993855
 1.85000000  0.90000000  0.80967681
 1.85000000  0.95000000  0.56130531
 1.85000000  1.00000000  0.32342487
 1.85000000  1.05000000  0.10112627
 1.85000000  1.10000000 -0.09661469
 1.85000000  1.15000000 -0.26071912
 1.85000000  1.20000000 -0.41091073
 1.85000000  1.25000000 -0.53843495
 1.85000000  1.30000000 -0.63435557
 1.85000000  1.35000000 -0.68373522
 1.85000000  1.40000000 -0.66208532
 1.85000000  1.45000000 -0.55680274
 1.85000000  1.50000000 -0.39816086
 1.85000000  1.55000000 -0.20058374
 1.85000000  1.60000000 -0.01911716
 1.85000000  1.65000000  0.11153055
 1.85000000  1.70000000  0.17591466
 1.85000000  1.75000000  0.15117627
 1.85000000  1.80000000  0.07102416
 1.85000000  1.85000000 -0.03928617
 1.85000000  1.90000000 -0.13115011
 1.85000000  1.95000000 -0.19321009
 1.85000000  2.00000000 -0.18923846
 1.85000000  2.05000000 -0.12291938
 1.85000000  2.10000000  0.00691110
 1.85000000  2.15000000  0.15649550
 1.85000000  2.20000000  0.30910135
 1.90000000 -0.25000000 -0.43369467
 1.90000000 -0.20000000 -0.53907794
 1.90000000 -0.15000000 -0.66755979
 1.90000000 -0.10000000 -0.83299973
 1.90000000 -0.05000000 -1.08090172
 1.90000000  0.00000000 -1.36827355
 1.90000000  0.05000000 -1.66892957
 1.90000000  0.10000000 -1.89814801
 1.90000000  0.15000000 -1.99163470
 1.90000000  0.20000000 -1.89868872
 1.90000000  0.25000000 -1.60018916
 1.90000000  0.30000000 -1.13472239
 1.90000000  0.35000000 -0.55850599
 1.90000000  0.40000000  0.03544820
 1.90000000  0.45000000  0.58462945
 1.90000000  0.50000000  1.02205472
 1.90000000  0.55000000  1.33695531
 1.90000000  0.60000000  1.52483732
 1.90000000  0.65000000  1.59007674
 1.90000000  0.70000000  1.55074994
 1.90000000  0.75000000  1.43083718
 1.90000000  0.80000000  1.22671243
 1.90000000  0.85000000  0.96010489
 1.90000000  0.90000000  0.66230295
 1.90000000  0.95000000  0.34701358
 1.90000000  1.00000000  0.07007344
 1.90000000  1.05000000 -0.17377190
 1.90000000  1.10000000 -0.36037490
 1.90000000  1.15000000 -0.50956862
 1.90000000  1.20000000 -0.62417839
 1.90000000  1.25000000 -0.70405334
 1.90000000  1.30000000 -0.75315420
 1.90000000  1.35000000 -0.75489051
 1.90000000  1.40000000 -0.68434290
 1.90000000  1.45000000 -0.54382595
 1.90000000  1.50000000 -0.34612428
 1.90000000  1.55000000 -0.12339365
 1.90000000  1.60000000  0.07577865
 1.90000000  1.65000000  0.20268700
 1.90000000  1.70000000  0.24362218
 1.90000000  1.75000000  0.18535581
 1.90000000  1.80000000  0.06442445
 1.90000000  1.85000000 -0.08570544
 1.90000000  1.90000000 -0.21515550
 1.90000000  1.95000000 -0.28522828
 1.90000000  2.00000000 -0.28879943
 1.90000000  2.05000000 -0.20450794
 1.90000000  2.10000000 -0.07165127
 1.90000000  2.15000000  0.08111937
 1.90000000  2.20000000  0.23406350
 1.95000000 -0.25000000 -0.49037635
 1.95000000 -0.20000000 -0.53523969
 1.95000000 -0.15000000 -0.61669584
 1.95000000 -0.10000000 -0.76224309
 1.95000000 -0.05000000 -0.98226265
 1.95000000  0.00000000 -1.25578102
 1.95000000  0.05000000 -1.53724617
 1.95000000  0.10000000 -1.74793828
 1.95000000  0.15000000 -1.81556316
 1.95000000  0.20000000 -1.69516412
 1.95000000  0.25000000 -1.38211228
 1.95000000  0.30000000 -0.91268203
 1.95000000  0.35000000 -0.34414224
 1.95000000  0.40000000  0.23282455
 1.95000000  0.45000000  0.75647946
 1.95000000  0.50000000  1.17443870
 1.95000000  0.55000000  1.47177487
 1.95000000  0.60000000  1.64185343
 1.95000000  0.65000000  1.70077301
 1.95000000  0.70000000  1.64796313
 1.95000000  0.75000000  1.48222204
 1.95000000  0.80000000  1.22848140
 1.95000000  0.85000000  0.90222417
 1.95000000  0.90000000  0.54031637
 1.95000000  0.95000000  0.17599803
 1.95000000  1.00000000 -0.14553893
 1.95000000  1.05000000 -0.38581256
 1.95000000  1.10000000 -0.57471031
 1.95000000  1.15000000 -0.68909856
 1.95000000  1.20000000 -0.76200803
 1.95000000  1.25000000 -0.80737996
 1.95000000  1.30000000 -0.82072362
 1.95000000  1.35000000 -0.77256220
 1.95000000  1.40000000 -0.66815688
 1.95000000  1.45000000 -0.49238391
 1.95000000  1.50000000 -0.26501469
 1.95000000  1.55000000 -0.01901947
 1.95000000  1.60000000  0.19095230
 1.95000000  1.65000000  0.31461233
 1.95000000  1.70000000  0.34185334
 1.95000000  1.75000000  0.25349737
 1.95000000  1.80000000  0.10261032
 1.95000000  1.85000000 -0.07505234
 1.95000000  1.90000000 -0.23379237
 1.95000000  1.95000000 -0.32907960
 1.95000000  2.00000000 -0.33591099
 1.95000000  2.05000000 -0.26408812
 1.95000000  2.10000000 -0.13288971
 1.95000000  2.15000000  0.01879339
 1.95000000  2.20000000  0.18301248
 2.00000000 -0.25000000 -0.36965962
 2.00000000 -0.20000000 -0.35556745
 2.00000000 -0.15000000 -0.41253538
 2.00000000 -0.10000000 -0.53740771
 2.00000000 -0.05000000 -0.73995118
 2.00000000  0.00000000 -0.99630022
 2.00000000  0.05000000 -1.24796826
 2.00000000  0.10000000 -1.42020251
 2.00000000  0.15000000 -1.44318489
 2.00000000  0.20000000 -1.28916001
 2.00000000  0.25000000 -0.95999605
 2.00000000  0.30000000 -0.48911333
 2.00000000  0.35000000  0.05059815
 2.00000000  0.40000000  0.58343245
 2.00000000  0.45000000  1.04064681
 2.00000000  0.50000000  1.40796987
 2.00000000  0.55000000  1.65599967
 2.00000000  0.60000000  1.78850351
 2.00000000  0.65000000  1.81512016
 2.00000000  0.70000000  1.73756252
 2.00000000  0.75000000  1.54410172
 2.00000000  0.80000000  1.25068019
 2.00000000  0.85000000  0.88707149
 2.00000000  0.90000000  0.47636233
 2.00000000  0.95000000  0.08308284
 2.00000000  1.00000000 -0.26975142
 2.00000000  1.05000000 -0.52647838
 2.00000000  1.10000000 -0.69009469
 2.00000000  1.15000000 -0.79014033
 2.00000000  1.20000000 -0.83644659
 2.00000000  1.25000000 -0.84993241
 2.00000000  1.30000000 -0.83206012
 2.00000000  1.35000000 -0.76181551
 2.00000000  1.40000000 -0.62868201
 2.00000000  1.45000000 -0.42535979
 2.00000000  1.50000000 -0.16566668
 2.00000000  1.55000000  0.08934052
 2.00000000  1.60000000  0.31101162
 2.00000000  1.65000000  0.43760387
 2.00000000  1.70000000  0.45119392
 2.00000000  1.75000000  0.34164703
 2.00000000  1.80000000  0.16835095
 2.00000000  1.85000000 -0.03873854
 2.00000000  1.90000000 -0.21855783
 2.00000000  1.95000000 -0.32907245
 2.00000000  2.00000000 -0.34900163
 2.00000000  2.05000000 -0.27897225
 2.00000000  2.10000000 -0.15397653
 2.00000000  2.15000000  0.01330941
 2.00000000  2.20000000  0.17465784
 2.05000000 -0.25000000 -0.07850516
 2.05000000 -0.20000000 -0.03730346
 2.05000000 -0.15000000 -0.06810772
 2.05000000 -0.10000000 -0.19317700
 2.05000000 -0.05000000 -0.39704471
 2.05000000  0.00000000 -0.63106216
 2.05000000  0.05000000 -0.84819007
 2.05000000  0.10000000 -0.97341575
 2.05000000  0.15000000 -0.95199254
 2.05000000  0.20000000 -0.75325862
 2.05000000  0.25000000 -0.39763350
 2.05000000  0.30000000  0.06154381
 2.05000000  0.35000000  0.55961796
 2.05000000  0.40000000  1.02490141
 2.05000000  0.45000000  1.41318890
 2.05000000  0.50000000  1.68506693
 2.05000000  0.55000000  1.85548348
 2.05000000  0.60000000  1.93281694
 2.05000000  0.65000000  1.91024243
 2.05000000  0.70000000  1.78416271
 2.05000000  0.75000000  1.58266698
 2.05000000  0.80000000  1.26546304
 2.05000000  0.85000000  0.88504717
 2.05000000  0.90000000  0.45942382
 2.05000000  0.95000000  0.04399702
 2.05000000  1.00000000 -0.29774037
 2.05000000  1.05000000 -0.56166274
 2.05000000  1.10000000 -0.71620198
 2.05000000  1.15000000 -0.79491134
 2.05000000  1.20000000 -0.82295873
 2.05000000  1.25000000 -0.82677636
 2.05000000  1.30000000 -0.79496784
 2.05000000  1.35000000 -0.72493214
 2.05000000  1.40000000 -0.58059591
 2.05000000  1.45000000 -0.36137128
 2.05000000  1.50000000 -0.09890325
 2.05000000  1.55000000  0.18141558
 2.05000000  1.60000000  0.40460929
 2.05000000  1.65000000  0.53472798
 2.05000000  1.70000000  0.54752343
 2.05000000  1.75000000  0.43666061
 2.05000000  1.80000000  0.25286470
 2.05000000  1.85000000  0.02980500
 2.05000000  1.90000000 -0.17287752
 2.05000000  1.95000000 -0.28375408
 2.05000000  2.00000000 -0.32109670
 2.05000000  2.05000000 -0.25779344
 2.05000000  2.10000000 -0.12381197
 2.05000000  2.15000000  0.03633487
 2.05000000  2.20000000  0.19920860
 2.10000000 -0.25000000  0.32407594
 2.10000000 -0.20000000  0.37712823
 2.10000000 -0.15000000  0.34633591
 2.10000000 -0.10000000  0.21381763
 2.10000000 -0.05000000  0.01805352
 2.10000000  0.00000000 -0.20079281
 2.10000000  0.05000000 -0.38270991
 2.10000000  0.10000000 -0.45672363
 2.10000000  0.15000000 -0.38531842
 2.10000000  0.20000000 -0.16114746
 2.10000000  0.25000000  0.21098759
 2.10000000  0.30000000  0.65160342
 2.10000000  0.35000000  1.08685941
 2.10000000  0.40000000  1.47726773
 2.10000000  0.45000000  1.75043913
 2.10000000  0.50000000  1.93001719
 2.10000000  0.55000000  2.01457851
 2.10000000  0.60000000  2.01309197
 2.10000000  0.65000000  1.94000999
 2.10000000  0.70000000  1.79807767
 2.10000000  0.75000000  1.57438712
 2.10000000  0.80000000  1.26416890
 2.10000000  0.85000000  0.89306837
 2.10000000  0.90000000  0.47819505
 2.10000000  0.95000000  0.08639563
 2.10000000  1.00000000 -0.25807345
 2.10000000  1.05000000 -0.49676815
 2.10000000  1.10000000 -0.64944532
 2.10000000  1.15000000 -0.72101704
 2.10000000  1.20000000 -0.75883367
 2.10000000  1.25000000 -0.76546466
 2.10000000  1.30000000 -0.74378169
 2.10000000  1.35000000 -0.67613736
 2.10000000  1.40000000 -0.53866282
 2.10000000  1.45000000 -0.33462506
 2.10000000  1.50000000 -0.05864665
 2.10000000  1.55000000  0.22236835
 2.10000000  1.60000000  0.45948654
 2.10000000  1.65000000  0.59957861
 2.10000000  1.70000000  0.62933874
 2.10000000  1.75000000  0.52793255
 2.10000000  1.80000000  0.34227419
 2.10000000  1.85000000  0.11791760
 2.10000000  1.90000000 -0.08376699
 2.10000000  1.95000000 -0.21463628
 2.10000000  2.00000000 -0.24080008
 2.10000000  2.05000000 -0.18298661
 2.10000000  2.10000000 -0.05087344
 2.10000000  2.15000000  0.12127398
 2.10000000  2.20000000  0.27913826
 2.15000000 -0.25000000  0.78633318
 2.15000000 -0.20000000  0.83255580
 2.15000000 -0.15000000  0.78972794
 2.15000000 -0.10000000  0.64347618
 2.15000000 -0.05000000  0.44560017
 2.15000000  0.00000000  0.23975181
 2.15000000  0.05000000  0.09084550
 2.15000000  0.10000000  0.05887192
 2.15000000  0.15000000  0.16867637
 2.15000000  0.20000000  0.41645014
 2.15000000  0.25000000  0.77058599
 2.15000000  0.30000000  1.17389572
 2.15000000  0.35000000  1.54293485
 2.15000000  0.40000000  1.84110658
 2.15000000  0.45000000  2.01967169
 2.15000000  0.50000000  2.10197750
 2.15000000  0.55000000  2.08922287
 2.15000000  0.60000000  2.01508578
 2.15000000  0.65000000  1.88961951
 2.15000000  0.70000000  1.72984183
 2.15000000  0.75000000  1.50620139
 2.15000000  0.80000000  1.22330098
 2.15000000  0.85000000  0.88098276
 2.15000000  0.90000000  0.51208543
 2.15000000  0.95000000  0.15379468
 2.15000000  1.00000000 -0.14708694
 2.15000000  1.05000000 -0.37577942
 2.15000000  1.10000000 -0.51517031
 2.15000000  1.15000000 -0.59805575
 2.15000000  1.20000000 -0.64084787
 2.15000000  1.25000000 -0.67370623
 2.15000000  1.30000000 -0.68156284
 2.15000000  1.35000000 -0.64193920
 2.15000000  1.40000000 -0.53357857
 2.15000000  1.45000000 -0.33595097
 2.15000000  1.50000000 -0.07259725
 2.15000000  1.55000000  0.21705167
 2.15000000  1.60000000  0.46909024
 2.15000000  1.65000000  0.63402228
 2.15000000  1.70000000  0.68165394
 2.15000000  1.75000000  0.60268249
 2.15000000  1.80000000  0.43728779
 2.15000000  1.85000000  0.24045458
 2.15000000  1.90000000  0.04512431
 2.15000000  1.95000000 -0.07193669
 2.15000000  2.00000000 -0.09903189
 2.15000000  2.05000000 -0.03984352
 2.15000000  2.10000000  0.08477679
 2.15000000  2.15000000  0.25450079
 2.15000000  2.20000000  0.40618999
 2.20000000 -0.25000000  1.22518803
 2.20000000 -0.20000000  1.26327457
 2.20000000 -0.15000000  1.19549172
 2.20000000 -0.10000000  1.04724487
 2.20000000 -0.05000000  0.85169845
 2.20000000  0.00000000  0.66784274
 2.20000000  0.05000000  0.54127289
 2.20000000  0.10000000  0.53139939
 2.20000000  0.15000000  0.64746197
 2.20000000  0.20000000  0.88715760
 2.20000000  0.25000000  1.21019872
 2.20000000  0.30000000  1.55232559
 2.20000000  0.35000000  1.84914032
 2.20000000  0.40000000  2.04399786
 2.20000000  0.45000000  2.13845630
 2.20000000  0.50000000  2.13824874
 2.20000000  0.55000000  2.05683842
 2.20000000  0.60000000  1.93245055
 2.20000000  0.65000000  1.77702203
 2.20000000  0.70000000  1.59249669
 2.20000000  0.75000000  1.38484886
 2.20000000  0.80000000  1.14231348
 2.20000000  0.85000000  0.84873574
 2.20000000  0.90000000  0.53336386
 2.20000000  0.95000000  0.23232652
 2.20000000  1.00000000 -0.02671326
 2.20000000  1.05000000 -0.21030236
 2.20000000  1.10000000 -0.34193954
 2.20000000  1.15000000 -0.43176544
 2.20000000  1.20000000 -0.50425073
 2.20000000  1.25000000 -0.56982940
 2.20000000  1.30000000 -0.62495928
 2.20000000  1.35000000 -0.62625341
 2.20000000  1.40000000 -0.54546432
 2.20000000  1.45000000 -0.37701323
 2.20000000  1.50000000 -0.12349178
 2.20000000  1.55000000  0.17392824
 2.20000000  1.60000000  0.43970044
 2.20000000  1.65000000  0.63443061
 2.20000000  1.70000000  0.71456646
 2.20000000  1.75000000  0.67799049
 2.20000000  1.80000000  0.55134827
 2.20000000  1.85000000  0.38420218
 2.20000000  1.90000000  0.22377336
 2.20000000  1.95000000  0.12063210
 2.20000000  2.00000000  0.10854957
 2.20000000  2.05000000  0.17273766
 2.20000000  2.10000000  0.28892845
 2.20000000  2.15000000  0.44421007
 2.20000000  2.20000000  0.57728160
