LP
[1.471788822194122, 2.268939397821534, 3.7407282200156562, 4.537878795643068, 6.0096676178371897]
myqEI
[0.59692159150151725, 3.1480378865595546, 7.0555892905463597, 9.3727716930663636, 9.8578543083399293]
PE
[-2.7479877479814756, -5.4956948565693047, -7.7667882372296155, -10.38095064371792, -10.28712781667485]
BUCB
[0.59692159150151725, 2.739073587778857, 5.5197278764458497, 9.4171462190356436, 14.743728407860111]
MLE H=4
[0.59692159150151725, 3.1480378865595546, 8.4746200753840224, 13.371570842485633, 18.698153031310103]
H=1
[-2.0843111795259954, -3.6447447405518969, -3.0478231490503798, -0.49670685399234227, 4.8298753348321259]
H=2
[1.471788822194122, 1.513531639493646, 2.4137562481403712, 4.6634205941029947, 7.4440748827699874]
H=3
[-2.0843111795259954, -3.6447447405518969, -3.0478231490503798, -0.49670685399234227, 4.8298753348321259]
LP
[0.59692159150151725, 0.76256593048303667, 1.3594875219845539, 1.5251318609660733, 2.1220534524675907]
myqEI
[0.59692159150151725, 3.1480378865595546, 8.4746200753840224, 15.462535217815425, 22.849027331690063]
PE
[-2.0843111795259954, -5.6522820382646497, -9.281953242137913, -11.33601214149653, -9.8642233193024076]
BUCB
[-2.0843111795259954, -3.811019999509567, -2.9107953908628419, -1.9765998956650916, -1.9914330568487177]
MLE H=4
[0.59692159150151725, 3.1480378865595546, 8.4746200753840224, 13.371570842485633, 18.698153031310103]
H=1
[-2.0843111795259954, -3.6447447405518969, -3.0478231490503798, -0.49670685399234227, 4.8298753348321259]
H=2
[1.471788822194122, 1.513531639493646, 2.4137562481403712, 4.6634205941029947, 7.4440748827699874]
H=3
[-2.0843111795259954, -3.6447447405518969, -3.0478231490503798, -0.49670685399234227, 4.8298753348321259]
LP
[1.471788822194122, 2.268939397821534, 3.7407282200156562, 4.537878795643068, 6.0096676178371897]
myqEI
[0.59692159150151725, -0.60601979113798576, -0.62048126984260288, 4.6090061923348546, 7.987257369974504]
PE
[-2.7479877479814756, -5.4956948565693047, -7.7667882372296155, -10.38095064371792, -10.28712781667485]
BUCB
[-2.7479877479814756, -5.4956948565693047, -7.7667882372296155, -10.38095064371792, -10.28712781667485]
MLE H=4
[0.59692159150151725, 3.1480378865595546, 8.4746200753840224, 13.371570842485633, 18.698153031310103]
H=1
[-2.0843111795259954, -3.6447447405518969, -3.0478231490503798, -0.49670685399234227, 4.8298753348321259]
H=2
[1.471788822194122, 1.513531639493646, 2.4137562481403712, 4.6634205941029947, 7.4440748827699874]
H=3
[-2.0843111795259954, -3.6447447405518969, -3.0478231490503798, -0.49670685399234227, 4.8298753348321259]
