Physical State
[[ 0.75  1.  ]
 [ 0.7   1.  ]
 [ 0.65  1.  ]
 [ 0.6   1.  ]]
Locations
[[ 1.    1.  ]
 [ 0.95  1.  ]
 [ 0.9   1.  ]
 [ 0.85  1.  ]
 [ 0.8   1.  ]
 [ 0.75  1.  ]
 [ 0.7   1.  ]
 [ 0.65  1.  ]
 [ 0.6   1.  ]
 [ 0.65  1.  ]
 [ 0.7   1.  ]
 [ 0.75  1.  ]
 [ 0.8   1.  ]
 [ 0.75  1.  ]
 [ 0.7   1.  ]
 [ 0.65  1.  ]
 [ 0.6   1.  ]]
Measurements
[ 0.40832374  0.49807307  0.54337831  0.54382613  0.53062437  0.49306102
  0.43816674  0.34183598  0.18954361  0.34183598  0.43816674  0.49306102
  0.53062437  0.49306102  0.43816674  0.34183598  0.18954361]
Total accumulated reward = 6.84480465556
Nodes expanded = -1.0