Physical State
[[ 1.05  1.2 ]
 [ 1.1   1.2 ]
 [ 1.15  1.2 ]
 [ 1.2   1.2 ]]
Locations
[[ 1.    1.  ]
 [ 1.    1.05]
 [ 1.    1.1 ]
 [ 1.    1.15]
 [ 1.    1.2 ]
 [ 0.95  1.2 ]
 [ 0.9   1.2 ]
 [ 0.85  1.2 ]
 [ 0.8   1.2 ]
 [ 0.85  1.2 ]
 [ 0.9   1.2 ]
 [ 0.95  1.2 ]
 [ 1.    1.2 ]
 [ 1.05  1.2 ]
 [ 1.1   1.2 ]
 [ 1.15  1.2 ]
 [ 1.2   1.2 ]]
Measurements
[ 0.40832374  0.64091011  0.80644943  0.92635359  0.96283115  0.85791778
  0.75876055  0.6991208   0.69507886  0.6991208   0.75876055  0.85791778
  0.96283115  1.01969924  0.98004916  0.81521325  0.52500819]
Total accumulated reward = 12.96602241
Nodes expanded = -1