Physical State
[[ 0.85  1.4 ]
 [ 0.9   1.4 ]
 [ 0.95  1.4 ]
 [ 1.    1.4 ]]
Locations
[[ 1.    1.  ]
 [ 1.    1.05]
 [ 1.    1.1 ]
 [ 1.    1.15]
 [ 1.    1.2 ]
 [ 0.95  1.2 ]
 [ 0.9   1.2 ]
 [ 0.85  1.2 ]
 [ 0.8   1.2 ]
 [ 0.8   1.25]
 [ 0.8   1.3 ]
 [ 0.8   1.35]
 [ 0.8   1.4 ]
 [ 0.85  1.4 ]
 [ 0.9   1.4 ]
 [ 0.95  1.4 ]
 [ 1.    1.4 ]]
Measurements
[-0.69234348 -0.33168191 -0.01520321  0.19777339  0.27016341  0.16562752
  0.00982765 -0.15887076 -0.31489522 -0.48197774 -0.67957744 -0.88328413
 -1.04420808 -0.97680289 -0.84925956 -0.67640187 -0.48367605]
Total accumulated reward = -6.25244688855
Nodes expanded = -1.0