Physical State
[[ 0.8   0.85]
 [ 0.8   0.9 ]
 [ 0.8   0.95]
 [ 0.8   1.  ]]
Locations
[[ 1.    1.  ]
 [ 1.    0.95]
 [ 1.    0.9 ]
 [ 1.    0.85]
 [ 1.    0.8 ]
 [ 0.95  0.8 ]
 [ 0.9   0.8 ]
 [ 0.85  0.8 ]
 [ 0.8   0.8 ]
 [ 0.8   0.85]
 [ 0.8   0.9 ]
 [ 0.8   0.95]
 [ 0.8   1.  ]]
Measurements
[-0.45359257 -0.74304312 -1.1329612  -1.59332432 -2.05109181 -1.89794708
 -1.78984713 -1.71373101 -1.66963729 -1.27188599 -0.82941172 -0.40445289
 -0.06931541]
Total accumulated reward = -15.1666489626
Nodes expanded = 4