Physical State
[[ 1.    0.55]
 [ 1.    0.5 ]
 [ 1.    0.45]
 [ 1.    0.4 ]]
Locations
[[ 1.    1.  ]
 [ 1.    0.95]
 [ 1.    0.9 ]
 [ 1.    0.85]
 [ 1.    0.8 ]
 [ 1.    0.75]
 [ 1.    0.7 ]
 [ 1.    0.65]
 [ 1.    0.6 ]
 [ 1.    0.55]
 [ 1.    0.5 ]
 [ 1.    0.45]
 [ 1.    0.4 ]]
Measurements
[ 0.33235771  0.40391712  0.51736935  0.67365833  0.85210995  1.04647303
  1.2526742   1.45522654  1.65778737  1.86894226  2.09053738  2.30122016
  2.46436642]
Total accumulated reward = 16.5842821017
Nodes expanded = -1