Physical State
[[ 1.05  1.4 ]
 [ 1.1   1.4 ]
 [ 1.15  1.4 ]
 [ 1.2   1.4 ]]
Locations
[[ 1.    1.  ]
 [ 1.    1.05]
 [ 1.    1.1 ]
 [ 1.    1.15]
 [ 1.    1.2 ]
 [ 1.    1.25]
 [ 1.    1.3 ]
 [ 1.    1.35]
 [ 1.    1.4 ]
 [ 1.05  1.4 ]
 [ 1.1   1.4 ]
 [ 1.15  1.4 ]
 [ 1.2   1.4 ]]
Measurements
[-0.09468722  0.28166567  0.65464975  0.98969343  1.26177424  1.44957866
  1.55544615  1.60079867  1.58889585  1.54246635  1.48389636  1.40906969
  1.32600284]
Total accumulated reward = 15.1439376666
Nodes expanded = -1