Physical State
[[ 1.    1.05]
 [ 1.    1.1 ]
 [ 1.    1.15]
 [ 1.    1.2 ]]
Locations
[[ 1.    1.  ]
 [ 1.    0.95]
 [ 1.    0.9 ]
 [ 1.    0.85]
 [ 1.    0.8 ]
 [ 1.    0.85]
 [ 1.    0.9 ]
 [ 1.    0.95]
 [ 1.    1.  ]
 [ 1.    1.05]
 [ 1.    1.1 ]
 [ 1.    1.15]
 [ 1.    1.2 ]]
Measurements
[-0.24804094 -0.87409305 -1.46327899 -1.94462126 -2.24285856 -1.94462126
 -1.46327899 -0.87409305 -0.24804094  0.34948804  0.86458187  1.291052
  1.58545926]
Total accumulated reward = -6.96430494623
Nodes expanded = -1