Physical State
[[ 1.    1.25]
 [ 1.    1.3 ]
 [ 1.    1.35]
 [ 1.    1.4 ]]
Locations
[[ 1.    1.  ]
 [ 1.    0.95]
 [ 1.    0.9 ]
 [ 1.    0.85]
 [ 1.    0.8 ]
 [ 1.    0.85]
 [ 1.    0.9 ]
 [ 1.    0.95]
 [ 1.    1.  ]
 [ 1.    1.05]
 [ 1.    1.1 ]
 [ 1.    1.15]
 [ 1.    1.2 ]
 [ 1.    1.25]
 [ 1.    1.3 ]
 [ 1.    1.35]
 [ 1.    1.4 ]]
Measurements
[-0.24804094 -0.87409305 -1.46327899 -1.94462126 -2.24285856 -1.94462126
 -1.46327899 -0.87409305 -0.24804094  0.34948804  0.86458187  1.291052
  1.58545926  1.79005643  1.90214411  1.95084538  1.97459161]
Total accumulated reward = 0.653332576703
Nodes expanded = -1