Physical State
[[ 1.    1.25]
 [ 1.    1.3 ]
 [ 1.    1.35]
 [ 1.    1.4 ]]
Locations
[[ 1.    1.  ]
 [ 1.    0.95]
 [ 1.    0.9 ]
 [ 1.    0.85]
 [ 1.    0.8 ]
 [ 1.    0.85]
 [ 1.    0.9 ]
 [ 1.    0.95]
 [ 1.    1.  ]
 [ 1.    1.05]
 [ 1.    1.1 ]
 [ 1.    1.15]
 [ 1.    1.2 ]
 [ 1.    1.25]
 [ 1.    1.3 ]
 [ 1.    1.35]
 [ 1.    1.4 ]]
Measurements
[ 0.13392757  0.09314915  0.09312871  0.1408505   0.20596513  0.1408505
  0.09312871  0.09314915  0.13392757  0.23807734  0.40808157  0.65491022
  0.97370042  1.32522161  1.68200952  2.01582489  2.27018206]
Total accumulated reward = 10.5621570619
Nodes expanded = -1