Physical State
[[ 1.    1.05]
 [ 1.    1.1 ]
 [ 1.    1.15]
 [ 1.    1.2 ]]
Locations
[[ 1.    1.  ]
 [ 1.    0.95]
 [ 1.    0.9 ]
 [ 1.    0.85]
 [ 1.    0.8 ]
 [ 1.    0.85]
 [ 1.    0.9 ]
 [ 1.    0.95]
 [ 1.    1.  ]
 [ 1.    1.05]
 [ 1.    1.1 ]
 [ 1.    1.15]
 [ 1.    1.2 ]]
Measurements
[ 0.13392757  0.09314915  0.09312871  0.1408505   0.20596513  0.1408505
  0.09312871  0.09314915  0.13392757  0.23807734  0.40808157  0.65491022
  0.97370042]
Total accumulated reward = 3.26891896837
Nodes expanded = -1