Physical State
[[ 1.4   0.75]
 [ 1.4   0.7 ]
 [ 1.4   0.65]
 [ 1.4   0.6 ]]
Locations
[[ 1.    1.  ]
 [ 1.    0.95]
 [ 1.    0.9 ]
 [ 1.    0.85]
 [ 1.    0.8 ]
 [ 1.05  0.8 ]
 [ 1.1   0.8 ]
 [ 1.15  0.8 ]
 [ 1.2   0.8 ]
 [ 1.25  0.8 ]
 [ 1.3   0.8 ]
 [ 1.35  0.8 ]
 [ 1.4   0.8 ]
 [ 1.4   0.75]
 [ 1.4   0.7 ]
 [ 1.4   0.65]
 [ 1.4   0.6 ]]
Measurements
[-0.09468722 -0.4296443  -0.67996952 -0.81780631 -0.83296254 -0.85737433
 -0.84730021 -0.79820536 -0.65015029 -0.396305   -0.05103956  0.33591145
  0.73778552  1.04195777  1.39053144  1.74276289  2.05418498]
Total accumulated reward = 0.942376626704
Nodes expanded = 4