Physical State
[[ 0.85  0.8 ]
 [ 0.9   0.8 ]
 [ 0.95  0.8 ]
 [ 1.    0.8 ]]
Locations
[[ 1.    1.  ]
 [ 0.95  1.  ]
 [ 0.9   1.  ]
 [ 0.85  1.  ]
 [ 0.8   1.  ]
 [ 0.8   0.95]
 [ 0.8   0.9 ]
 [ 0.8   0.85]
 [ 0.8   0.8 ]
 [ 0.85  0.8 ]
 [ 0.9   0.8 ]
 [ 0.95  0.8 ]
 [ 1.    0.8 ]]
Measurements
[-0.52585736 -0.5958773  -0.63893665 -0.6767862  -0.71922264 -0.67918158
 -0.67132217 -0.65857988 -0.61741369 -0.70094752 -0.81799839 -0.94269434
 -1.02727241]
Total accumulated reward = -8.74623277121
Nodes expanded = -1.0