Physical State
[[ 1.05  1.  ]
 [ 1.1   1.  ]
 [ 1.15  1.  ]
 [ 1.2   1.  ]]
Locations
[[ 1.    1.  ]
 [ 0.95  1.  ]
 [ 0.9   1.  ]
 [ 0.85  1.  ]
 [ 0.8   1.  ]
 [ 0.85  1.  ]
 [ 0.9   1.  ]
 [ 0.95  1.  ]
 [ 1.    1.  ]
 [ 1.05  1.  ]
 [ 1.1   1.  ]
 [ 1.15  1.  ]
 [ 1.2   1.  ]]
Measurements
[-0.52585736 -0.5958773  -0.63893665 -0.6767862  -0.71922264 -0.6767862
 -0.63893665 -0.5958773  -0.52585736 -0.41239974 -0.27185502 -0.14562029
 -0.04249171]
Total accumulated reward = -5.94064705127
Nodes expanded = -1