Physical State
[[ 1.    0.85]
 [ 1.    0.9 ]
 [ 1.    0.95]
 [ 1.    1.  ]]
Locations
[[ 1.    1.  ]
 [ 1.    0.95]
 [ 1.    0.9 ]
 [ 1.    0.85]
 [ 1.    0.8 ]
 [ 1.    0.85]
 [ 1.    0.9 ]
 [ 1.    0.95]
 [ 1.    1.  ]
 [ 1.    0.95]
 [ 1.    0.9 ]
 [ 1.    0.85]
 [ 1.    0.8 ]
 [ 1.    0.85]
 [ 1.    0.9 ]
 [ 1.    0.95]
 [ 1.    1.  ]]
Measurements
[ 1.95175563  2.15426418  2.23305472  2.17042829  1.96110394  2.17042829
  2.23305472  2.15426418  1.95175563  2.15426418  2.23305472  2.17042829
  1.96110394  2.17042829  2.23305472  2.15426418  1.95175563]
Total accumulated reward = 34.056707902
Nodes expanded = -1.0