-0.25000000 -0.25000000  1.17857085
-0.25000000 -0.20000000  1.35234234
-0.25000000 -0.15000000  1.44300843
-0.25000000 -0.10000000  1.41649710
-0.25000000 -0.05000000  1.29307872
-0.25000000  0.00000000  1.07674799
-0.25000000  0.05000000  0.81685469
-0.25000000  0.10000000  0.52784551
-0.25000000  0.15000000  0.27725458
-0.25000000  0.20000000  0.08745006
-0.25000000  0.25000000 -0.05213547
-0.25000000  0.30000000 -0.14034446
-0.25000000  0.35000000 -0.19330988
-0.25000000  0.40000000 -0.22797578
-0.25000000  0.45000000 -0.26159631
-0.25000000  0.50000000 -0.28753103
-0.25000000  0.55000000 -0.29697158
-0.25000000  0.60000000 -0.27858210
-0.25000000  0.65000000 -0.24161580
-0.25000000  0.70000000 -0.17385838
-0.25000000  0.75000000 -0.07753177
-0.25000000  0.80000000  0.01940439
-0.25000000  0.85000000  0.09697105
-0.25000000  0.90000000  0.12087267
-0.25000000  0.95000000  0.07755744
-0.25000000  1.00000000 -0.03366253
-0.25000000  1.05000000 -0.21207697
-0.25000000  1.10000000 -0.43739900
-0.25000000  1.15000000 -0.68184373
-0.25000000  1.20000000 -0.93031580
-0.25000000  1.25000000 -1.17467604
-0.25000000  1.30000000 -1.39826103
-0.25000000  1.35000000 -1.58693444
-0.25000000  1.40000000 -1.70203827
-0.25000000  1.45000000 -1.71640038
-0.25000000  1.50000000 -1.61341671
-0.25000000  1.55000000 -1.41430992
-0.25000000  1.60000000 -1.14759864
-0.25000000  1.65000000 -0.87699714
-0.25000000  1.70000000 -0.64763759
-0.25000000  1.75000000 -0.48573241
-0.25000000  1.80000000 -0.42338410
-0.25000000  1.85000000 -0.42917058
-0.25000000  1.90000000 -0.48872545
-0.25000000  1.95000000 -0.55500412
-0.25000000  2.00000000 -0.61854821
-0.25000000  2.05000000 -0.63617353
-0.25000000  2.10000000 -0.61456772
-0.25000000  2.15000000 -0.55607990
-0.25000000  2.20000000 -0.45751299
-0.20000000 -0.25000000  1.27658665
-0.20000000 -0.20000000  1.47379782
-0.20000000 -0.15000000  1.57879467
-0.20000000 -0.10000000  1.55114924
-0.20000000 -0.05000000  1.38461975
-0.20000000  0.00000000  1.10164376
-0.20000000  0.05000000  0.74821840
-0.20000000  0.10000000  0.37068810
-0.20000000  0.15000000  0.03452958
-0.20000000  0.20000000 -0.22472078
-0.20000000  0.25000000 -0.39718487
-0.20000000  0.30000000 -0.48625443
-0.20000000  0.35000000 -0.50558673
-0.20000000  0.40000000 -0.50077204
-0.20000000  0.45000000 -0.46827499
-0.20000000  0.50000000 -0.43130039
-0.20000000  0.55000000 -0.38767418
-0.20000000  0.60000000 -0.34343301
-0.20000000  0.65000000 -0.28991862
-0.20000000  0.70000000 -0.21406801
-0.20000000  0.75000000 -0.13241269
-0.20000000  0.80000000 -0.05491220
-0.20000000  0.85000000  0.00332466
-0.20000000  0.90000000  0.01137396
-0.20000000  0.95000000 -0.03151275
-0.20000000  1.00000000 -0.14347157
-0.20000000  1.05000000 -0.32686237
-0.20000000  1.10000000 -0.55731580
-0.20000000  1.15000000 -0.82854504
-0.20000000  1.20000000 -1.10897549
-0.20000000  1.25000000 -1.40304494
-0.20000000  1.30000000 -1.68246165
-0.20000000  1.35000000 -1.91225436
-0.20000000  1.40000000 -2.06900070
-0.20000000  1.45000000 -2.11472097
-0.20000000  1.50000000 -2.02542389
-0.20000000  1.55000000 -1.81504697
-0.20000000  1.60000000 -1.50479389
-0.20000000  1.65000000 -1.17548785
-0.20000000  1.70000000 -0.86348570
-0.20000000  1.75000000 -0.63050239
-0.20000000  1.80000000 -0.49195683
-0.20000000  1.85000000 -0.41928408
-0.20000000  1.90000000 -0.42549007
-0.20000000  1.95000000 -0.45906751
-0.20000000  2.00000000 -0.50361167
-0.20000000  2.05000000 -0.54025493
-0.20000000  2.10000000 -0.55427948
-0.20000000  2.15000000 -0.54608830
-0.20000000  2.20000000 -0.50294009
-0.15000000 -0.25000000  1.26657728
-0.15000000 -0.20000000  1.46902735
-0.15000000 -0.15000000  1.55775889
-0.15000000 -0.10000000  1.48531697
-0.15000000 -0.05000000  1.26496010
-0.15000000  0.00000000  0.89776824
-0.15000000  0.05000000  0.44659119
-0.15000000  0.10000000 -0.01588569
-0.15000000  0.15000000 -0.43870846
-0.15000000  0.20000000 -0.75089733
-0.15000000  0.25000000 -0.93201966
-0.15000000  0.30000000 -0.98974479
-0.15000000  0.35000000 -0.95837565
-0.15000000  0.40000000 -0.85749938
-0.15000000  0.45000000 -0.73904469
-0.15000000  0.50000000 -0.63066854
-0.15000000  0.55000000 -0.52909069
-0.15000000  0.60000000 -0.45120826
-0.15000000  0.65000000 -0.39057432
-0.15000000  0.70000000 -0.32898262
-0.15000000  0.75000000 -0.27386338
-0.15000000  0.80000000 -0.21757175
-0.15000000  0.85000000 -0.18555249
-0.15000000  0.90000000 -0.16549543
-0.15000000  0.95000000 -0.19918902
-0.15000000  1.00000000 -0.29561971
-0.15000000  1.05000000 -0.44865397
-0.15000000  1.10000000 -0.65757894
-0.15000000  1.15000000 -0.90966077
-0.15000000  1.20000000 -1.20554284
-0.15000000  1.25000000 -1.52129191
-0.15000000  1.30000000 -1.83955958
-0.15000000  1.35000000 -2.11886230
-0.15000000  1.40000000 -2.32209718
-0.15000000  1.45000000 -2.40908658
-0.15000000  1.50000000 -2.34971354
-0.15000000  1.55000000 -2.14046747
-0.15000000  1.60000000 -1.82490747
-0.15000000  1.65000000 -1.45261308
-0.15000000  1.70000000 -1.09200140
-0.15000000  1.75000000 -0.77029694
-0.15000000  1.80000000 -0.53469173
-0.15000000  1.85000000 -0.38525085
-0.15000000  1.90000000 -0.31315735
-0.15000000  1.95000000 -0.30456275
-0.15000000  2.00000000 -0.32446003
-0.15000000  2.05000000 -0.36780249
-0.15000000  2.10000000 -0.42468701
-0.15000000  2.15000000 -0.46756070
-0.15000000  2.20000000 -0.48072165
-0.10000000 -0.25000000  1.13650685
-0.10000000 -0.20000000  1.32181927
-0.10000000 -0.15000000  1.37497998
-0.10000000 -0.10000000  1.25081662
-0.10000000 -0.05000000  0.94421941
-0.10000000  0.00000000  0.49186663
-0.10000000  0.05000000 -0.04853007
-0.10000000  0.10000000 -0.60557939
-0.10000000  0.15000000 -1.08537306
-0.10000000  0.20000000 -1.43000649
-0.10000000  0.25000000 -1.60751495
-0.10000000  0.30000000 -1.61988905
-0.10000000  0.35000000 -1.49769704
-0.10000000  0.40000000 -1.30866218
-0.10000000  0.45000000 -1.09068061
-0.10000000  0.50000000 -0.88533298
-0.10000000  0.55000000 -0.72568491
-0.10000000  0.60000000 -0.62553191
-0.10000000  0.65000000 -0.55534445
-0.10000000  0.70000000 -0.51941624
-0.10000000  0.75000000 -0.50448931
-0.10000000  0.80000000 -0.46983374
-0.10000000  0.85000000 -0.44248566
-0.10000000  0.90000000 -0.41501535
-0.10000000  0.95000000 -0.41312757
-0.10000000  1.00000000 -0.46385827
-0.10000000  1.05000000 -0.55869983
-0.10000000  1.10000000 -0.72747123
-0.10000000  1.15000000 -0.94623845
-0.10000000  1.20000000 -1.21920857
-0.10000000  1.25000000 -1.53196333
-0.10000000  1.30000000 -1.87164170
-0.10000000  1.35000000 -2.19309858
-0.10000000  1.40000000 -2.43762427
-0.10000000  1.45000000 -2.56917030
-0.10000000  1.50000000 -2.54208679
-0.10000000  1.55000000 -2.36700973
-0.10000000  1.60000000 -2.05816132
-0.10000000  1.65000000 -1.67276219
-0.10000000  1.70000000 -1.26110035
-0.10000000  1.75000000 -0.88236219
-0.10000000  1.80000000 -0.56337159
-0.10000000  1.85000000 -0.33659836
-0.10000000  1.90000000 -0.17786722
-0.10000000  1.95000000 -0.10751502
-0.10000000  2.00000000 -0.10964628
-0.10000000  2.05000000 -0.15994988
-0.10000000  2.10000000 -0.24419332
-0.10000000  2.15000000 -0.33382569
-0.10000000  2.20000000 -0.41199318
-0.05000000 -0.25000000  0.90879321
-0.05000000 -0.20000000  1.04875049
-0.05000000 -0.15000000  1.04510529
-0.05000000 -0.10000000  0.85891045
-0.05000000 -0.05000000  0.47663296
-0.05000000  0.00000000 -0.06096139
-0.05000000  0.05000000 -0.69041077
-0.05000000  0.10000000 -1.31344673
-0.05000000  0.15000000 -1.83535164
-0.05000000  0.20000000 -2.19228372
-0.05000000  0.25000000 -2.34833159
-0.05000000  0.30000000 -2.30309292
-0.05000000  0.35000000 -2.10114518
-0.05000000  0.40000000 -1.80721360
-0.05000000  0.45000000 -1.49350792
-0.05000000  0.50000000 -1.20622144
-0.05000000  0.55000000 -0.99348329
-0.05000000  0.60000000 -0.86211473
-0.05000000  0.65000000 -0.80326954
-0.05000000  0.70000000 -0.79511592
-0.05000000  0.75000000 -0.80238982
-0.05000000  0.80000000 -0.78343107
-0.05000000  0.85000000 -0.74512833
-0.05000000  0.90000000 -0.69053762
-0.05000000  0.95000000 -0.64207290
-0.05000000  1.00000000 -0.61706928
-0.05000000  1.05000000 -0.64433127
-0.05000000  1.10000000 -0.74790709
-0.05000000  1.15000000 -0.90829371
-0.05000000  1.20000000 -1.13745472
-0.05000000  1.25000000 -1.44227852
-0.05000000  1.30000000 -1.78196680
-0.05000000  1.35000000 -2.12131345
-0.05000000  1.40000000 -2.40169935
-0.05000000  1.45000000 -2.57079809
-0.05000000  1.50000000 -2.58799893
-0.05000000  1.55000000 -2.45397940
-0.05000000  1.60000000 -2.17879499
-0.05000000  1.65000000 -1.79258404
-0.05000000  1.70000000 -1.36920320
-0.05000000  1.75000000 -0.93689418
-0.05000000  1.80000000 -0.56099748
-0.05000000  1.85000000 -0.25154377
-0.05000000  1.90000000 -0.02750811
-0.05000000  1.95000000  0.09661639
-0.05000000  2.00000000  0.12190169
-0.05000000  2.05000000  0.06151146
-0.05000000  2.10000000 -0.05772618
-0.05000000  2.15000000 -0.19741514
-0.05000000  2.20000000 -0.33492140
 0.00000000 -0.25000000  0.63279037
 0.00000000 -0.20000000  0.71318835
 0.00000000 -0.15000000  0.63953192
 0.00000000 -0.10000000  0.37337413
 0.00000000 -0.05000000 -0.07933663
 0.00000000  0.00000000 -0.68544850
 0.00000000  0.05000000 -1.36390842
 0.00000000  0.10000000 -2.03180340
 0.00000000  0.15000000 -2.57235626
 0.00000000  0.20000000 -2.92268703
 0.00000000  0.25000000 -3.05196394
 0.00000000  0.30000000 -2.95775478
 0.00000000  0.35000000 -2.68514510
 0.00000000  0.40000000 -2.30400992
 0.00000000  0.45000000 -1.91311034
 0.00000000  0.50000000 -1.56253593
 0.00000000  0.55000000 -1.30889480
 0.00000000  0.60000000 -1.16629861
 0.00000000  0.65000000 -1.11741527
 0.00000000  0.70000000 -1.11829220
 0.00000000  0.75000000 -1.13115276
 0.00000000  0.80000000 -1.11993504
 0.00000000  0.85000000 -1.05336531
 0.00000000  0.90000000 -0.94934931
 0.00000000  0.95000000 -0.83628117
 0.00000000  1.00000000 -0.74356960
 0.00000000  1.05000000 -0.69707595
 0.00000000  1.10000000 -0.71015500
 0.00000000  1.15000000 -0.81449578
 0.00000000  1.20000000 -1.00272221
 0.00000000  1.25000000 -1.27478477
 0.00000000  1.30000000 -1.59228860
 0.00000000  1.35000000 -1.92703430
 0.00000000  1.40000000 -2.22452787
 0.00000000  1.45000000 -2.42965258
 0.00000000  1.50000000 -2.48884753
 0.00000000  1.55000000 -2.40636629
 0.00000000  1.60000000 -2.16186721
 0.00000000  1.65000000 -1.80975593
 0.00000000  1.70000000 -1.38562572
 0.00000000  1.75000000 -0.94531810
 0.00000000  1.80000000 -0.52147929
 0.00000000  1.85000000 -0.14878535
 0.00000000  1.90000000  0.12366026
 0.00000000  1.95000000  0.29243677
 0.00000000  2.00000000  0.33986977
 0.00000000  2.05000000  0.27839915
 0.00000000  2.10000000  0.14070390
 0.00000000  2.15000000 -0.04985426
 0.00000000  2.20000000 -0.22969268
 0.05000000 -0.25000000  0.33104466
 0.05000000 -0.20000000  0.33378967
 0.05000000 -0.15000000  0.19281661
 0.05000000 -0.10000000 -0.13266197
 0.05000000 -0.05000000 -0.63679097
 0.05000000  0.00000000 -1.27721359
 0.05000000  0.05000000 -1.99003773
 0.05000000  0.10000000 -2.65482191
 0.05000000  0.15000000 -3.19124030
 0.05000000  0.20000000 -3.52355526
 0.05000000  0.25000000 -3.62300544
 0.05000000  0.30000000 -3.48476738
 0.05000000  0.35000000 -3.17436626
 0.05000000  0.40000000 -2.74707475
 0.05000000  0.45000000 -2.30707835
 0.05000000  0.50000000 -1.91908889
 0.05000000  0.55000000 -1.64492604
 0.05000000  0.60000000 -1.49521673
 0.05000000  0.65000000 -1.44874497
 0.05000000  0.70000000 -1.45663429
 0.05000000  0.75000000 -1.46401367
 0.05000000  0.80000000 -1.42399800
 0.05000000  0.85000000 -1.32291035
 0.05000000  0.90000000 -1.16793673
 0.05000000  0.95000000 -0.98765638
 0.05000000  1.00000000 -0.81895750
 0.05000000  1.05000000 -0.69818621
 0.05000000  1.10000000 -0.64632082
 0.05000000  1.15000000 -0.68464129
 0.05000000  1.20000000 -0.81748400
 0.05000000  1.25000000 -1.04686513
 0.05000000  1.30000000 -1.33273535
 0.05000000  1.35000000 -1.65692127
 0.05000000  1.40000000 -1.94681213
 0.05000000  1.45000000 -2.16372442
 0.05000000  1.50000000 -2.26728470
 0.05000000  1.55000000 -2.22048917
 0.05000000  1.60000000 -2.04214446
 0.05000000  1.65000000 -1.73389888
 0.05000000  1.70000000 -1.33583575
 0.05000000  1.75000000 -0.88954607
 0.05000000  1.80000000 -0.44900254
 0.05000000  1.85000000 -0.04628253
 0.05000000  1.90000000  0.27130283
 0.05000000  1.95000000  0.47863666
 0.05000000  2.00000000  0.55335638
 0.05000000  2.05000000  0.49523942
 0.05000000  2.10000000  0.33654472
 0.05000000  2.15000000  0.11440414
 0.05000000  2.20000000 -0.11770673
 0.10000000 -0.25000000  0.04485800
 0.10000000 -0.20000000 -0.02375740
 0.10000000 -0.15000000 -0.23089499
 0.10000000 -0.10000000 -0.59700435
 0.10000000 -0.05000000 -1.12583734
 0.10000000  0.00000000 -1.76826764
 0.10000000  0.05000000 -2.44741443
 0.10000000  0.10000000 -3.09070446
 0.10000000  0.15000000 -3.60326171
 0.10000000  0.20000000 -3.91278427
 0.10000000  0.25000000 -3.98471475
 0.10000000  0.30000000 -3.82736293
 0.10000000  0.35000000 -3.50646731
 0.10000000  0.40000000 -3.07291109
 0.10000000  0.45000000 -2.61690943
 0.10000000  0.50000000 -2.23369598
 0.10000000  0.55000000 -1.96328087
 0.10000000  0.60000000 -1.81481431
 0.10000000  0.65000000 -1.75640396
 0.10000000  0.70000000 -1.75439118
 0.10000000  0.75000000 -1.73633813
 0.10000000  0.80000000 -1.66351242
 0.10000000  0.85000000 -1.51603378
 0.10000000  0.90000000 -1.30423556
 0.10000000  0.95000000 -1.06551887
 0.10000000  1.00000000 -0.84316842
 0.10000000  1.05000000 -0.66078595
 0.10000000  1.10000000 -0.56221539
 0.10000000  1.15000000 -0.54503915
 0.10000000  1.20000000 -0.62732572
 0.10000000  1.25000000 -0.80393350
 0.10000000  1.30000000 -1.05712714
 0.10000000  1.35000000 -1.33589916
 0.10000000  1.40000000 -1.61932767
 0.10000000  1.45000000 -1.83558462
 0.10000000  1.50000000 -1.96526682
 0.10000000  1.55000000 -1.96583556
 0.10000000  1.60000000 -1.83180450
 0.10000000  1.65000000 -1.57420517
 0.10000000  1.70000000 -1.22511286
 0.10000000  1.75000000 -0.79962766
 0.10000000  1.80000000 -0.35336142
 0.10000000  1.85000000  0.06671248
 0.10000000  1.90000000  0.41800766
 0.10000000  1.95000000  0.65235149
 0.10000000  2.00000000  0.74921975
 0.10000000  2.05000000  0.70427466
 0.10000000  2.10000000  0.53572428
 0.10000000  2.15000000  0.29298829
 0.10000000  2.20000000  0.02275970
 0.15000000 -0.25000000 -0.21642814
 0.15000000 -0.20000000 -0.33899074
 0.15000000 -0.15000000 -0.58547236
 0.15000000 -0.10000000 -0.96846865
 0.15000000 -0.05000000 -1.48269192
 0.15000000  0.00000000 -2.08644834
 0.15000000  0.05000000 -2.71183332
 0.15000000  0.10000000 -3.29378396
 0.15000000  0.15000000 -3.75365199
 0.15000000  0.20000000 -4.02850753
 0.15000000  0.25000000 -4.09169573
 0.15000000  0.30000000 -3.94659433
 0.15000000  0.35000000 -3.64082311
 0.15000000  0.40000000 -3.23213228
 0.15000000  0.45000000 -2.81911907
 0.15000000  0.50000000 -2.46495675
 0.15000000  0.55000000 -2.20886562
 0.15000000  0.60000000 -2.06978532
 0.15000000  0.65000000 -2.00349384
 0.15000000  0.70000000 -1.97220639
 0.15000000  0.75000000 -1.91570572
 0.15000000  0.80000000 -1.80106369
 0.15000000  0.85000000 -1.60054291
 0.15000000  0.90000000 -1.34740030
 0.15000000  0.95000000 -1.06836410
 0.15000000  1.00000000 -0.81419419
 0.15000000  1.05000000 -0.60352174
 0.15000000  1.10000000 -0.46559063
 0.15000000  1.15000000 -0.41319029
 0.15000000  1.20000000 -0.45319727
 0.15000000  1.25000000 -0.58690258
 0.15000000  1.30000000 -0.78726118
 0.15000000  1.35000000 -1.03418564
 0.15000000  1.40000000 -1.28925785
 0.15000000  1.45000000 -1.50570444
 0.15000000  1.50000000 -1.64194591
 0.15000000  1.55000000 -1.66917253
 0.15000000  1.60000000 -1.58825479
 0.15000000  1.65000000 -1.39050291
 0.15000000  1.70000000 -1.07608625
 0.15000000  1.75000000 -0.68940733
 0.15000000  1.80000000 -0.26183919
 0.15000000  1.85000000  0.17494641
 0.15000000  1.90000000  0.54513694
 0.15000000  1.95000000  0.80758348
 0.15000000  2.00000000  0.92738221
 0.15000000  2.05000000  0.90140473
 0.15000000  2.10000000  0.74718232
 0.15000000  2.15000000  0.49384029
 0.15000000  2.20000000  0.21544457
 0.20000000 -0.25000000 -0.41561646
 0.20000000 -0.20000000 -0.57327222
 0.20000000 -0.15000000 -0.83459050
 0.20000000 -0.10000000 -1.19833614
 0.20000000 -0.05000000 -1.66813512
 0.20000000  0.00000000 -2.19536016
 0.20000000  0.05000000 -2.74772086
 0.20000000  0.10000000 -3.24214440
 0.20000000  0.15000000 -3.63917256
 0.20000000  0.20000000 -3.87561926
 0.20000000  0.25000000 -3.93905771
 0.20000000  0.30000000 -3.81552822
 0.20000000  0.35000000 -3.55852771
 0.20000000  0.40000000 -3.22002315
 0.20000000  0.45000000 -2.87002808
 0.20000000  0.50000000 -2.57047469
 0.20000000  0.55000000 -2.34986367
 0.20000000  0.60000000 -2.22514803
 0.20000000  0.65000000 -2.15463883
 0.20000000  0.70000000 -2.08845867
 0.20000000  0.75000000 -1.98865391
 0.20000000  0.80000000 -1.81801644
 0.20000000  0.85000000 -1.58077524
 0.20000000  0.90000000 -1.30071514
 0.20000000  0.95000000 -1.00893831
 0.20000000  1.00000000 -0.73907867
 0.20000000  1.05000000 -0.53135786
 0.20000000  1.10000000 -0.38674363
 0.20000000  1.15000000 -0.32673263
 0.20000000  1.20000000 -0.34319099
 0.20000000  1.25000000 -0.43659809
 0.20000000  1.30000000 -0.59234929
 0.20000000  1.35000000 -0.80422258
 0.20000000  1.40000000 -1.01422983
 0.20000000  1.45000000 -1.20011369
 0.20000000  1.50000000 -1.33387793
 0.20000000  1.55000000 -1.37719388
 0.20000000  1.60000000 -1.33268679
 0.20000000  1.65000000 -1.17924190
 0.20000000  1.70000000 -0.91953485
 0.20000000  1.75000000 -0.56211448
 0.20000000  1.80000000 -0.15102656
 0.20000000  1.85000000  0.28357963
 0.20000000  1.90000000  0.67068650
 0.20000000  1.95000000  0.96315184
 0.20000000  2.00000000  1.12309002
 0.20000000  2.05000000  1.11347975
 0.20000000  2.10000000  0.97327136
 0.20000000  2.15000000  0.72385278
 0.20000000  2.20000000  0.43367709
 0.25000000 -0.25000000 -0.53621959
 0.25000000 -0.20000000 -0.71261777
 0.25000000 -0.15000000 -0.95933403
 0.25000000 -0.10000000 -1.27971406
 0.25000000 -0.05000000 -1.67563759
 0.25000000  0.00000000 -2.11142321
 0.25000000  0.05000000 -2.55814984
 0.25000000  0.10000000 -2.96958565
 0.25000000  0.15000000 -3.30181605
 0.25000000  0.20000000 -3.49993002
 0.25000000  0.25000000 -3.56048233
 0.25000000  0.30000000 -3.48305464
 0.25000000  0.35000000 -3.29100866
 0.25000000  0.40000000 -3.04105566
 0.25000000  0.45000000 -2.77698086
 0.25000000  0.50000000 -2.54437373
 0.25000000  0.55000000 -2.37988460
 0.25000000  0.60000000 -2.26669745
 0.25000000  0.65000000 -2.17979342
 0.25000000  0.70000000 -2.08556715
 0.25000000  0.75000000 -1.94916313
 0.25000000  0.80000000 -1.73405385
 0.25000000  0.85000000 -1.47546072
 0.25000000  0.90000000 -1.18906479
 0.25000000  0.95000000 -0.90730934
 0.25000000  1.00000000 -0.67333421
 0.25000000  1.05000000 -0.48072521
 0.25000000  1.10000000 -0.35324683
 0.25000000  1.15000000 -0.30266950
 0.25000000  1.20000000 -0.30630736
 0.25000000  1.25000000 -0.37224398
 0.25000000  1.30000000 -0.49308522
 0.25000000  1.35000000 -0.64884412
 0.25000000  1.40000000 -0.81341785
 0.25000000  1.45000000 -0.95875385
 0.25000000  1.50000000 -1.06918815
 0.25000000  1.55000000 -1.12140685
 0.25000000  1.60000000 -1.09032991
 0.25000000  1.65000000 -0.96466404
 0.25000000  1.70000000 -0.72913928
 0.25000000  1.75000000 -0.41347689
 0.25000000  1.80000000 -0.01218130
 0.25000000  1.85000000  0.40673613
 0.25000000  1.90000000  0.80593748
 0.25000000  1.95000000  1.12052504
 0.25000000  2.00000000  1.30491002
 0.25000000  2.05000000  1.32413434
 0.25000000  2.10000000  1.20981624
 0.25000000  2.15000000  0.96536066
 0.25000000  2.20000000  0.67028172
 0.30000000 -0.25000000 -0.59791166
 0.30000000 -0.20000000 -0.75209967
 0.30000000 -0.15000000 -0.96265271
 0.30000000 -0.10000000 -1.21228193
 0.30000000 -0.05000000 -1.51851903
 0.30000000  0.00000000 -1.85458252
 0.30000000  0.05000000 -2.20167639
 0.30000000  0.10000000 -2.52225776
 0.30000000  0.15000000 -2.79404895
 0.30000000  0.20000000 -2.96627545
 0.30000000  0.25000000 -3.03752686
 0.30000000  0.30000000 -3.00390852
 0.30000000  0.35000000 -2.88696680
 0.30000000  0.40000000 -2.72209373
 0.30000000  0.45000000 -2.55155185
 0.30000000  0.50000000 -2.39513563
 0.30000000  0.55000000 -2.28535229
 0.30000000  0.60000000 -2.19539115
 0.30000000  0.65000000 -2.10173093
 0.30000000  0.70000000 -1.98702223
 0.30000000  0.75000000 -1.81182248
 0.30000000  0.80000000 -1.58031620
 0.30000000  0.85000000 -1.32359975
 0.30000000  0.90000000 -1.05045486
 0.30000000  0.95000000 -0.80692575
 0.30000000  1.00000000 -0.60510299
 0.30000000  1.05000000 -0.46651153
 0.30000000  1.10000000 -0.37459406
 0.30000000  1.15000000 -0.34497048
 0.30000000  1.20000000 -0.36204953
 0.30000000  1.25000000 -0.40974946
 0.30000000  1.30000000 -0.48880279
 0.30000000  1.35000000 -0.57579307
 0.30000000  1.40000000 -0.69499631
 0.30000000  1.45000000 -0.78303463
 0.30000000  1.50000000 -0.85698342
 0.30000000  1.55000000 -0.87442767
 0.30000000  1.60000000 -0.83341242
 0.30000000  1.65000000 -0.73037095
 0.30000000  1.70000000 -0.52632135
 0.30000000  1.75000000 -0.23808324
 0.30000000  1.80000000  0.13168337
 0.30000000  1.85000000  0.54643582
 0.30000000  1.90000000  0.94832197
 0.30000000  1.95000000  1.27755060
 0.30000000  2.00000000  1.47729698
 0.30000000  2.05000000  1.53110656
 0.30000000  2.10000000  1.41600623
 0.30000000  2.15000000  1.19072678
 0.30000000  2.20000000  0.89997607
 0.35000000 -0.25000000 -0.58932035
 0.35000000 -0.20000000 -0.71172327
 0.35000000 -0.15000000 -0.85648116
 0.35000000 -0.10000000 -1.03800092
 0.35000000 -0.05000000 -1.23994265
 0.35000000  0.00000000 -1.47404377
 0.35000000  0.05000000 -1.73807791
 0.35000000  0.10000000 -1.98706525
 0.35000000  0.15000000 -2.20638531
 0.35000000  0.20000000 -2.36051956
 0.35000000  0.25000000 -2.44415973
 0.35000000  0.30000000 -2.45100424
 0.35000000  0.35000000 -2.40199741
 0.35000000  0.40000000 -2.32493630
 0.35000000  0.45000000 -2.23528019
 0.35000000  0.50000000 -2.16272522
 0.35000000  0.55000000 -2.10385698
 0.35000000  0.60000000 -2.03783056
 0.35000000  0.65000000 -1.93759762
 0.35000000  0.70000000 -1.80919490
 0.35000000  0.75000000 -1.62995999
 0.35000000  0.80000000 -1.39543757
 0.35000000  0.85000000 -1.15264878
 0.35000000  0.90000000 -0.91604984
 0.35000000  0.95000000 -0.72435845
 0.35000000  1.00000000 -0.57851578
 0.35000000  1.05000000 -0.49285353
 0.35000000  1.10000000 -0.45447896
 0.35000000  1.15000000 -0.45545384
 0.35000000  1.20000000 -0.48088562
 0.35000000  1.25000000 -0.51678897
 0.35000000  1.30000000 -0.55605362
 0.35000000  1.35000000 -0.59939431
 0.35000000  1.40000000 -0.63018241
 0.35000000  1.45000000 -0.65141560
 0.35000000  1.50000000 -0.65949360
 0.35000000  1.55000000 -0.63783672
 0.35000000  1.60000000 -0.58471943
 0.35000000  1.65000000 -0.47042079
 0.35000000  1.70000000 -0.29543738
 0.35000000  1.75000000 -0.03131348
 0.35000000  1.80000000  0.31436853
 0.35000000  1.85000000  0.70968277
 0.35000000  1.90000000  1.09692146
 0.35000000  1.95000000  1.43174286
 0.35000000  2.00000000  1.63892245
 0.35000000  2.05000000  1.69463301
 0.35000000  2.10000000  1.59201115
 0.35000000  2.15000000  1.37394231
 0.35000000  2.20000000  1.09183346
 0.40000000 -0.25000000 -0.54811039
 0.40000000 -0.20000000 -0.61409998
 0.40000000 -0.15000000 -0.68765661
 0.40000000 -0.10000000 -0.78645527
 0.40000000 -0.05000000 -0.90870070
 0.40000000  0.00000000 -1.06399862
 0.40000000  0.05000000 -1.24502131
 0.40000000  0.10000000 -1.43548102
 0.40000000  0.15000000 -1.61792748
 0.40000000  0.20000000 -1.76933135
 0.40000000  0.25000000 -1.86484775
 0.40000000  0.30000000 -1.91167273
 0.40000000  0.35000000 -1.92819154
 0.40000000  0.40000000 -1.90814432
 0.40000000  0.45000000 -1.89303816
 0.40000000  0.50000000 -1.87906613
 0.40000000  0.55000000 -1.86152594
 0.40000000  0.60000000 -1.83267769
 0.40000000  0.65000000 -1.75951407
 0.40000000  0.70000000 -1.62254420
 0.40000000  0.75000000 -1.44926358
 0.40000000  0.80000000 -1.23386006
 0.40000000  0.85000000 -1.01033912
 0.40000000  0.90000000 -0.81685464
 0.40000000  0.95000000 -0.67200569
 0.40000000  1.00000000 -0.57923108
 0.40000000  1.05000000 -0.55144536
 0.40000000  1.10000000 -0.55965818
 0.40000000  1.15000000 -0.59840536
 0.40000000  1.20000000 -0.63677593
 0.40000000  1.25000000 -0.66005586
 0.40000000  1.30000000 -0.65893933
 0.40000000  1.35000000 -0.63794517
 0.40000000  1.40000000 -0.60129967
 0.40000000  1.45000000 -0.53055373
 0.40000000  1.50000000 -0.47298492
 0.40000000  1.55000000 -0.40182415
 0.40000000  1.60000000 -0.30975794
 0.40000000  1.65000000 -0.20042337
 0.40000000  1.70000000 -0.02865571
 0.40000000  1.75000000  0.20179675
 0.40000000  1.80000000  0.50854782
 0.40000000  1.85000000  0.87884472
 0.40000000  1.90000000  1.24857286
 0.40000000  1.95000000  1.55833812
 0.40000000  2.00000000  1.76607047
 0.40000000  2.05000000  1.81122180
 0.40000000  2.10000000  1.71079337
 0.40000000  2.15000000  1.49499301
 0.40000000  2.20000000  1.22280326
 0.45000000 -0.25000000 -0.49734682
 0.45000000 -0.20000000 -0.50339424
 0.45000000 -0.15000000 -0.52419785
 0.45000000 -0.10000000 -0.55380000
 0.45000000 -0.05000000 -0.59785594
 0.45000000  0.00000000 -0.67949335
 0.45000000  0.05000000 -0.80554814
 0.45000000  0.10000000 -0.95359185
 0.45000000  0.15000000 -1.11779318
 0.45000000  0.20000000 -1.26569807
 0.45000000  0.25000000 -1.37667470
 0.45000000  0.30000000 -1.45496055
 0.45000000  0.35000000 -1.49403528
 0.45000000  0.40000000 -1.53582092
 0.45000000  0.45000000 -1.56716068
 0.45000000  0.50000000 -1.59774336
 0.45000000  0.55000000 -1.61948874
 0.45000000  0.60000000 -1.61706230
 0.45000000  0.65000000 -1.56059782
 0.45000000  0.70000000 -1.44651618
 0.45000000  0.75000000 -1.28393398
 0.45000000  0.80000000 -1.09782050
 0.45000000  0.85000000 -0.91128307
 0.45000000  0.90000000 -0.75933642
 0.45000000  0.95000000 -0.65275693
 0.45000000  1.00000000 -0.60775895
 0.45000000  1.05000000 -0.62083528
 0.45000000  1.10000000 -0.67399725
 0.45000000  1.15000000 -0.74087176
 0.45000000  1.20000000 -0.78758919
 0.45000000  1.25000000 -0.79710223
 0.45000000  1.30000000 -0.77625763
 0.45000000  1.35000000 -0.69780258
 0.45000000  1.40000000 -0.57380572
 0.45000000  1.45000000 -0.43950783
 0.45000000  1.50000000 -0.29808741
 0.45000000  1.55000000 -0.16531578
 0.45000000  1.60000000 -0.04851960
 0.45000000  1.65000000  0.07194265
 0.45000000  1.70000000  0.22152305
 0.45000000  1.75000000  0.43078077
 0.45000000  1.80000000  0.69251171
 0.45000000  1.85000000  1.02316828
 0.45000000  1.90000000  1.35666720
 0.45000000  1.95000000  1.64573730
 0.45000000  2.00000000  1.82984699
 0.45000000  2.05000000  1.86655720
 0.45000000  2.10000000  1.75734243
 0.45000000  2.15000000  1.53611389
 0.45000000  2.20000000  1.28864183
 0.50000000 -0.25000000 -0.46415334
 0.50000000 -0.20000000 -0.43354958
 0.50000000 -0.15000000 -0.39809694
 0.50000000 -0.10000000 -0.36375947
 0.50000000 -0.05000000 -0.36134624
 0.50000000  0.00000000 -0.39944946
 0.50000000  0.05000000 -0.48276044
 0.50000000  0.10000000 -0.60520111
 0.50000000  0.15000000 -0.74401260
 0.50000000  0.20000000 -0.88364074
 0.50000000  0.25000000 -1.00879141
 0.50000000  0.30000000 -1.09085050
 0.50000000  0.35000000 -1.15711877
 0.50000000  0.40000000 -1.22410528
 0.50000000  0.45000000 -1.28045555
 0.50000000  0.50000000 -1.34797930
 0.50000000  0.55000000 -1.39220355
 0.50000000  0.60000000 -1.41864240
 0.50000000  0.65000000 -1.38557375
 0.50000000  0.70000000 -1.30148597
 0.50000000  0.75000000 -1.17015537
 0.50000000  0.80000000 -1.00509911
 0.50000000  0.85000000 -0.85252519
 0.50000000  0.90000000 -0.73215637
 0.50000000  0.95000000 -0.66422247
 0.50000000  1.00000000 -0.65431803
 0.50000000  1.05000000 -0.70386669
 0.50000000  1.10000000 -0.77855023
 0.50000000  1.15000000 -0.86080560
 0.50000000  1.20000000 -0.92255191
 0.50000000  1.25000000 -0.93121312
 0.50000000  1.30000000 -0.87245447
 0.50000000  1.35000000 -0.74616403
 0.50000000  1.40000000 -0.55964715
 0.50000000  1.45000000 -0.35915702
 0.50000000  1.50000000 -0.14487441
 0.50000000  1.55000000  0.03052960
 0.50000000  1.60000000  0.18437612
 0.50000000  1.65000000  0.30869971
 0.50000000  1.70000000  0.44814429
 0.50000000  1.75000000  0.61411680
 0.50000000  1.80000000  0.85118893
 0.50000000  1.85000000  1.12641310
 0.50000000  1.90000000  1.42099373
 0.50000000  1.95000000  1.67243004
 0.50000000  2.00000000  1.82125083
 0.50000000  2.05000000  1.84400079
 0.50000000  2.10000000  1.73489149
 0.50000000  2.15000000  1.51831391
 0.50000000  2.20000000  1.26880138
 0.55000000 -0.25000000 -0.50061157
 0.55000000 -0.20000000 -0.43412132
 0.55000000 -0.15000000 -0.37071611
 0.55000000 -0.10000000 -0.30009546
 0.55000000 -0.05000000 -0.25952619
 0.55000000  0.00000000 -0.26431078
 0.55000000  0.05000000 -0.30936403
 0.55000000  0.10000000 -0.40828903
 0.55000000  0.15000000 -0.52867385
 0.55000000  0.20000000 -0.65215289
 0.55000000  0.25000000 -0.76308273
 0.55000000  0.30000000 -0.84557525
 0.55000000  0.35000000 -0.92059218
 0.55000000  0.40000000 -0.97915401
 0.55000000  0.45000000 -1.04956810
 0.55000000  0.50000000 -1.13106815
 0.55000000  0.55000000 -1.19853445
 0.55000000  0.60000000 -1.24087019
 0.55000000  0.65000000 -1.23203963
 0.55000000  0.70000000 -1.17918881
 0.55000000  0.75000000 -1.07864853
 0.55000000  0.80000000 -0.95686737
 0.55000000  0.85000000 -0.82349592
 0.55000000  0.90000000 -0.72837224
 0.55000000  0.95000000 -0.68964690
 0.55000000  1.00000000 -0.69890769
 0.55000000  1.05000000 -0.77125658
 0.55000000  1.10000000 -0.87481457
 0.55000000  1.15000000 -0.97270408
 0.55000000  1.20000000 -1.02907330
 0.55000000  1.25000000 -1.03203499
 0.55000000  1.30000000 -0.94868364
 0.55000000  1.35000000 -0.79045669
 0.55000000  1.40000000 -0.56373341
 0.55000000  1.45000000 -0.29844244
 0.55000000  1.50000000 -0.04387300
 0.55000000  1.55000000  0.17333846
 0.55000000  1.60000000  0.34987081
 0.55000000  1.65000000  0.48277087
 0.55000000  1.70000000  0.60255621
 0.55000000  1.75000000  0.74150146
 0.55000000  1.80000000  0.92849359
 0.55000000  1.85000000  1.16599645
 0.55000000  1.90000000  1.41642189
 0.55000000  1.95000000  1.63874306
 0.55000000  2.00000000  1.76282877
 0.55000000  2.05000000  1.76085563
 0.55000000  2.10000000  1.64390854
 0.55000000  2.15000000  1.43707910
 0.55000000  2.20000000  1.20755400
 0.60000000 -0.25000000 -0.56878717
 0.60000000 -0.20000000 -0.50161391
 0.60000000 -0.15000000 -0.42696992
 0.60000000 -0.10000000 -0.35432079
 0.60000000 -0.05000000 -0.29488272
 0.60000000  0.00000000 -0.27264743
 0.60000000  0.05000000 -0.29460777
 0.60000000  0.10000000 -0.36078653
 0.60000000  0.15000000 -0.45544504
 0.60000000  0.20000000 -0.54762988
 0.60000000  0.25000000 -0.63411914
 0.60000000  0.30000000 -0.69623914
 0.60000000  0.35000000 -0.74402496
 0.60000000  0.40000000 -0.79803150
 0.60000000  0.45000000 -0.86158705
 0.60000000  0.50000000 -0.93668430
 0.60000000  0.55000000 -1.01362925
 0.60000000  0.60000000 -1.06287647
 0.60000000  0.65000000 -1.09491654
 0.60000000  0.70000000 -1.06816666
 0.60000000  0.75000000 -1.00502615
 0.60000000  0.80000000 -0.90444714
 0.60000000  0.85000000 -0.80935111
 0.60000000  0.90000000 -0.74080709
 0.60000000  0.95000000 -0.71818508
 0.60000000  1.00000000 -0.75437067
 0.60000000  1.05000000 -0.83669762
 0.60000000  1.10000000 -0.93709477
 0.60000000  1.15000000 -1.04871730
 0.60000000  1.20000000 -1.11070837
 0.60000000  1.25000000 -1.11280312
 0.60000000  1.30000000 -1.01358962
 0.60000000  1.35000000 -0.83298420
 0.60000000  1.40000000 -0.58449755
 0.60000000  1.45000000 -0.29848635
 0.60000000  1.50000000 -0.00842101
 0.60000000  1.55000000  0.23714944
 0.60000000  1.60000000  0.42368412
 0.60000000  1.65000000  0.55182390
 0.60000000  1.70000000  0.65648640
 0.60000000  1.75000000  0.78031589
 0.60000000  1.80000000  0.93861518
 0.60000000  1.85000000  1.14067085
 0.60000000  1.90000000  1.36172682
 0.60000000  1.95000000  1.53920466
 0.60000000  2.00000000  1.65042982
 0.60000000  2.05000000  1.63588275
 0.60000000  2.10000000  1.51706694
 0.60000000  2.15000000  1.31762589
 0.60000000  2.20000000  1.09641373
 0.65000000 -0.25000000 -0.67881994
 0.65000000 -0.20000000 -0.62377565
 0.65000000 -0.15000000 -0.56787380
 0.65000000 -0.10000000 -0.50108622
 0.65000000 -0.05000000 -0.44753695
 0.65000000  0.00000000 -0.40790340
 0.65000000  0.05000000 -0.40361928
 0.65000000  0.10000000 -0.43398097
 0.65000000  0.15000000 -0.47808036
 0.65000000  0.20000000 -0.53957424
 0.65000000  0.25000000 -0.58439420
 0.65000000  0.30000000 -0.61190624
 0.65000000  0.35000000 -0.62925987
 0.65000000  0.40000000 -0.65615045
 0.65000000  0.45000000 -0.68978876
 0.65000000  0.50000000 -0.75468571
 0.65000000  0.55000000 -0.82013113
 0.65000000  0.60000000 -0.88565769
 0.65000000  0.65000000 -0.91965951
 0.65000000  0.70000000 -0.92597681
 0.65000000  0.75000000 -0.89782659
 0.65000000  0.80000000 -0.82996879
 0.65000000  0.85000000 -0.77396362
 0.65000000  0.90000000 -0.73899744
 0.65000000  0.95000000 -0.73868447
 0.65000000  1.00000000 -0.79737965
 0.65000000  1.05000000 -0.88929928
 0.65000000  1.10000000 -1.00923031
 0.65000000  1.15000000 -1.11630191
 0.65000000  1.20000000 -1.17306083
 0.65000000  1.25000000 -1.17506442
 0.65000000  1.30000000 -1.07793399
 0.65000000  1.35000000 -0.89270415
 0.65000000  1.40000000 -0.61902302
 0.65000000  1.45000000 -0.32095328
 0.65000000  1.50000000 -0.02489000
 0.65000000  1.55000000  0.22924636
 0.65000000  1.60000000  0.40827610
 0.65000000  1.65000000  0.53728558
 0.65000000  1.70000000  0.63451376
 0.65000000  1.75000000  0.73361662
 0.65000000  1.80000000  0.88323184
 0.65000000  1.85000000  1.06024186
 0.65000000  1.90000000  1.25561264
 0.65000000  1.95000000  1.42352214
 0.65000000  2.00000000  1.50996249
 0.65000000  2.05000000  1.49722395
 0.65000000  2.10000000  1.38887029
 0.65000000  2.15000000  1.18656181
 0.65000000  2.20000000  0.96913553
 0.70000000 -0.25000000 -0.74967298
 0.70000000 -0.20000000 -0.73933927
 0.70000000 -0.15000000 -0.72139295
 0.70000000 -0.10000000 -0.69966940
 0.70000000 -0.05000000 -0.66422745
 0.70000000  0.00000000 -0.61441773
 0.70000000  0.05000000 -0.58516337
 0.70000000  0.10000000 -0.57259921
 0.70000000  0.15000000 -0.57781688
 0.70000000  0.20000000 -0.57811517
 0.70000000  0.25000000 -0.58338606
 0.70000000  0.30000000 -0.57133006
 0.70000000  0.35000000 -0.55897624
 0.70000000  0.40000000 -0.53581591
 0.70000000  0.45000000 -0.53835306
 0.70000000  0.50000000 -0.57094928
 0.70000000  0.55000000 -0.61701710
 0.70000000  0.60000000 -0.66873008
 0.70000000  0.65000000 -0.72114980
 0.70000000  0.70000000 -0.73837982
 0.70000000  0.75000000 -0.74389882
 0.70000000  0.80000000 -0.71656678
 0.70000000  0.85000000 -0.70258991
 0.70000000  0.90000000 -0.70788756
 0.70000000  0.95000000 -0.74755158
 0.70000000  1.00000000 -0.82641836
 0.70000000  1.05000000 -0.93635749
 0.70000000  1.10000000 -1.05562223
 0.70000000  1.15000000 -1.16254510
 0.70000000  1.20000000 -1.22679589
 0.70000000  1.25000000 -1.21153389
 0.70000000  1.30000000 -1.11546671
 0.70000000  1.35000000 -0.92013950
 0.70000000  1.40000000 -0.66069428
 0.70000000  1.45000000 -0.36058924
 0.70000000  1.50000000 -0.07624796
 0.70000000  1.55000000  0.16935339
 0.70000000  1.60000000  0.35129500
 0.70000000  1.65000000  0.46027604
 0.70000000  1.70000000  0.54520665
 0.70000000  1.75000000  0.63958661
 0.70000000  1.80000000  0.77606250
 0.70000000  1.85000000  0.94479565
 0.70000000  1.90000000  1.13448163
 0.70000000  1.95000000  1.28682050
 0.70000000  2.00000000  1.37164251
 0.70000000  2.05000000  1.34927986
 0.70000000  2.10000000  1.23796258
 0.70000000  2.15000000  1.04116736
 0.70000000  2.20000000  0.81557791
 0.75000000 -0.25000000 -0.74430213
 0.75000000 -0.20000000 -0.78557423
 0.75000000 -0.15000000 -0.83725663
 0.75000000 -0.10000000 -0.85891976
 0.75000000 -0.05000000 -0.86538407
 0.75000000  0.00000000 -0.83347088
 0.75000000  0.05000000 -0.78563954
 0.75000000  0.10000000 -0.74781433
 0.75000000  0.15000000 -0.70237951
 0.75000000  0.20000000 -0.65745022
 0.75000000  0.25000000 -0.61195412
 0.75000000  0.30000000 -0.55904496
 0.75000000  0.35000000 -0.49656782
 0.75000000  0.40000000 -0.43743785
 0.75000000  0.45000000 -0.40162494
 0.75000000  0.50000000 -0.39327735
 0.75000000  0.55000000 -0.40828819
 0.75000000  0.60000000 -0.44387221
 0.75000000  0.65000000 -0.47963981
 0.75000000  0.70000000 -0.51575521
 0.75000000  0.75000000 -0.53247282
 0.75000000  0.80000000 -0.55168081
 0.75000000  0.85000000 -0.58485082
 0.75000000  0.90000000 -0.63193714
 0.75000000  0.95000000 -0.71974059
 0.75000000  1.00000000 -0.81967762
 0.75000000  1.05000000 -0.94689327
 0.75000000  1.10000000 -1.06667492
 0.75000000  1.15000000 -1.17098802
 0.75000000  1.20000000 -1.22433048
 0.75000000  1.25000000 -1.20881522
 0.75000000  1.30000000 -1.10543545
 0.75000000  1.35000000 -0.92077501
 0.75000000  1.40000000 -0.65997956
 0.75000000  1.45000000 -0.36401855
 0.75000000  1.50000000 -0.09953028
 0.75000000  1.55000000  0.12551997
 0.75000000  1.60000000  0.27387696
 0.75000000  1.65000000  0.37473923
 0.75000000  1.70000000  0.43425248
 0.75000000  1.75000000  0.52150405
 0.75000000  1.80000000  0.63838614
 0.75000000  1.85000000  0.80479986
 0.75000000  1.90000000  0.99343707
 0.75000000  1.95000000  1.14671723
 0.75000000  2.00000000  1.21631704
 0.75000000  2.05000000  1.20710452
 0.75000000  2.10000000  1.08712681
 0.75000000  2.15000000  0.88831231
 0.75000000  2.20000000  0.65057909
 0.80000000 -0.25000000 -0.62131398
 0.80000000 -0.20000000 -0.73633674
 0.80000000 -0.15000000 -0.85760866
 0.80000000 -0.10000000 -0.95891741
 0.80000000 -0.05000000 -1.01445905
 0.80000000  0.00000000 -1.01450098
 0.80000000  0.05000000 -0.97256202
 0.80000000  0.10000000 -0.90815331
 0.80000000  0.15000000 -0.83276965
 0.80000000  0.20000000 -0.74662039
 0.80000000  0.25000000 -0.65619515
 0.80000000  0.30000000 -0.56110547
 0.80000000  0.35000000 -0.46663610
 0.80000000  0.40000000 -0.37845853
 0.80000000  0.45000000 -0.30801499
 0.80000000  0.50000000 -0.25617709
 0.80000000  0.55000000 -0.22443053
 0.80000000  0.60000000 -0.22266720
 0.80000000  0.65000000 -0.23252679
 0.80000000  0.70000000 -0.25534894
 0.80000000  0.75000000 -0.29280321
 0.80000000  0.80000000 -0.34323754
 0.80000000  0.85000000 -0.41698578
 0.80000000  0.90000000 -0.50661134
 0.80000000  0.95000000 -0.62271839
 0.80000000  1.00000000 -0.76377523
 0.80000000  1.05000000 -0.90097241
 0.80000000  1.10000000 -1.02376570
 0.80000000  1.15000000 -1.12887620
 0.80000000  1.20000000 -1.16939142
 0.80000000  1.25000000 -1.14140283
 0.80000000  1.30000000 -1.02586195
 0.80000000  1.35000000 -0.84010852
 0.80000000  1.40000000 -0.58375212
 0.80000000  1.45000000 -0.30408561
 0.80000000  1.50000000 -0.05008734
 0.80000000  1.55000000  0.13756667
 0.80000000  1.60000000  0.24640844
 0.80000000  1.65000000  0.30371688
 0.80000000  1.70000000  0.33690782
 0.80000000  1.75000000  0.39561620
 0.80000000  1.80000000  0.49715356
 0.80000000  1.85000000  0.65269949
 0.80000000  1.90000000  0.83445424
 0.80000000  1.95000000  0.98566430
 0.80000000  2.00000000  1.05905751
 0.80000000  2.05000000  1.04098786
 0.80000000  2.10000000  0.91135968
 0.80000000  2.15000000  0.71658691
 0.80000000  2.20000000  0.47749016
 0.85000000 -0.25000000 -0.35899771
 0.85000000 -0.20000000 -0.55110226
 0.85000000 -0.15000000 -0.76364029
 0.85000000 -0.10000000 -0.95096134
 0.85000000 -0.05000000 -1.07661573
 0.85000000  0.00000000 -1.13343619
 0.85000000  0.05000000 -1.10671618
 0.85000000  0.10000000 -1.04305466
 0.85000000  0.15000000 -0.94954204
 0.85000000  0.20000000 -0.84272809
 0.85000000  0.25000000 -0.72732070
 0.85000000  0.30000000 -0.60789319
 0.85000000  0.35000000 -0.48883044
 0.85000000  0.40000000 -0.37807848
 0.85000000  0.45000000 -0.26853954
 0.85000000  0.50000000 -0.16244038
 0.85000000  0.55000000 -0.08791683
 0.85000000  0.60000000 -0.03510022
 0.85000000  0.65000000 -0.01014783
 0.85000000  0.70000000 -0.00807822
 0.85000000  0.75000000 -0.04704666
 0.85000000  0.80000000 -0.10202540
 0.85000000  0.85000000 -0.20234741
 0.85000000  0.90000000 -0.32367698
 0.85000000  0.95000000 -0.46987596
 0.85000000  1.00000000 -0.62872604
 0.85000000  1.05000000 -0.78090363
 0.85000000  1.10000000 -0.90655836
 0.85000000  1.15000000 -0.99641696
 0.85000000  1.20000000 -1.03509503
 0.85000000  1.25000000 -0.98965773
 0.85000000  1.30000000 -0.85940871
 0.85000000  1.35000000 -0.65525239
 0.85000000  1.40000000 -0.40121540
 0.85000000  1.45000000 -0.13329084
 0.85000000  1.50000000  0.08899585
 0.85000000  1.55000000  0.24344793
 0.85000000  1.60000000  0.30781083
 0.85000000  1.65000000  0.30259160
 0.85000000  1.70000000  0.28783683
 0.85000000  1.75000000  0.29104912
 0.85000000  1.80000000  0.35766254
 0.85000000  1.85000000  0.48728180
 0.85000000  1.90000000  0.64784874
 0.85000000  1.95000000  0.77900262
 0.85000000  2.00000000  0.85673990
 0.85000000  2.05000000  0.83611159
 0.85000000  2.10000000  0.71546631
 0.85000000  2.15000000  0.51527239
 0.85000000  2.20000000  0.28012096
 0.90000000 -0.25000000  0.02337502
 0.90000000 -0.20000000 -0.25094830
 0.90000000 -0.15000000 -0.54614965
 0.90000000 -0.10000000 -0.83297011
 0.90000000 -0.05000000 -1.04820312
 0.90000000  0.00000000 -1.16859038
 0.90000000  0.05000000 -1.19013047
 0.90000000  0.10000000 -1.14591553
 0.90000000  0.15000000 -1.04443090
 0.90000000  0.20000000 -0.93763422
 0.90000000  0.25000000 -0.81654489
 0.90000000  0.30000000 -0.68748713
 0.90000000  0.35000000 -0.56010021
 0.90000000  0.40000000 -0.43754157
 0.90000000  0.45000000 -0.29899271
 0.90000000  0.50000000 -0.16672600
 0.90000000  0.55000000 -0.04186277
 0.90000000  0.60000000  0.06430465
 0.90000000  0.65000000  0.13979699
 0.90000000  0.70000000  0.18509453
 0.90000000  0.75000000  0.17437298
 0.90000000  0.80000000  0.12024730
 0.90000000  0.85000000  0.02575383
 0.90000000  0.90000000 -0.10349968
 0.90000000  0.95000000 -0.25541019
 0.90000000  1.00000000 -0.41658403
 0.90000000  1.05000000 -0.57675197
 0.90000000  1.10000000 -0.70334899
 0.90000000  1.15000000 -0.78744223
 0.90000000  1.20000000 -0.80985148
 0.90000000  1.25000000 -0.73493166
 0.90000000  1.30000000 -0.58289926
 0.90000000  1.35000000 -0.36606037
 0.90000000  1.40000000 -0.10851878
 0.90000000  1.45000000  0.14733874
 0.90000000  1.50000000  0.33919923
 0.90000000  1.55000000  0.44369086
 0.90000000  1.60000000  0.44258008
 0.90000000  1.65000000  0.36759865
 0.90000000  1.70000000  0.27637634
 0.90000000  1.75000000  0.22161658
 0.90000000  1.80000000  0.22640681
 0.90000000  1.85000000  0.30118847
 0.90000000  1.90000000  0.42751176
 0.90000000  1.95000000  0.54484515
 0.90000000  2.00000000  0.60288509
 0.90000000  2.05000000  0.58435735
 0.90000000  2.10000000  0.46558570
 0.90000000  2.15000000  0.28643033
 0.90000000  2.20000000  0.07504436
 0.95000000 -0.25000000  0.48726564
 0.95000000 -0.20000000  0.14387417
 0.95000000 -0.15000000 -0.25412280
 0.95000000 -0.10000000 -0.63340270
 0.95000000 -0.05000000 -0.93690787
 0.95000000  0.00000000 -1.13213012
 0.95000000  0.05000000 -1.22117332
 0.95000000  0.10000000 -1.20603798
 0.95000000  0.15000000 -1.13755265
 0.95000000  0.20000000 -1.02271899
 0.95000000  0.25000000 -0.90545372
 0.95000000  0.30000000 -0.78304966
 0.95000000  0.35000000 -0.66600423
 0.95000000  0.40000000 -0.53348478
 0.95000000  0.45000000 -0.38508685
 0.95000000  0.50000000 -0.23862009
 0.95000000  0.55000000 -0.07345633
 0.95000000  0.60000000  0.08597642
 0.95000000  0.65000000  0.21425433
 0.95000000  0.70000000  0.30223197
 0.95000000  0.75000000  0.33445451
 0.95000000  0.80000000  0.31543715
 0.95000000  0.85000000  0.25077125
 0.95000000  0.90000000  0.13875090
 0.95000000  0.95000000  0.00067874
 0.95000000  1.00000000 -0.15189916
 0.95000000  1.05000000 -0.30333129
 0.95000000  1.10000000 -0.42212663
 0.95000000  1.15000000 -0.49107996
 0.95000000  1.20000000 -0.50268621
 0.95000000  1.25000000 -0.41786661
 0.95000000  1.30000000 -0.24595605
 0.95000000  1.35000000 -0.00164537
 0.95000000  1.40000000  0.26240193
 0.95000000  1.45000000  0.51004968
 0.95000000  1.50000000  0.67359492
 0.95000000  1.55000000  0.72819972
 0.95000000  1.60000000  0.65964099
 0.95000000  1.65000000  0.50175495
 0.95000000  1.70000000  0.31339202
 0.95000000  1.75000000  0.16025004
 0.95000000  1.80000000  0.09282982
 0.95000000  1.85000000  0.10594220
 0.95000000  1.90000000  0.17324262
 0.95000000  1.95000000  0.26079019
 0.95000000  2.00000000  0.31740445
 0.95000000  2.05000000  0.29285180
 0.95000000  2.10000000  0.19307203
 0.95000000  2.15000000  0.05115565
 0.95000000  2.20000000 -0.11876382
 1.00000000 -0.25000000  0.98371673
 1.00000000 -0.20000000  0.56794714
 1.00000000 -0.15000000  0.08122052
 1.00000000 -0.10000000 -0.36372842
 1.00000000 -0.05000000 -0.75064115
 1.00000000  0.00000000 -1.03339134
 1.00000000  0.05000000 -1.17930524
 1.00000000  0.10000000 -1.21945832
 1.00000000  0.15000000 -1.17537139
 1.00000000  0.20000000 -1.08742612
 1.00000000  0.25000000 -0.98511519
 1.00000000  0.30000000 -0.86919330
 1.00000000  0.35000000 -0.77074816
 1.00000000  0.40000000 -0.65495984
 1.00000000  0.45000000 -0.52309192
 1.00000000  0.50000000 -0.36064681
 1.00000000  0.55000000 -0.17098326
 1.00000000  0.60000000  0.02132491
 1.00000000  0.65000000  0.19911956
 1.00000000  0.70000000  0.33982379
 1.00000000  0.75000000  0.42435746
 1.00000000  0.80000000  0.45563577
 1.00000000  0.85000000  0.43720989
 1.00000000  0.90000000  0.36370757
 1.00000000  0.95000000  0.26265447
 1.00000000  1.00000000  0.13218524
 1.00000000  1.05000000  0.00137447
 1.00000000  1.10000000 -0.11342271
 1.00000000  1.15000000 -0.18411379
 1.00000000  1.20000000 -0.17427925
 1.00000000  1.25000000 -0.06811946
 1.00000000  1.30000000  0.12873914
 1.00000000  1.35000000  0.38044214
 1.00000000  1.40000000  0.66812826
 1.00000000  1.45000000  0.91096764
 1.00000000  1.50000000  1.04452224
 1.00000000  1.55000000  1.04860701
 1.00000000  1.60000000  0.90260732
 1.00000000  1.65000000  0.65043854
 1.00000000  1.70000000  0.38226475
 1.00000000  1.75000000  0.13102603
 1.00000000  1.80000000 -0.02790077
 1.00000000  1.85000000 -0.08135481
 1.00000000  1.90000000 -0.06407576
 1.00000000  1.95000000 -0.01631737
 1.00000000  2.00000000  0.01065611
 1.00000000  2.05000000 -0.00469501
 1.00000000  2.10000000 -0.07554823
 1.00000000  2.15000000 -0.18063332
 1.00000000  2.20000000 -0.28276750
 1.05000000 -0.25000000  1.45825121
 1.05000000 -0.20000000  0.98896053
 1.05000000 -0.15000000  0.45523388
 1.05000000 -0.10000000 -0.05996378
 1.05000000 -0.05000000 -0.51583896
 1.05000000  0.00000000 -0.85663489
 1.05000000  0.05000000 -1.06955953
 1.05000000  0.10000000 -1.16020467
 1.05000000  0.15000000 -1.15133608
 1.05000000  0.20000000 -1.09222138
 1.05000000  0.25000000 -1.00790218
 1.05000000  0.30000000 -0.93272055
 1.05000000  0.35000000 -0.84979101
 1.05000000  0.40000000 -0.75787697
 1.05000000  0.45000000 -0.64328811
 1.05000000  0.50000000 -0.48939550
 1.05000000  0.55000000 -0.30409432
 1.05000000  0.60000000 -0.09276744
 1.05000000  0.65000000  0.11172876
 1.05000000  0.70000000  0.29521188
 1.05000000  0.75000000  0.43771572
 1.05000000  0.80000000  0.52057052
 1.05000000  0.85000000  0.55909327
 1.05000000  0.90000000  0.53592700
 1.05000000  0.95000000  0.47759659
 1.05000000  1.00000000  0.37859945
 1.05000000  1.05000000  0.27927229
 1.05000000  1.10000000  0.16935016
 1.05000000  1.15000000  0.11495549
 1.05000000  1.20000000  0.13183891
 1.05000000  1.25000000  0.24352274
 1.05000000  1.30000000  0.45204482
 1.05000000  1.35000000  0.73544887
 1.05000000  1.40000000  1.02516212
 1.05000000  1.45000000  1.26187457
 1.05000000  1.50000000  1.37788132
 1.05000000  1.55000000  1.32841139
 1.05000000  1.60000000  1.12316543
 1.05000000  1.65000000  0.80306636
 1.05000000  1.70000000  0.43858268
 1.05000000  1.75000000  0.12426356
 1.05000000  1.80000000 -0.10986623
 1.05000000  1.85000000 -0.24340774
 1.05000000  1.90000000 -0.27617696
 1.05000000  1.95000000 -0.27077013
 1.05000000  2.00000000 -0.25805248
 1.05000000  2.05000000 -0.26630464
 1.05000000  2.10000000 -0.29889724
 1.05000000  2.15000000 -0.35129221
 1.05000000  2.20000000 -0.39237706
 1.10000000 -0.25000000  1.86018178
 1.10000000 -0.20000000  1.38162512
 1.10000000 -0.15000000  0.82656412
 1.10000000 -0.10000000  0.26765202
 1.10000000 -0.05000000 -0.21504590
 1.10000000  0.00000000 -0.60773861
 1.10000000  0.05000000 -0.86925906
 1.10000000  0.10000000 -1.00898203
 1.10000000  0.15000000 -1.05196112
 1.10000000  0.20000000 -1.01859348
 1.10000000  0.25000000 -0.97282755
 1.10000000  0.30000000 -0.91784278
 1.10000000  0.35000000 -0.86742691
 1.10000000  0.40000000 -0.81663652
 1.10000000  0.45000000 -0.73197479
 1.10000000  0.50000000 -0.59709268
 1.10000000  0.55000000 -0.42204574
 1.10000000  0.60000000 -0.22334401
 1.10000000  0.65000000  0.00559355
 1.10000000  0.70000000  0.20341561
 1.10000000  0.75000000  0.37951001
 1.10000000  0.80000000  0.51003450
 1.10000000  0.85000000  0.58925542
 1.10000000  0.90000000  0.62472267
 1.10000000  0.95000000  0.60680493
 1.10000000  1.00000000  0.55148549
 1.10000000  1.05000000  0.46325733
 1.10000000  1.10000000  0.38009053
 1.10000000  1.15000000  0.33303061
 1.10000000  1.20000000  0.35142046
 1.10000000  1.25000000  0.47371741
 1.10000000  1.30000000  0.69394931
 1.10000000  1.35000000  0.97855040
 1.10000000  1.40000000  1.26663490
 1.10000000  1.45000000  1.48733401
 1.10000000  1.50000000  1.58042687
 1.10000000  1.55000000  1.49982341
 1.10000000  1.60000000  1.24850329
 1.10000000  1.65000000  0.88653822
 1.10000000  1.70000000  0.47664998
 1.10000000  1.75000000  0.10694644
 1.10000000  1.80000000 -0.18014353
 1.10000000  1.85000000 -0.35412831
 1.10000000  1.90000000 -0.42574441
 1.10000000  1.95000000 -0.45396152
 1.10000000  2.00000000 -0.45471196
 1.10000000  2.05000000 -0.46431034
 1.10000000  2.10000000 -0.46972148
 1.10000000  2.15000000 -0.46336202
 1.10000000  2.20000000 -0.43029478
 1.15000000 -0.25000000  2.16607627
 1.15000000 -0.20000000  1.68999496
 1.15000000 -0.15000000  1.16125187
 1.15000000 -0.10000000  0.61998132
 1.15000000 -0.05000000  0.13059621
 1.15000000  0.00000000 -0.28031463
 1.15000000  0.05000000 -0.57855062
 1.15000000  0.10000000 -0.76125860
 1.15000000  0.15000000 -0.84976377
 1.15000000  0.20000000 -0.86891124
 1.15000000  0.25000000 -0.86088102
 1.15000000  0.30000000 -0.84794800
 1.15000000  0.35000000 -0.84200371
 1.15000000  0.40000000 -0.81949985
 1.15000000  0.45000000 -0.76870956
 1.15000000  0.50000000 -0.68122735
 1.15000000  0.55000000 -0.53022677
 1.15000000  0.60000000 -0.34494194
 1.15000000  0.65000000 -0.13728656
 1.15000000  0.70000000  0.07375074
 1.15000000  0.75000000  0.26803109
 1.15000000  0.80000000  0.42806604
 1.15000000  0.85000000  0.53976651
 1.15000000  0.90000000  0.62032757
 1.15000000  0.95000000  0.64731627
 1.15000000  1.00000000  0.61616637
 1.15000000  1.05000000  0.55119091
 1.15000000  1.10000000  0.46916179
 1.15000000  1.15000000  0.42428973
 1.15000000  1.20000000  0.45292847
 1.15000000  1.25000000  0.56204500
 1.15000000  1.30000000  0.77315728
 1.15000000  1.35000000  1.05411589
 1.15000000  1.40000000  1.33368086
 1.15000000  1.45000000  1.54017317
 1.15000000  1.50000000  1.60299393
 1.15000000  1.55000000  1.50271339
 1.15000000  1.60000000  1.23946197
 1.15000000  1.65000000  0.86367290
 1.15000000  1.70000000  0.44548267
 1.15000000  1.75000000  0.07295995
 1.15000000  1.80000000 -0.22894189
 1.15000000  1.85000000 -0.41633912
 1.15000000  1.90000000 -0.52143168
 1.15000000  1.95000000 -0.56720512
 1.15000000  2.00000000 -0.58179024
 1.15000000  2.05000000 -0.58122951
 1.15000000  2.10000000 -0.56255408
 1.15000000  2.15000000 -0.51465929
 1.15000000  2.20000000 -0.41709526
 1.20000000 -0.25000000  2.35180858
 1.20000000 -0.20000000  1.92905463
 1.20000000 -0.15000000  1.46159590
 1.20000000 -0.10000000  0.97590439
 1.20000000 -0.05000000  0.50994569
 1.20000000  0.00000000  0.10582129
 1.20000000  0.05000000 -0.21385951
 1.20000000  0.10000000 -0.44095305
 1.20000000  0.15000000 -0.57405127
 1.20000000  0.20000000 -0.65214182
 1.20000000  0.25000000 -0.69324533
 1.20000000  0.30000000 -0.72537178
 1.20000000  0.35000000 -0.75255705
 1.20000000  0.40000000 -0.77454097
 1.20000000  0.45000000 -0.77496085
 1.20000000  0.50000000 -0.71463167
 1.20000000  0.55000000 -0.60657020
 1.20000000  0.60000000 -0.45936368
 1.20000000  0.65000000 -0.26976511
 1.20000000  0.70000000 -0.06593496
 1.20000000  0.75000000  0.12250653
 1.20000000  0.80000000  0.28833586
 1.20000000  0.85000000  0.42726164
 1.20000000  0.90000000  0.52799372
 1.20000000  0.95000000  0.56751983
 1.20000000  1.00000000  0.55247687
 1.20000000  1.05000000  0.50664950
 1.20000000  1.10000000  0.42768848
 1.20000000  1.15000000  0.38342087
 1.20000000  1.20000000  0.39510798
 1.20000000  1.25000000  0.49877351
 1.20000000  1.30000000  0.69393683
 1.20000000  1.35000000  0.93518480
 1.20000000  1.40000000  1.18884201
 1.20000000  1.45000000  1.37335542
 1.20000000  1.50000000  1.41901721
 1.20000000  1.55000000  1.30824123
 1.20000000  1.60000000  1.05191418
 1.20000000  1.65000000  0.70701727
 1.20000000  1.70000000  0.32639131
 1.20000000  1.75000000 -0.01828822
 1.20000000  1.80000000 -0.27880047
 1.20000000  1.85000000 -0.45962516
 1.20000000  1.90000000 -0.56672779
 1.20000000  1.95000000 -0.61695269
 1.20000000  2.00000000 -0.64313201
 1.20000000  2.05000000 -0.63421263
 1.20000000  2.10000000 -0.60406891
 1.20000000  2.15000000 -0.51430843
 1.20000000  2.20000000 -0.38164087
 1.25000000 -0.25000000  2.41900510
 1.25000000 -0.20000000  2.08842762
 1.25000000 -0.15000000  1.70972954
 1.25000000 -0.10000000  1.31589230
 1.25000000 -0.05000000  0.90618352
 1.25000000  0.00000000  0.53413104
 1.25000000  0.05000000  0.19992664
 1.25000000  0.10000000 -0.06255336
 1.25000000  0.15000000 -0.25579502
 1.25000000  0.20000000 -0.40078017
 1.25000000  0.25000000 -0.49403901
 1.25000000  0.30000000 -0.57787918
 1.25000000  0.35000000 -0.65098299
 1.25000000  0.40000000 -0.71973041
 1.25000000  0.45000000 -0.74972367
 1.25000000  0.50000000 -0.72998072
 1.25000000  0.55000000 -0.66530228
 1.25000000  0.60000000 -0.55132407
 1.25000000  0.65000000 -0.39353156
 1.25000000  0.70000000 -0.21522349
 1.25000000  0.75000000 -0.04946194
 1.25000000  0.80000000  0.11670212
 1.25000000  0.85000000  0.25066805
 1.25000000  0.90000000  0.34670000
 1.25000000  0.95000000  0.39240815
 1.25000000  1.00000000  0.38725915
 1.25000000  1.05000000  0.32766810
 1.25000000  1.10000000  0.24807919
 1.25000000  1.15000000  0.19512186
 1.25000000  1.20000000  0.18624013
 1.25000000  1.25000000  0.27056213
 1.25000000  1.30000000  0.43638419
 1.25000000  1.35000000  0.64822651
 1.25000000  1.40000000  0.85761944
 1.25000000  1.45000000  0.99353001
 1.25000000  1.50000000  1.03250510
 1.25000000  1.55000000  0.93059403
 1.25000000  1.60000000  0.71962614
 1.25000000  1.65000000  0.42894659
 1.25000000  1.70000000  0.12237758
 1.25000000  1.75000000 -0.14678865
 1.25000000  1.80000000 -0.35978927
 1.25000000  1.85000000 -0.49777099
 1.25000000  1.90000000 -0.58887900
 1.25000000  1.95000000 -0.64964831
 1.25000000  2.00000000 -0.67430076
 1.25000000  2.05000000 -0.67560256
 1.25000000  2.10000000 -0.63161187
 1.25000000  2.15000000 -0.52926388
 1.25000000  2.20000000 -0.35677517
 1.30000000 -0.25000000  2.36167487
 1.30000000 -0.20000000  2.14861146
 1.30000000 -0.15000000  1.89998858
 1.30000000 -0.10000000  1.61362535
 1.30000000 -0.05000000  1.29339634
 1.30000000  0.00000000  0.95025467
 1.30000000  0.05000000  0.61822170
 1.30000000  0.10000000  0.30938915
 1.30000000  0.15000000  0.05980640
 1.30000000  0.20000000 -0.14142598
 1.30000000  0.25000000 -0.30116715
 1.30000000  0.30000000 -0.43808108
 1.30000000  0.35000000 -0.54636891
 1.30000000  0.40000000 -0.64760366
 1.30000000  0.45000000 -0.71723601
 1.30000000  0.50000000 -0.73256920
 1.30000000  0.55000000 -0.70582785
 1.30000000  0.60000000 -0.62597577
 1.30000000  0.65000000 -0.50515197
 1.30000000  0.70000000 -0.35846057
 1.30000000  0.75000000 -0.20870512
 1.30000000  0.80000000 -0.07098617
 1.30000000  0.85000000  0.04053955
 1.30000000  0.90000000  0.11980732
 1.30000000  0.95000000  0.13806613
 1.30000000  1.00000000  0.11780415
 1.30000000  1.05000000  0.03958831
 1.30000000  1.10000000 -0.05032838
 1.30000000  1.15000000 -0.12402984
 1.30000000  1.20000000 -0.14561008
 1.30000000  1.25000000 -0.08878670
 1.30000000  1.30000000  0.04098339
 1.30000000  1.35000000  0.20694076
 1.30000000  1.40000000  0.37503806
 1.30000000  1.45000000  0.49363633
 1.30000000  1.50000000  0.51951145
 1.30000000  1.55000000  0.43092992
 1.30000000  1.60000000  0.26934029
 1.30000000  1.65000000  0.06374598
 1.30000000  1.70000000 -0.15653344
 1.30000000  1.75000000 -0.33324289
 1.30000000  1.80000000 -0.46764510
 1.30000000  1.85000000 -0.55462978
 1.30000000  1.90000000 -0.62185089
 1.30000000  1.95000000 -0.67392624
 1.30000000  2.00000000 -0.70815411
 1.30000000  2.05000000 -0.72446507
 1.30000000  2.10000000 -0.69335225
 1.30000000  2.15000000 -0.58638017
 1.30000000  2.20000000 -0.40783399
 1.35000000 -0.25000000  2.21915768
 1.35000000 -0.20000000  2.14256331
 1.35000000 -0.15000000  2.02844676
 1.35000000 -0.10000000  1.87041406
 1.35000000 -0.05000000  1.63177929
 1.35000000  0.00000000  1.33323023
 1.35000000  0.05000000  0.99184428
 1.35000000  0.10000000  0.66231424
 1.35000000  0.15000000  0.34637137
 1.35000000  0.20000000  0.07723870
 1.35000000  0.25000000 -0.13592639
 1.35000000  0.30000000 -0.30838637
 1.35000000  0.35000000 -0.46192118
 1.35000000  0.40000000 -0.57360392
 1.35000000  0.45000000 -0.67381843
 1.35000000  0.50000000 -0.72348593
 1.35000000  0.55000000 -0.73390218
 1.35000000  0.60000000 -0.69378238
 1.35000000  0.65000000 -0.59745728
 1.35000000  0.70000000 -0.48749329
 1.35000000  0.75000000 -0.37167936
 1.35000000  0.80000000 -0.26111297
 1.35000000  0.85000000 -0.17121085
 1.35000000  0.90000000 -0.13730244
 1.35000000  0.95000000 -0.14540209
 1.35000000  1.00000000 -0.21131944
 1.35000000  1.05000000 -0.31439276
 1.35000000  1.10000000 -0.42675060
 1.35000000  1.15000000 -0.51930964
 1.35000000  1.20000000 -0.55417789
 1.35000000  1.25000000 -0.52026258
 1.35000000  1.30000000 -0.41689828
 1.35000000  1.35000000 -0.28176368
 1.35000000  1.40000000 -0.14485468
 1.35000000  1.45000000 -0.05643246
 1.35000000  1.50000000 -0.04166329
 1.35000000  1.55000000 -0.10174750
 1.35000000  1.60000000 -0.20533558
 1.35000000  1.65000000 -0.33760686
 1.35000000  1.70000000 -0.45128687
 1.35000000  1.75000000 -0.53281629
 1.35000000  1.80000000 -0.59259281
 1.35000000  1.85000000 -0.63718480
 1.35000000  1.90000000 -0.68106127
 1.35000000  1.95000000 -0.73356285
 1.35000000  2.00000000 -0.78535052
 1.35000000  2.05000000 -0.81243381
 1.35000000  2.10000000 -0.79530643
 1.35000000  2.15000000 -0.70780013
 1.35000000  2.20000000 -0.52853210
 1.40000000 -0.25000000  2.01607630
 1.40000000 -0.20000000  2.08169589
 1.40000000 -0.15000000  2.10265368
 1.40000000 -0.10000000  2.06292115
 1.40000000 -0.05000000  1.91976944
 1.40000000  0.00000000  1.65578659
 1.40000000  0.05000000  1.32795780
 1.40000000  0.10000000  0.94222925
 1.40000000  0.15000000  0.58323415
 1.40000000  0.20000000  0.26715832
 1.40000000  0.25000000  0.00852812
 1.40000000  0.30000000 -0.19789066
 1.40000000  0.35000000 -0.36643961
 1.40000000  0.40000000 -0.49709465
 1.40000000  0.45000000 -0.61129812
 1.40000000  0.50000000 -0.68917048
 1.40000000  0.55000000 -0.72607596
 1.40000000  0.60000000 -0.71851806
 1.40000000  0.65000000 -0.67753765
 1.40000000  0.70000000 -0.60274157
 1.40000000  0.75000000 -0.50850870
 1.40000000  0.80000000 -0.44095825
 1.40000000  0.85000000 -0.38888666
 1.40000000  0.90000000 -0.40339974
 1.40000000  0.95000000 -0.45736855
 1.40000000  1.00000000 -0.56355509
 1.40000000  1.05000000 -0.70120369
 1.40000000  1.10000000 -0.84165935
 1.40000000  1.15000000 -0.94907342
 1.40000000  1.20000000 -1.00150187
 1.40000000  1.25000000 -0.97392818
 1.40000000  1.30000000 -0.88229333
 1.40000000  1.35000000 -0.76279035
 1.40000000  1.40000000 -0.65375978
 1.40000000  1.45000000 -0.57288368
 1.40000000  1.50000000 -0.55003796
 1.40000000  1.55000000 -0.56988298
 1.40000000  1.60000000 -0.62766754
 1.40000000  1.65000000 -0.67942917
 1.40000000  1.70000000 -0.71416467
 1.40000000  1.75000000 -0.72574813
 1.40000000  1.80000000 -0.72076089
 1.40000000  1.85000000 -0.72949430
 1.40000000  1.90000000 -0.75106685
 1.40000000  1.95000000 -0.81002531
 1.40000000  2.00000000 -0.87103993
 1.40000000  2.05000000 -0.92958832
 1.40000000  2.10000000 -0.93880478
 1.40000000  2.15000000 -0.87854815
 1.40000000  2.20000000 -0.72651262
 1.45000000 -0.25000000  1.76826021
 1.45000000 -0.20000000  1.96988073
 1.45000000 -0.15000000  2.13243500
 1.45000000 -0.10000000  2.19983736
 1.45000000 -0.05000000  2.13638939
 1.45000000  0.00000000  1.91949110
 1.45000000  0.05000000  1.58520601
 1.45000000  0.10000000  1.19001872
 1.45000000  0.15000000  0.78409819
 1.45000000  0.20000000  0.42479742
 1.45000000  0.25000000  0.14679270
 1.45000000  0.30000000 -0.07436546
 1.45000000  0.35000000 -0.24872988
 1.45000000  0.40000000 -0.38816590
 1.45000000  0.45000000 -0.51502728
 1.45000000  0.50000000 -0.62280877
 1.45000000  0.55000000 -0.69838797
 1.45000000  0.60000000 -0.73188839
 1.45000000  0.65000000 -0.72519218
 1.45000000  0.70000000 -0.69505379
 1.45000000  0.75000000 -0.64160347
 1.45000000  0.80000000 -0.60789421
 1.45000000  0.85000000 -0.60360073
 1.45000000  0.90000000 -0.65014673
 1.45000000  0.95000000 -0.75740697
 1.45000000  1.00000000 -0.91062214
 1.45000000  1.05000000 -1.08517511
 1.45000000  1.10000000 -1.24579819
 1.45000000  1.15000000 -1.36002187
 1.45000000  1.20000000 -1.41698015
 1.45000000  1.25000000 -1.38083375
 1.45000000  1.30000000 -1.29257879
 1.45000000  1.35000000 -1.17657148
 1.45000000  1.40000000 -1.05987270
 1.45000000  1.45000000 -0.97986692
 1.45000000  1.50000000 -0.94315089
 1.45000000  1.55000000 -0.93405299
 1.45000000  1.60000000 -0.93878374
 1.45000000  1.65000000 -0.93408627
 1.45000000  1.70000000 -0.90067744
 1.45000000  1.75000000 -0.85730485
 1.45000000  1.80000000 -0.81698525
 1.45000000  1.85000000 -0.80931452
 1.45000000  1.90000000 -0.81948694
 1.45000000  1.95000000 -0.88063741
 1.45000000  2.00000000 -0.96443350
 1.45000000  2.05000000 -1.05082746
 1.45000000  2.10000000 -1.09142174
 1.45000000  2.15000000 -1.07067922
 1.45000000  2.20000000 -0.95998408
 1.50000000 -0.25000000  1.50779587
 1.50000000 -0.20000000  1.83405295
 1.50000000 -0.15000000  2.11605656
 1.50000000 -0.10000000  2.29177267
 1.50000000 -0.05000000  2.29525521
 1.50000000  0.00000000  2.11680335
 1.50000000  0.05000000  1.79974494
 1.50000000  0.10000000  1.39592972
 1.50000000  0.15000000  0.98358281
 1.50000000  0.20000000  0.60462656
 1.50000000  0.25000000  0.30312359
 1.50000000  0.30000000  0.08124007
 1.50000000  0.35000000 -0.08852014
 1.50000000  0.40000000 -0.23323399
 1.50000000  0.45000000 -0.37547045
 1.50000000  0.50000000 -0.50328339
 1.50000000  0.55000000 -0.62231540
 1.50000000  0.60000000 -0.70852244
 1.50000000  0.65000000 -0.74825453
 1.50000000  0.70000000 -0.76779834
 1.50000000  0.75000000 -0.75144095
 1.50000000  0.80000000 -0.75058501
 1.50000000  0.85000000 -0.78494727
 1.50000000  0.90000000 -0.87322547
 1.50000000  0.95000000 -1.01464949
 1.50000000  1.00000000 -1.20600279
 1.50000000  1.05000000 -1.41017847
 1.50000000  1.10000000 -1.59311620
 1.50000000  1.15000000 -1.71404570
 1.50000000  1.20000000 -1.75776269
 1.50000000  1.25000000 -1.71565915
 1.50000000  1.30000000 -1.60403013
 1.50000000  1.35000000 -1.47523245
 1.50000000  1.40000000 -1.34216925
 1.50000000  1.45000000 -1.24844128
 1.50000000  1.50000000 -1.18946114
 1.50000000  1.55000000 -1.14958993
 1.50000000  1.60000000 -1.11079754
 1.50000000  1.65000000 -1.05964689
 1.50000000  1.70000000 -0.99681585
 1.50000000  1.75000000 -0.93118740
 1.50000000  1.80000000 -0.87242031
 1.50000000  1.85000000 -0.84948693
 1.50000000  1.90000000 -0.86992491
 1.50000000  1.95000000 -0.93039411
 1.50000000  2.00000000 -1.02430319
 1.50000000  2.05000000 -1.12501762
 1.50000000  2.10000000 -1.20343649
 1.50000000  2.15000000 -1.22166926
 1.50000000  2.20000000 -1.18259032
 1.55000000 -0.25000000  1.26538439
 1.55000000 -0.20000000  1.69119367
 1.55000000 -0.15000000  2.07256418
 1.55000000 -0.10000000  2.32726118
 1.55000000 -0.05000000  2.40406036
 1.55000000  0.00000000  2.27311547
 1.55000000  0.05000000  1.97988145
 1.55000000  0.10000000  1.58610116
 1.55000000  0.15000000  1.17396156
 1.55000000  0.20000000  0.79556469
 1.55000000  0.25000000  0.49626137
 1.55000000  0.30000000  0.27811537
 1.55000000  0.35000000  0.11598673
 1.55000000  0.40000000 -0.03849627
 1.55000000  0.45000000 -0.18818321
 1.55000000  0.50000000 -0.35378256
 1.55000000  0.55000000 -0.51454279
 1.55000000  0.60000000 -0.65338378
 1.55000000  0.65000000 -0.75396095
 1.55000000  0.70000000 -0.80712536
 1.55000000  0.75000000 -0.83406856
 1.55000000  0.80000000 -0.86095423
 1.55000000  0.85000000 -0.92403037
 1.55000000  0.90000000 -1.03937156
 1.55000000  0.95000000 -1.20361858
 1.55000000  1.00000000 -1.41778504
 1.55000000  1.05000000 -1.64046574
 1.55000000  1.10000000 -1.83462098
 1.55000000  1.15000000 -1.96491625
 1.55000000  1.20000000 -2.00473894
 1.55000000  1.25000000 -1.94617865
 1.55000000  1.30000000 -1.81573518
 1.55000000  1.35000000 -1.66438256
 1.55000000  1.40000000 -1.51328759
 1.55000000  1.45000000 -1.39031083
 1.55000000  1.50000000 -1.30088771
 1.55000000  1.55000000 -1.23566667
 1.55000000  1.60000000 -1.18045489
 1.55000000  1.65000000 -1.09638812
 1.55000000  1.70000000 -1.01566729
 1.55000000  1.75000000 -0.93679626
 1.55000000  1.80000000 -0.87109752
 1.55000000  1.85000000 -0.83970566
 1.55000000  1.90000000 -0.86381597
 1.55000000  1.95000000 -0.91788509
 1.55000000  2.00000000 -1.01786932
 1.55000000  2.05000000 -1.13141903
 1.55000000  2.10000000 -1.24036664
 1.55000000  2.15000000 -1.30767016
 1.55000000  2.20000000 -1.32524275
 1.60000000 -0.25000000  1.06111497
 1.60000000 -0.20000000  1.55428349
 1.60000000 -0.15000000  2.00425491
 1.60000000 -0.10000000  2.32663944
 1.60000000 -0.05000000  2.45886981
 1.60000000  0.00000000  2.38552782
 1.60000000  0.05000000  2.12684635
 1.60000000  0.10000000  1.76849156
 1.60000000  0.15000000  1.37367204
 1.60000000  0.20000000  1.00732074
 1.60000000  0.25000000  0.70880322
 1.60000000  0.30000000  0.49739634
 1.60000000  0.35000000  0.33252356
 1.60000000  0.40000000  0.16879594
 1.60000000  0.45000000  0.00183354
 1.60000000  0.50000000 -0.18463267
 1.60000000  0.55000000 -0.38787836
 1.60000000  0.60000000 -0.56820607
 1.60000000  0.65000000 -0.71897169
 1.60000000  0.70000000 -0.80981597
 1.60000000  0.75000000 -0.86842588
 1.60000000  0.80000000 -0.91782298
 1.60000000  0.85000000 -0.99022160
 1.60000000  0.90000000 -1.11447107
 1.60000000  0.95000000 -1.29997944
 1.60000000  1.00000000 -1.51953152
 1.60000000  1.05000000 -1.76199168
 1.60000000  1.10000000 -1.97548898
 1.60000000  1.15000000 -2.10356998
 1.60000000  1.20000000 -2.13860254
 1.60000000  1.25000000 -2.07410315
 1.60000000  1.30000000 -1.93928120
 1.60000000  1.35000000 -1.76274566
 1.60000000  1.40000000 -1.60016778
 1.60000000  1.45000000 -1.46529028
 1.60000000  1.50000000 -1.35798632
 1.60000000  1.55000000 -1.26394473
 1.60000000  1.60000000 -1.18060581
 1.60000000  1.65000000 -1.07995468
 1.60000000  1.70000000 -0.98081765
 1.60000000  1.75000000 -0.89364172
 1.60000000  1.80000000 -0.82095831
 1.60000000  1.85000000 -0.77776788
 1.60000000  1.90000000 -0.78850720
 1.60000000  1.95000000 -0.83502641
 1.60000000  2.00000000 -0.93100881
 1.60000000  2.05000000 -1.04841259
 1.60000000  2.10000000 -1.18112843
 1.60000000  2.15000000 -1.28689165
 1.60000000  2.20000000 -1.37028443
 1.65000000 -0.25000000  0.91933526
 1.65000000 -0.20000000  1.44165622
 1.65000000 -0.15000000  1.93155239
 1.65000000 -0.10000000  2.29190903
 1.65000000 -0.05000000  2.47400768
 1.65000000  0.00000000  2.45508106
 1.65000000  0.05000000  2.24848330
 1.65000000  0.10000000  1.92670905
 1.65000000  0.15000000  1.54974155
 1.65000000  0.20000000  1.20649845
 1.65000000  0.25000000  0.91464014
 1.65000000  0.30000000  0.69098496
 1.65000000  0.35000000  0.51046962
 1.65000000  0.40000000  0.34147234
 1.65000000  0.45000000  0.15483755
 1.65000000  0.50000000 -0.06026583
 1.65000000  0.55000000 -0.27666881
 1.65000000  0.60000000 -0.48924188
 1.65000000  0.65000000 -0.65459982
 1.65000000  0.70000000 -0.76686128
 1.65000000  0.75000000 -0.83826538
 1.65000000  0.80000000 -0.89343911
 1.65000000  0.85000000 -0.96605146
 1.65000000  0.90000000 -1.08015713
 1.65000000  0.95000000 -1.26157325
 1.65000000  1.00000000 -1.49514347
 1.65000000  1.05000000 -1.74751966
 1.65000000  1.10000000 -1.96640713
 1.65000000  1.15000000 -2.11565526
 1.65000000  1.20000000 -2.17028087
 1.65000000  1.25000000 -2.11810942
 1.65000000  1.30000000 -1.98580192
 1.65000000  1.35000000 -1.82477758
 1.65000000  1.40000000 -1.65570814
 1.65000000  1.45000000 -1.50802499
 1.65000000  1.50000000 -1.39382913
 1.65000000  1.55000000 -1.28375564
 1.65000000  1.60000000 -1.16828296
 1.65000000  1.65000000 -1.05963189
 1.65000000  1.70000000 -0.93848079
 1.65000000  1.75000000 -0.82980378
 1.65000000  1.80000000 -0.73777361
 1.65000000  1.85000000 -0.68142249
 1.65000000  1.90000000 -0.65058182
 1.65000000  1.95000000 -0.68633825
 1.65000000  2.00000000 -0.76179432
 1.65000000  2.05000000 -0.87817155
 1.65000000  2.10000000 -1.02255046
 1.65000000  2.15000000 -1.17078532
 1.65000000  2.20000000 -1.31941572
 1.70000000 -0.25000000  0.85659216
 1.70000000 -0.20000000  1.36650405
 1.70000000 -0.15000000  1.85362057
 1.70000000 -0.10000000  2.23282201
 1.70000000 -0.05000000  2.45218355
 1.70000000  0.00000000  2.47398586
 1.70000000  0.05000000  2.31937402
 1.70000000  0.10000000  2.03849529
 1.70000000  0.15000000  1.69798498
 1.70000000  0.20000000  1.35698406
 1.70000000  0.25000000  1.06098669
 1.70000000  0.30000000  0.82551986
 1.70000000  0.35000000  0.63340311
 1.70000000  0.40000000  0.43619426
 1.70000000  0.45000000  0.23583991
 1.70000000  0.50000000  0.01532621
 1.70000000  0.55000000 -0.21447381
 1.70000000  0.60000000 -0.42908290
 1.70000000  0.65000000 -0.59000309
 1.70000000  0.70000000 -0.70705186
 1.70000000  0.75000000 -0.75859118
 1.70000000  0.80000000 -0.78396738
 1.70000000  0.85000000 -0.82045879
 1.70000000  0.90000000 -0.92672819
 1.70000000  0.95000000 -1.10167500
 1.70000000  1.00000000 -1.32730662
 1.70000000  1.05000000 -1.58740222
 1.70000000  1.10000000 -1.83234504
 1.70000000  1.15000000 -2.01400707
 1.70000000  1.20000000 -2.09924331
 1.70000000  1.25000000 -2.07918233
 1.70000000  1.30000000 -1.98367098
 1.70000000  1.35000000 -1.85513820
 1.70000000  1.40000000 -1.71349069
 1.70000000  1.45000000 -1.58478384
 1.70000000  1.50000000 -1.47231944
 1.70000000  1.55000000 -1.35337358
 1.70000000  1.60000000 -1.22730492
 1.70000000  1.65000000 -1.07457827
 1.70000000  1.70000000 -0.92146810
 1.70000000  1.75000000 -0.77179637
 1.70000000  1.80000000 -0.64121615
 1.70000000  1.85000000 -0.54362797
 1.70000000  1.90000000 -0.49528029
 1.70000000  1.95000000 -0.48743097
 1.70000000  2.00000000 -0.54736733
 1.70000000  2.05000000 -0.64605056
 1.70000000  2.10000000 -0.79658975
 1.70000000  2.15000000 -0.97773310
 1.70000000  2.20000000 -1.17931036
 1.75000000 -0.25000000  0.86351664
 1.75000000 -0.20000000  1.31697611
 1.75000000 -0.15000000  1.76898897
 1.75000000 -0.10000000  2.14197662
 1.75000000 -0.05000000  2.37895477
 1.75000000  0.00000000  2.44180742
 1.75000000  0.05000000  2.32967411
 1.75000000  0.10000000  2.08508218
 1.75000000  0.15000000  1.76688847
 1.75000000  0.20000000  1.43383295
 1.75000000  0.25000000  1.12445299
 1.75000000  0.30000000  0.86213642
 1.75000000  0.35000000  0.63436436
 1.75000000  0.40000000  0.42934776
 1.75000000  0.45000000  0.21163201
 1.75000000  0.50000000 -0.01668839
 1.75000000  0.55000000 -0.22897617
 1.75000000  0.60000000 -0.41326313
 1.75000000  0.65000000 -0.54272242
 1.75000000  0.70000000 -0.60351764
 1.75000000  0.75000000 -0.60837701
 1.75000000  0.80000000 -0.59429689
 1.75000000  0.85000000 -0.58812593
 1.75000000  0.90000000 -0.65671160
 1.75000000  0.95000000 -0.79784477
 1.75000000  1.00000000 -1.03154265
 1.75000000  1.05000000 -1.30289372
 1.75000000  1.10000000 -1.57992194
 1.75000000  1.15000000 -1.80212195
 1.75000000  1.20000000 -1.93972708
 1.75000000  1.25000000 -1.97326537
 1.75000000  1.30000000 -1.94154336
 1.75000000  1.35000000 -1.86679732
 1.75000000  1.40000000 -1.77257923
 1.75000000  1.45000000 -1.68485168
 1.75000000  1.50000000 -1.58111810
 1.75000000  1.55000000 -1.46818885
 1.75000000  1.60000000 -1.32432065
 1.75000000  1.65000000 -1.13831707
 1.75000000  1.70000000 -0.94062996
 1.75000000  1.75000000 -0.73139142
 1.75000000  1.80000000 -0.55482636
 1.75000000  1.85000000 -0.41149302
 1.75000000  1.90000000 -0.31869413
 1.75000000  1.95000000 -0.28464965
 1.75000000  2.00000000 -0.31077372
 1.75000000  2.05000000 -0.40759847
 1.75000000  2.10000000 -0.56052894
 1.75000000  2.15000000 -0.76099989
 1.75000000  2.20000000 -0.98321957
 1.80000000 -0.25000000  0.90942128
 1.80000000 -0.20000000  1.28321649
 1.80000000 -0.15000000  1.67324537
 1.80000000 -0.10000000  2.01518026
 1.80000000 -0.05000000  2.24975729
 1.80000000  0.00000000  2.34066933
 1.80000000  0.05000000  2.26546220
 1.80000000  0.10000000  2.06376480
 1.80000000  0.15000000  1.75451038
 1.80000000  0.20000000  1.42878412
 1.80000000  0.25000000  1.08361437
 1.80000000  0.30000000  0.79061066
 1.80000000  0.35000000  0.52648751
 1.80000000  0.40000000  0.28590738
 1.80000000  0.45000000  0.06390759
 1.80000000  0.50000000 -0.14920007
 1.80000000  0.55000000 -0.33957249
 1.80000000  0.60000000 -0.46952022
 1.80000000  0.65000000 -0.53474078
 1.80000000  0.70000000 -0.52280433
 1.80000000  0.75000000 -0.44545168
 1.80000000  0.80000000 -0.35306520
 1.80000000  0.85000000 -0.28661147
 1.80000000  0.90000000 -0.30255419
 1.80000000  0.95000000 -0.41836687
 1.80000000  1.00000000 -0.63992868
 1.80000000  1.05000000 -0.92093473
 1.80000000  1.10000000 -1.23073609
 1.80000000  1.15000000 -1.50186818
 1.80000000  1.20000000 -1.68539025
 1.80000000  1.25000000 -1.80981208
 1.80000000  1.30000000 -1.84680482
 1.80000000  1.35000000 -1.85635450
 1.80000000  1.40000000 -1.82914494
 1.80000000  1.45000000 -1.79496381
 1.80000000  1.50000000 -1.73558340
 1.80000000  1.55000000 -1.63395061
 1.80000000  1.60000000 -1.47015014
 1.80000000  1.65000000 -1.25256963
 1.80000000  1.70000000 -0.99907919
 1.80000000  1.75000000 -0.73523917
 1.80000000  1.80000000 -0.48703979
 1.80000000  1.85000000 -0.29765622
 1.80000000  1.90000000 -0.16624253
 1.80000000  1.95000000 -0.11659627
 1.80000000  2.00000000 -0.13007524
 1.80000000  2.05000000 -0.21850896
 1.80000000  2.10000000 -0.36362021
 1.80000000  2.15000000 -0.55844446
 1.80000000  2.20000000 -0.78768904
 1.85000000 -0.25000000  0.97345420
 1.85000000 -0.20000000  1.24513066
 1.85000000 -0.15000000  1.55380070
 1.85000000 -0.10000000  1.84753883
 1.85000000 -0.05000000  2.06455482
 1.85000000  0.00000000  2.16151477
 1.85000000  0.05000000  2.12206078
 1.85000000  0.10000000  1.95056673
 1.85000000  0.15000000  1.66593045
 1.85000000  0.20000000  1.31809193
 1.85000000  0.25000000  0.96211194
 1.85000000  0.30000000  0.62462095
 1.85000000  0.35000000  0.31160811
 1.85000000  0.40000000  0.04084811
 1.85000000  0.45000000 -0.19953526
 1.85000000  0.50000000 -0.40450668
 1.85000000  0.55000000 -0.54593691
 1.85000000  0.60000000 -0.61829475
 1.85000000  0.65000000 -0.58877390
 1.85000000  0.70000000 -0.47512616
 1.85000000  0.75000000 -0.29645285
 1.85000000  0.80000000 -0.11237838
 1.85000000  0.85000000  0.03524426
 1.85000000  0.90000000  0.09144210
 1.85000000  0.95000000  0.00750541
 1.85000000  1.00000000 -0.19362689
 1.85000000  1.05000000 -0.48853031
 1.85000000  1.10000000 -0.81591624
 1.85000000  1.15000000 -1.12615007
 1.85000000  1.20000000 -1.38300156
 1.85000000  1.25000000 -1.56693239
 1.85000000  1.30000000 -1.69271316
 1.85000000  1.35000000 -1.77906415
 1.85000000  1.40000000 -1.83949660
 1.85000000  1.45000000 -1.88017254
 1.85000000  1.50000000 -1.86350048
 1.85000000  1.55000000 -1.78093150
 1.85000000  1.60000000 -1.61528012
 1.85000000  1.65000000 -1.36536047
 1.85000000  1.70000000 -1.06666469
 1.85000000  1.75000000 -0.74943470
 1.85000000  1.80000000 -0.45931368
 1.85000000  1.85000000 -0.22836012
 1.85000000  1.90000000 -0.07615281
 1.85000000  1.95000000 -0.01371889
 1.85000000  2.00000000 -0.01742015
 1.85000000  2.05000000 -0.10061192
 1.85000000  2.10000000 -0.24118941
 1.85000000  2.15000000 -0.41322905
 1.85000000  2.20000000 -0.62396758
 1.90000000 -0.25000000  0.98727952
 1.90000000 -0.20000000  1.15844290
 1.90000000 -0.15000000  1.38935180
 1.90000000 -0.10000000  1.62724830
 1.90000000 -0.05000000  1.81038486
 1.90000000  0.00000000  1.91961801
 1.90000000  0.05000000  1.90516055
 1.90000000  0.10000000  1.75148814
 1.90000000  0.15000000  1.48357315
 1.90000000  0.20000000  1.13845557
 1.90000000  0.25000000  0.75110858
 1.90000000  0.30000000  0.37085279
 1.90000000  0.35000000  0.02201874
 1.90000000  0.40000000 -0.28056300
 1.90000000  0.45000000 -0.54437883
 1.90000000  0.50000000 -0.73746897
 1.90000000  0.55000000 -0.83259217
 1.90000000  0.60000000 -0.83439933
 1.90000000  0.65000000 -0.71484205
 1.90000000  0.70000000 -0.49518491
 1.90000000  0.75000000 -0.20114061
 1.90000000  0.80000000  0.09369653
 1.90000000  0.85000000  0.32536476
 1.90000000  0.90000000  0.44219331
 1.90000000  0.95000000  0.41099719
 1.90000000  1.00000000  0.24468404
 1.90000000  1.05000000 -0.03291560
 1.90000000  1.10000000 -0.37884661
 1.90000000  1.15000000 -0.71661283
 1.90000000  1.20000000 -1.01735740
 1.90000000  1.25000000 -1.26372541
 1.90000000  1.30000000 -1.46804157
 1.90000000  1.35000000 -1.63864725
 1.90000000  1.40000000 -1.78930433
 1.90000000  1.45000000 -1.90016376
 1.90000000  1.50000000 -1.94031718
 1.90000000  1.55000000 -1.89042826
 1.90000000  1.60000000 -1.73420393
 1.90000000  1.65000000 -1.46951009
 1.90000000  1.70000000 -1.13628153
 1.90000000  1.75000000 -0.77942288
 1.90000000  1.80000000 -0.45840048
 1.90000000  1.85000000 -0.20816309
 1.90000000  1.90000000 -0.05464317
 1.90000000  1.95000000  0.01433982
 1.90000000  2.00000000 -0.00365448
 1.90000000  2.05000000 -0.07942729
 1.90000000  2.10000000 -0.20858572
 1.90000000  2.15000000 -0.35617804
 1.90000000  2.20000000 -0.51502611
 1.95000000 -0.25000000  0.91725937
 1.95000000 -0.20000000  1.00988591
 1.95000000 -0.15000000  1.15724455
 1.95000000 -0.10000000  1.33495981
 1.95000000 -0.05000000  1.50463684
 1.95000000  0.00000000  1.61023253
 1.95000000  0.05000000  1.60156850
 1.95000000  0.10000000  1.47792136
 1.95000000  0.15000000  1.23227979
 1.95000000  0.20000000  0.88682127
 1.95000000  0.25000000  0.48697335
 1.95000000  0.30000000  0.08428770
 1.95000000  0.35000000 -0.30677219
 1.95000000  0.40000000 -0.65176224
 1.95000000  0.45000000 -0.91722295
 1.95000000  0.50000000 -1.09815038
 1.95000000  0.55000000 -1.16928764
 1.95000000  0.60000000 -1.10260510
 1.95000000  0.65000000 -0.89727773
 1.95000000  0.70000000 -0.57614741
 1.95000000  0.75000000 -0.18174360
 1.95000000  0.80000000  0.21143377
 1.95000000  0.85000000  0.53333311
 1.95000000  0.90000000  0.73157526
 1.95000000  0.95000000  0.75730055
 1.95000000  1.00000000  0.63015595
 1.95000000  1.05000000  0.36183414
 1.95000000  1.10000000  0.03314271
 1.95000000  1.15000000 -0.30045152
 1.95000000  1.20000000 -0.62706183
 1.95000000  1.25000000 -0.91205770
 1.95000000  1.30000000 -1.17297662
 1.95000000  1.35000000 -1.42886069
 1.95000000  1.40000000 -1.65140872
 1.95000000  1.45000000 -1.83530317
 1.95000000  1.50000000 -1.93345643
 1.95000000  1.55000000 -1.92543630
 1.95000000  1.60000000 -1.78935875
 1.95000000  1.65000000 -1.52335349
 1.95000000  1.70000000 -1.17896612
 1.95000000  1.75000000 -0.82102211
 1.95000000  1.80000000 -0.48362073
 1.95000000  1.85000000 -0.23548386
 1.95000000  1.90000000 -0.09111269
 1.95000000  1.95000000 -0.04827314
 1.95000000  2.00000000 -0.08037327
 1.95000000  2.05000000 -0.15710249
 1.95000000  2.10000000 -0.27362284
 1.95000000  2.15000000 -0.38230280
 1.95000000  2.20000000 -0.48660194
 2.00000000 -0.25000000  0.75858668
 2.00000000 -0.20000000  0.78424893
 2.00000000 -0.15000000  0.87073837
 2.00000000 -0.10000000  0.99645162
 2.00000000 -0.05000000  1.13302124
 2.00000000  0.00000000  1.22412764
 2.00000000  0.05000000  1.23598505
 2.00000000  0.10000000  1.13672002
 2.00000000  0.15000000  0.91324655
 2.00000000  0.20000000  0.58800803
 2.00000000  0.25000000  0.19076627
 2.00000000  0.30000000 -0.22332421
 2.00000000  0.35000000 -0.63790264
 2.00000000  0.40000000 -1.00866723
 2.00000000  0.45000000 -1.29668287
 2.00000000  0.50000000 -1.46331825
 2.00000000  0.55000000 -1.50591846
 2.00000000  0.60000000 -1.39222624
 2.00000000  0.65000000 -1.12615286
 2.00000000  0.70000000 -0.72108693
 2.00000000  0.75000000 -0.24715294
 2.00000000  0.80000000  0.23248968
 2.00000000  0.85000000  0.63372135
 2.00000000  0.90000000  0.89306497
 2.00000000  0.95000000  0.97957026
 2.00000000  1.00000000  0.90711518
 2.00000000  1.05000000  0.69470116
 2.00000000  1.10000000  0.40546154
 2.00000000  1.15000000  0.08707351
 2.00000000  1.20000000 -0.23205893
 2.00000000  1.25000000 -0.53891513
 2.00000000  1.30000000 -0.84432542
 2.00000000  1.35000000 -1.14700562
 2.00000000  1.40000000 -1.43784974
 2.00000000  1.45000000 -1.68497215
 2.00000000  1.50000000 -1.83713684
 2.00000000  1.55000000 -1.87332380
 2.00000000  1.60000000 -1.75699254
 2.00000000  1.65000000 -1.52616958
 2.00000000  1.70000000 -1.19786906
 2.00000000  1.75000000 -0.84613906
 2.00000000  1.80000000 -0.53696534
 2.00000000  1.85000000 -0.30483501
 2.00000000  1.90000000 -0.18555628
 2.00000000  1.95000000 -0.15604062
 2.00000000  2.00000000 -0.20768192
 2.00000000  2.05000000 -0.29483898
 2.00000000  2.10000000 -0.39253692
 2.00000000  2.15000000 -0.46768259
 2.00000000  2.20000000 -0.50961401
 2.05000000 -0.25000000  0.50437476
 2.05000000 -0.20000000  0.47854483
 2.05000000 -0.15000000  0.51998525
 2.05000000 -0.10000000  0.60402847
 2.05000000 -0.05000000  0.70788573
 2.05000000  0.00000000  0.78648986
 2.05000000  0.05000000  0.80742194
 2.05000000  0.10000000  0.73407659
 2.05000000  0.15000000  0.53908929
 2.05000000  0.20000000  0.24703426
 2.05000000  0.25000000 -0.12001829
 2.05000000  0.30000000 -0.54053815
 2.05000000  0.35000000 -0.95323765
 2.05000000  0.40000000 -1.32789830
 2.05000000  0.45000000 -1.61642615
 2.05000000  0.50000000 -1.78996709
 2.05000000  0.55000000 -1.81409800
 2.05000000  0.60000000 -1.66744799
 2.05000000  0.65000000 -1.35434067
 2.05000000  0.70000000 -0.90168087
 2.05000000  0.75000000 -0.37403072
 2.05000000  0.80000000  0.15938420
 2.05000000  0.85000000  0.61833544
 2.05000000  0.90000000  0.93982813
 2.05000000  0.95000000  1.09503181
 2.05000000  1.00000000  1.07269723
 2.05000000  1.05000000  0.93261341
 2.05000000  1.10000000  0.69657241
 2.05000000  1.15000000  0.42284766
 2.05000000  1.20000000  0.13106353
 2.05000000  1.25000000 -0.17837457
 2.05000000  1.30000000 -0.49931574
 2.05000000  1.35000000 -0.83710243
 2.05000000  1.40000000 -1.17488198
 2.05000000  1.45000000 -1.46352172
 2.05000000  1.50000000 -1.67499246
 2.05000000  1.55000000 -1.74711635
 2.05000000  1.60000000 -1.67512484
 2.05000000  1.65000000 -1.46341513
 2.05000000  1.70000000 -1.17804592
 2.05000000  1.75000000 -0.85349191
 2.05000000  1.80000000 -0.56932631
 2.05000000  1.85000000 -0.37089717
 2.05000000  1.90000000 -0.28078930
 2.05000000  1.95000000 -0.27682403
 2.05000000  2.00000000 -0.35061035
 2.05000000  2.05000000 -0.43906573
 2.05000000  2.10000000 -0.51660824
 2.05000000  2.15000000 -0.55529691
 2.05000000  2.20000000 -0.55892441
 2.10000000 -0.25000000  0.17210956
 2.10000000 -0.20000000  0.13604955
 2.10000000 -0.15000000  0.13858303
 2.10000000 -0.10000000  0.19085347
 2.10000000 -0.05000000  0.25861791
 2.10000000  0.00000000  0.31691712
 2.10000000  0.05000000  0.33854588
 2.10000000  0.10000000  0.28401744
 2.10000000  0.15000000  0.13435293
 2.10000000  0.20000000 -0.11609053
 2.10000000  0.25000000 -0.45272596
 2.10000000  0.30000000 -0.84380147
 2.10000000  0.35000000 -1.23828271
 2.10000000  0.40000000 -1.60244047
 2.10000000  0.45000000 -1.87833607
 2.10000000  0.50000000 -2.04800407
 2.10000000  0.55000000 -2.05842197
 2.10000000  0.60000000 -1.89971871
 2.10000000  0.65000000 -1.57485160
 2.10000000  0.70000000 -1.10426241
 2.10000000  0.75000000 -0.55056890
 2.10000000  0.80000000  0.00745134
 2.10000000  0.85000000  0.49827359
 2.10000000  0.90000000  0.87223035
 2.10000000  0.95000000  1.08288365
 2.10000000  1.00000000  1.14288375
 2.10000000  1.05000000  1.07732587
 2.10000000  1.10000000  0.91659930
 2.10000000  1.15000000  0.70839434
 2.10000000  1.20000000  0.46058676
 2.10000000  1.25000000  0.16953019
 2.10000000  1.30000000 -0.15269450
 2.10000000  1.35000000 -0.51693585
 2.10000000  1.40000000 -0.88828675
 2.10000000  1.45000000 -1.21988053
 2.10000000  1.50000000 -1.45497347
 2.10000000  1.55000000 -1.55937176
 2.10000000  1.60000000 -1.52074879
 2.10000000  1.65000000 -1.35723958
 2.10000000  1.70000000 -1.10225147
 2.10000000  1.75000000 -0.82445424
 2.10000000  1.80000000 -0.58306005
 2.10000000  1.85000000 -0.42166762
 2.10000000  1.90000000 -0.36046785
 2.10000000  1.95000000 -0.37675998
 2.10000000  2.00000000 -0.45659698
 2.10000000  2.05000000 -0.53559439
 2.10000000  2.10000000 -0.59397652
 2.10000000  2.15000000 -0.61429486
 2.10000000  2.20000000 -0.57164590
 2.15000000 -0.25000000 -0.19603011
 2.15000000 -0.20000000 -0.23107603
 2.15000000 -0.15000000 -0.23500273
 2.15000000 -0.10000000 -0.22212178
 2.15000000 -0.05000000 -0.18336646
 2.15000000  0.00000000 -0.13660936
 2.15000000  0.05000000 -0.12232333
 2.15000000  0.10000000 -0.16272656
 2.15000000  0.15000000 -0.27195004
 2.15000000  0.20000000 -0.46526121
 2.15000000  0.25000000 -0.76729946
 2.15000000  0.30000000 -1.09836572
 2.15000000  0.35000000 -1.46647486
 2.15000000  0.40000000 -1.80040255
 2.15000000  0.45000000 -2.06613684
 2.15000000  0.50000000 -2.22766729
 2.15000000  0.55000000 -2.23782062
 2.15000000  0.60000000 -2.08056584
 2.15000000  0.65000000 -1.75913745
 2.15000000  0.70000000 -1.30685070
 2.15000000  0.75000000 -0.75427090
 2.15000000  0.80000000 -0.18905657
 2.15000000  0.85000000  0.32514955
 2.15000000  0.90000000  0.73311632
 2.15000000  0.95000000  0.99931984
 2.15000000  1.00000000  1.13592007
 2.15000000  1.05000000  1.15425667
 2.15000000  1.10000000  1.08619238
 2.15000000  1.15000000  0.94747400
 2.15000000  1.20000000  0.75622292
 2.15000000  1.25000000  0.49383695
 2.15000000  1.30000000  0.16836277
 2.15000000  1.35000000 -0.20479285
 2.15000000  1.40000000 -0.59055834
 2.15000000  1.45000000 -0.95114379
 2.15000000  1.50000000 -1.20842978
 2.15000000  1.55000000 -1.33678047
 2.15000000  1.60000000 -1.32416708
 2.15000000  1.65000000 -1.19037843
 2.15000000  1.70000000 -0.97548041
 2.15000000  1.75000000 -0.75064535
 2.15000000  1.80000000 -0.55391289
 2.15000000  1.85000000 -0.43475013
 2.15000000  1.90000000 -0.39732033
 2.15000000  1.95000000 -0.41978064
 2.15000000  2.00000000 -0.48843367
 2.15000000  2.05000000 -0.56748284
 2.15000000  2.10000000 -0.61133776
 2.15000000  2.15000000 -0.60236088
 2.15000000  2.20000000 -0.54663595
 2.20000000 -0.25000000 -0.55431580
 2.20000000 -0.20000000 -0.57152488
 2.20000000 -0.15000000 -0.57925463
 2.20000000 -0.10000000 -0.58178624
 2.20000000 -0.05000000 -0.56825139
 2.20000000  0.00000000 -0.54520213
 2.20000000  0.05000000 -0.53602539
 2.20000000  0.10000000 -0.55032197
 2.20000000  0.15000000 -0.61676865
 2.20000000  0.20000000 -0.76640917
 2.20000000  0.25000000 -0.99812181
 2.20000000  0.30000000 -1.29312635
 2.20000000  0.35000000 -1.60615179
 2.20000000  0.40000000 -1.91647021
 2.20000000  0.45000000 -2.16958447
 2.20000000  0.50000000 -2.31430733
 2.20000000  0.55000000 -2.33159535
 2.20000000  0.60000000 -2.19647788
 2.20000000  0.65000000 -1.90860709
 2.20000000  0.70000000 -1.48086274
 2.20000000  0.75000000 -0.96123252
 2.20000000  0.80000000 -0.39657767
 2.20000000  0.85000000  0.12444209
 2.20000000  0.90000000  0.57047427
 2.20000000  0.95000000  0.89297223
 2.20000000  1.00000000  1.10906228
 2.20000000  1.05000000  1.20202012
 2.20000000  1.10000000  1.22366223
 2.20000000  1.15000000  1.15664193
 2.20000000  1.20000000  1.01234299
 2.20000000  1.25000000  0.77771903
 2.20000000  1.30000000  0.46212427
 2.20000000  1.35000000  0.08887037
 2.20000000  1.40000000 -0.31940010
 2.20000000  1.45000000 -0.67550024
 2.20000000  1.50000000 -0.95191750
 2.20000000  1.55000000 -1.07510732
 2.20000000  1.60000000 -1.08525707
 2.20000000  1.65000000 -0.97510920
 2.20000000  1.70000000 -0.80318214
 2.20000000  1.75000000 -0.62693395
 2.20000000  1.80000000 -0.47600101
 2.20000000  1.85000000 -0.39242944
 2.20000000  1.90000000 -0.37589737
 2.20000000  1.95000000 -0.41460277
 2.20000000  2.00000000 -0.47253039
 2.20000000  2.05000000 -0.52723968
 2.20000000  2.10000000 -0.55192923
 2.20000000  2.15000000 -0.53101911
 2.20000000  2.20000000 -0.45675839
