Physical State
[[ 1.25  1.  ]
 [ 1.3   1.  ]
 [ 1.35  1.  ]
 [ 1.4   1.  ]]
Locations
[[ 1.    1.  ]
 [ 1.    1.05]
 [ 1.    1.1 ]
 [ 1.    1.15]
 [ 1.    1.2 ]
 [ 1.    1.15]
 [ 1.    1.1 ]
 [ 1.    1.05]
 [ 1.    1.  ]
 [ 1.05  1.  ]
 [ 1.1   1.  ]
 [ 1.15  1.  ]
 [ 1.2   1.  ]
 [ 1.25  1.  ]
 [ 1.3   1.  ]
 [ 1.35  1.  ]
 [ 1.4   1.  ]]
Measurements
[-0.52585736 -0.49508097 -0.54734104 -0.6795217  -0.86557241 -0.6795217
 -0.54734104 -0.49508097 -0.52585736 -0.41239974 -0.27185502 -0.14562029
 -0.04249171 -0.0246573  -0.08828703 -0.20217937 -0.38293113]
Total accumulated reward = -6.40573876452
Nodes expanded = -1