Physical State
[[ 1.05  1.  ]
 [ 1.1   1.  ]
 [ 1.15  1.  ]
 [ 1.2   1.  ]]
Locations
[[ 1.    1.  ]
 [ 1.    1.05]
 [ 1.    1.1 ]
 [ 1.    1.15]
 [ 1.    1.2 ]
 [ 1.    1.15]
 [ 1.    1.1 ]
 [ 1.    1.05]
 [ 1.    1.  ]
 [ 1.05  1.  ]
 [ 1.1   1.  ]
 [ 1.15  1.  ]
 [ 1.2   1.  ]]
Measurements
[-0.52585736 -0.49508097 -0.54734104 -0.6795217  -0.86557241 -0.6795217
 -0.54734104 -0.49508097 -0.52585736 -0.41239974 -0.27185502 -0.14562029
 -0.04249171]
Total accumulated reward = -5.70768392833
Nodes expanded = -1