Physical State
[[ 0.95  0.8 ]
 [ 0.9   0.8 ]
 [ 0.85  0.8 ]
 [ 0.8   0.8 ]]
Locations
[[ 1.    1.  ]
 [ 1.05  1.  ]
 [ 1.1   1.  ]
 [ 1.15  1.  ]
 [ 1.2   1.  ]
 [ 1.2   0.95]
 [ 1.2   0.9 ]
 [ 1.2   0.85]
 [ 1.2   0.8 ]
 [ 1.15  0.8 ]
 [ 1.1   0.8 ]
 [ 1.05  0.8 ]
 [ 1.    0.8 ]
 [ 0.95  0.8 ]
 [ 0.9   0.8 ]
 [ 0.85  0.8 ]
 [ 0.8   0.8 ]]
Measurements
[ 0.47184674  0.32582447  0.14241858 -0.04658425 -0.24967116 -0.26149361
 -0.24967179 -0.22263285 -0.21063645  0.2140179   0.5361189   0.72558802
  0.78806029  0.72441193  0.56455962  0.36166646  0.14948545]
Total accumulated reward = 3.2914615001
Nodes expanded = 4