-0.25000000 -0.25000000  0.78204891
-0.25000000 -0.20000000  0.77351898
-0.25000000 -0.15000000  0.75454286
-0.25000000 -0.10000000  0.70228592
-0.25000000 -0.05000000  0.58255754
-0.25000000  0.00000000  0.37619671
-0.25000000  0.05000000  0.08116564
-0.25000000  0.10000000 -0.28073697
-0.25000000  0.15000000 -0.66170972
-0.25000000  0.20000000 -1.03569529
-0.25000000  0.25000000 -1.34816908
-0.25000000  0.30000000 -1.58563320
-0.25000000  0.35000000 -1.72833101
-0.25000000  0.40000000 -1.76323313
-0.25000000  0.45000000 -1.70478626
-0.25000000  0.50000000 -1.55689685
-0.25000000  0.55000000 -1.34139323
-0.25000000  0.60000000 -1.09060251
-0.25000000  0.65000000 -0.81749601
-0.25000000  0.70000000 -0.56666905
-0.25000000  0.75000000 -0.35206550
-0.25000000  0.80000000 -0.19914212
-0.25000000  0.85000000 -0.10809551
-0.25000000  0.90000000 -0.05367842
-0.25000000  0.95000000  0.00822115
-0.25000000  1.00000000  0.11626463
-0.25000000  1.05000000  0.30183729
-0.25000000  1.10000000  0.54372956
-0.25000000  1.15000000  0.83041507
-0.25000000  1.20000000  1.09636356
-0.25000000  1.25000000  1.27762656
-0.25000000  1.30000000  1.33365323
-0.25000000  1.35000000  1.26342325
-0.25000000  1.40000000  1.09345900
-0.25000000  1.45000000  0.88160318
-0.25000000  1.50000000  0.68705447
-0.25000000  1.55000000  0.55729514
-0.25000000  1.60000000  0.50571587
-0.25000000  1.65000000  0.51417159
-0.25000000  1.70000000  0.57285080
-0.25000000  1.75000000  0.63391936
-0.25000000  1.80000000  0.68065038
-0.25000000  1.85000000  0.70420370
-0.25000000  1.90000000  0.68166911
-0.25000000  1.95000000  0.61990385
-0.25000000  2.00000000  0.50342451
-0.25000000  2.05000000  0.32370226
-0.25000000  2.10000000  0.09991432
-0.25000000  2.15000000 -0.16105363
-0.25000000  2.20000000 -0.42431431
-0.20000000 -0.25000000  0.69842037
-0.20000000 -0.20000000  0.64352959
-0.20000000 -0.15000000  0.58783631
-0.20000000 -0.10000000  0.51185370
-0.20000000 -0.05000000  0.36906988
-0.20000000  0.00000000  0.14933773
-0.20000000  0.05000000 -0.14622110
-0.20000000  0.10000000 -0.50600433
-0.20000000  0.15000000 -0.88468442
-0.20000000  0.20000000 -1.24066269
-0.20000000  0.25000000 -1.55027964
-0.20000000  0.30000000 -1.78889958
-0.20000000  0.35000000 -1.91995767
-0.20000000  0.40000000 -1.97246526
-0.20000000  0.45000000 -1.92297516
-0.20000000  0.50000000 -1.78492743
-0.20000000  0.55000000 -1.56382874
-0.20000000  0.60000000 -1.29140577
-0.20000000  0.65000000 -0.99122565
-0.20000000  0.70000000 -0.70221693
-0.20000000  0.75000000 -0.43127968
-0.20000000  0.80000000 -0.23355585
-0.20000000  0.85000000 -0.10089117
-0.20000000  0.90000000 -0.03099192
-0.20000000  0.95000000  0.02630514
-0.20000000  1.00000000  0.10198576
-0.20000000  1.05000000  0.23320729
-0.20000000  1.10000000  0.41441925
-0.20000000  1.15000000  0.63790730
-0.20000000  1.20000000  0.82591846
-0.20000000  1.25000000  0.95146318
-0.20000000  1.30000000  0.94704299
-0.20000000  1.35000000  0.84168677
-0.20000000  1.40000000  0.64686137
-0.20000000  1.45000000  0.42892647
-0.20000000  1.50000000  0.24745768
-0.20000000  1.55000000  0.14471677
-0.20000000  1.60000000  0.12437113
-0.20000000  1.65000000  0.16860968
-0.20000000  1.70000000  0.25898272
-0.20000000  1.75000000  0.35608555
-0.20000000  1.80000000  0.45233483
-0.20000000  1.85000000  0.53033976
-0.20000000  1.90000000  0.57778079
-0.20000000  1.95000000  0.59755619
-0.20000000  2.00000000  0.57410868
-0.20000000  2.05000000  0.50071298
-0.20000000  2.10000000  0.35899529
-0.20000000  2.15000000  0.17016851
-0.20000000  2.20000000 -0.05867671
-0.15000000 -0.25000000  0.56154173
-0.15000000 -0.20000000  0.45120752
-0.15000000 -0.15000000  0.35814125
-0.15000000 -0.10000000  0.26072159
-0.15000000 -0.05000000  0.12457444
-0.15000000  0.00000000 -0.08195602
-0.15000000  0.05000000 -0.35083461
-0.15000000  0.10000000 -0.67283582
-0.15000000  0.15000000 -1.02130353
-0.15000000  0.20000000 -1.34355971
-0.15000000  0.25000000 -1.62333981
-0.15000000  0.30000000 -1.85125789
-0.15000000  0.35000000 -2.00576642
-0.15000000  0.40000000 -2.06800047
-0.15000000  0.45000000 -2.05006195
-0.15000000  0.50000000 -1.94562826
-0.15000000  0.55000000 -1.75508908
-0.15000000  0.60000000 -1.48263317
-0.15000000  0.65000000 -1.17618844
-0.15000000  0.70000000 -0.85765706
-0.15000000  0.75000000 -0.55785996
-0.15000000  0.80000000 -0.31913366
-0.15000000  0.85000000 -0.15517425
-0.15000000  0.90000000 -0.06711098
-0.15000000  0.95000000 -0.01134286
-0.15000000  1.00000000  0.04510572
-0.15000000  1.05000000  0.12662645
-0.15000000  1.10000000  0.24766135
-0.15000000  1.15000000  0.38706866
-0.15000000  1.20000000  0.50431900
-0.15000000  1.25000000  0.54359774
-0.15000000  1.30000000  0.49369139
-0.15000000  1.35000000  0.34119641
-0.15000000  1.40000000  0.14316971
-0.15000000  1.45000000 -0.05834264
-0.15000000  1.50000000 -0.21455917
-0.15000000  1.55000000 -0.27658844
-0.15000000  1.60000000 -0.25267330
-0.15000000  1.65000000 -0.16124979
-0.15000000  1.70000000 -0.03748838
-0.15000000  1.75000000  0.10330743
-0.15000000  1.80000000  0.23526713
-0.15000000  1.85000000  0.36639725
-0.15000000  1.90000000  0.47066577
-0.15000000  1.95000000  0.56494447
-0.15000000  2.00000000  0.61987399
-0.15000000  2.05000000  0.63035784
-0.15000000  2.10000000  0.56767321
-0.15000000  2.15000000  0.44089499
-0.15000000  2.20000000  0.26863966
-0.10000000 -0.25000000  0.37135268
-0.10000000 -0.20000000  0.21894902
-0.10000000 -0.15000000  0.10200819
-0.10000000 -0.10000000 -0.00421790
-0.10000000 -0.05000000 -0.13351462
-0.10000000  0.00000000 -0.29795785
-0.10000000  0.05000000 -0.51018555
-0.10000000  0.10000000 -0.76115139
-0.10000000  0.15000000 -1.03671848
-0.10000000  0.20000000 -1.31054311
-0.10000000  0.25000000 -1.56107934
-0.10000000  0.30000000 -1.77830908
-0.10000000  0.35000000 -1.94269317
-0.10000000  0.40000000 -2.04485341
-0.10000000  0.45000000 -2.07069823
-0.10000000  0.50000000 -2.01535713
-0.10000000  0.55000000 -1.85487705
-0.10000000  0.60000000 -1.62582477
-0.10000000  0.65000000 -1.32623008
-0.10000000  0.70000000 -1.00554678
-0.10000000  0.75000000 -0.69792768
-0.10000000  0.80000000 -0.43791296
-0.10000000  0.85000000 -0.26196400
-0.10000000  0.90000000 -0.15649762
-0.10000000  0.95000000 -0.10725049
-0.10000000  1.00000000 -0.07705961
-0.10000000  1.05000000 -0.03175130
-0.10000000  1.10000000  0.02203451
-0.10000000  1.15000000  0.09405089
-0.10000000  1.20000000  0.12823120
-0.10000000  1.25000000  0.10640669
-0.10000000  1.30000000  0.00436457
-0.10000000  1.35000000 -0.17188597
-0.10000000  1.40000000 -0.36840045
-0.10000000  1.45000000 -0.54593970
-0.10000000  1.50000000 -0.65498730
-0.10000000  1.55000000 -0.67291248
-0.10000000  1.60000000 -0.59255619
-0.10000000  1.65000000 -0.45573730
-0.10000000  1.70000000 -0.28534981
-0.10000000  1.75000000 -0.09913622
-0.10000000  1.80000000  0.06650849
-0.10000000  1.85000000  0.23454611
-0.10000000  1.90000000  0.38484703
-0.10000000  1.95000000  0.52992365
-0.10000000  2.00000000  0.65044575
-0.10000000  2.05000000  0.72907623
-0.10000000  2.10000000  0.72966236
-0.10000000  2.15000000  0.65704317
-0.10000000  2.20000000  0.51912892
-0.05000000 -0.25000000  0.15111068
-0.05000000 -0.20000000 -0.03173709
-0.05000000 -0.15000000 -0.16067299
-0.05000000 -0.10000000 -0.26916859
-0.05000000 -0.05000000 -0.36081791
-0.05000000  0.00000000 -0.46491464
-0.05000000  0.05000000 -0.60051435
-0.05000000  0.10000000 -0.76250290
-0.05000000  0.15000000 -0.95635557
-0.05000000  0.20000000 -1.15867499
-0.05000000  0.25000000 -1.37083884
-0.05000000  0.30000000 -1.56360351
-0.05000000  0.35000000 -1.74946699
-0.05000000  0.40000000 -1.87998784
-0.05000000  0.45000000 -1.96034234
-0.05000000  0.50000000 -1.95195526
-0.05000000  0.55000000 -1.84423222
-0.05000000  0.60000000 -1.65629213
-0.05000000  0.65000000 -1.38298910
-0.05000000  0.70000000 -1.09450978
-0.05000000  0.75000000 -0.79888414
-0.05000000  0.80000000 -0.55347132
-0.05000000  0.85000000 -0.36791549
-0.05000000  0.90000000 -0.26732721
-0.05000000  0.95000000 -0.22253128
-0.05000000  1.00000000 -0.21299165
-0.05000000  1.05000000 -0.21941360
-0.05000000  1.10000000 -0.21163873
-0.05000000  1.15000000 -0.22507294
-0.05000000  1.20000000 -0.25738913
-0.05000000  1.25000000 -0.34049872
-0.05000000  1.30000000 -0.48307584
-0.05000000  1.35000000 -0.67592409
-0.05000000  1.40000000 -0.86261502
-0.05000000  1.45000000 -1.00236386
-0.05000000  1.50000000 -1.05217516
-0.05000000  1.55000000 -1.00601115
-0.05000000  1.60000000 -0.87398009
-0.05000000  1.65000000 -0.68406970
-0.05000000  1.70000000 -0.47216156
-0.05000000  1.75000000 -0.26260641
-0.05000000  1.80000000 -0.06858522
-0.05000000  1.85000000  0.12538544
-0.05000000  1.90000000  0.30326306
-0.05000000  1.95000000  0.48164007
-0.05000000  2.00000000  0.63952030
-0.05000000  2.05000000  0.76782983
-0.05000000  2.10000000  0.82892320
-0.05000000  2.15000000  0.80964479
-0.05000000  2.20000000  0.71252212
 0.00000000 -0.25000000 -0.08077490
 0.00000000 -0.20000000 -0.28438679
 0.00000000 -0.15000000 -0.42027901
 0.00000000 -0.10000000 -0.50852578
 0.00000000 -0.05000000 -0.55602023
 0.00000000  0.00000000 -0.59108378
 0.00000000  0.05000000 -0.62910510
 0.00000000  0.10000000 -0.69291811
 0.00000000  0.15000000 -0.78797789
 0.00000000  0.20000000 -0.91624531
 0.00000000  0.25000000 -1.07537382
 0.00000000  0.30000000 -1.25205352
 0.00000000  0.35000000 -1.44574725
 0.00000000  0.40000000 -1.61033897
 0.00000000  0.45000000 -1.71617586
 0.00000000  0.50000000 -1.75723707
 0.00000000  0.55000000 -1.70204292
 0.00000000  0.60000000 -1.55445145
 0.00000000  0.65000000 -1.33363442
 0.00000000  0.70000000 -1.07796351
 0.00000000  0.75000000 -0.81898436
 0.00000000  0.80000000 -0.60366026
 0.00000000  0.85000000 -0.44480659
 0.00000000  0.90000000 -0.36359181
 0.00000000  0.95000000 -0.33703316
 0.00000000  1.00000000 -0.35630638
 0.00000000  1.05000000 -0.39640563
 0.00000000  1.10000000 -0.44707081
 0.00000000  1.15000000 -0.51995196
 0.00000000  1.20000000 -0.62539096
 0.00000000  1.25000000 -0.76350615
 0.00000000  1.30000000 -0.93983457
 0.00000000  1.35000000 -1.13486712
 0.00000000  1.40000000 -1.30031993
 0.00000000  1.45000000 -1.40042180
 0.00000000  1.50000000 -1.40306257
 0.00000000  1.55000000 -1.29442470
 0.00000000  1.60000000 -1.11319412
 0.00000000  1.65000000 -0.88142661
 0.00000000  1.70000000 -0.63151131
 0.00000000  1.75000000 -0.40026793
 0.00000000  1.80000000 -0.19056354
 0.00000000  1.85000000  0.01578090
 0.00000000  1.90000000  0.21649352
 0.00000000  1.95000000  0.41447662
 0.00000000  2.00000000  0.60544215
 0.00000000  2.05000000  0.76326404
 0.00000000  2.10000000  0.87389889
 0.00000000  2.15000000  0.91110801
 0.00000000  2.20000000  0.85196835
 0.05000000 -0.25000000 -0.32154505
 0.05000000 -0.20000000 -0.52673456
 0.05000000 -0.15000000 -0.65829109
 0.05000000 -0.10000000 -0.72213417
 0.05000000 -0.05000000 -0.71451273
 0.05000000  0.00000000 -0.67334523
 0.05000000  0.05000000 -0.62396793
 0.05000000  0.10000000 -0.58350577
 0.05000000  0.15000000 -0.58648180
 0.05000000  0.20000000 -0.64196304
 0.05000000  0.25000000 -0.74345731
 0.05000000  0.30000000 -0.89274144
 0.05000000  0.35000000 -1.07486938
 0.05000000  0.40000000 -1.25426701
 0.05000000  0.45000000 -1.38230162
 0.05000000  0.50000000 -1.46129705
 0.05000000  0.55000000 -1.43307895
 0.05000000  0.60000000 -1.33805096
 0.05000000  0.65000000 -1.15919138
 0.05000000  0.70000000 -0.95711110
 0.05000000  0.75000000 -0.75390688
 0.05000000  0.80000000 -0.57983514
 0.05000000  0.85000000 -0.45837027
 0.05000000  0.90000000 -0.41176348
 0.05000000  0.95000000 -0.40937829
 0.05000000  1.00000000 -0.46189559
 0.05000000  1.05000000 -0.54298549
 0.05000000  1.10000000 -0.64058165
 0.05000000  1.15000000 -0.77194631
 0.05000000  1.20000000 -0.93316342
 0.05000000  1.25000000 -1.12531423
 0.05000000  1.30000000 -1.33759944
 0.05000000  1.35000000 -1.53335139
 0.05000000  1.40000000 -1.68276887
 0.05000000  1.45000000 -1.74098374
 0.05000000  1.50000000 -1.69582310
 0.05000000  1.55000000 -1.54805699
 0.05000000  1.60000000 -1.32533442
 0.05000000  1.65000000 -1.05952976
 0.05000000  1.70000000 -0.79660033
 0.05000000  1.75000000 -0.54677824
 0.05000000  1.80000000 -0.32000509
 0.05000000  1.85000000 -0.11012721
 0.05000000  1.90000000  0.09373890
 0.05000000  1.95000000  0.30309775
 0.05000000  2.00000000  0.52069274
 0.05000000  2.05000000  0.72151955
 0.05000000  2.10000000  0.88558731
 0.05000000  2.15000000  0.97448320
 0.05000000  2.20000000  0.95802381
 0.10000000 -0.25000000 -0.56348012
 0.10000000 -0.20000000 -0.77067825
 0.10000000 -0.15000000 -0.88941930
 0.10000000 -0.10000000 -0.91101464
 0.10000000 -0.05000000 -0.85642201
 0.10000000  0.00000000 -0.74345408
 0.10000000  0.05000000 -0.60654016
 0.10000000  0.10000000 -0.47943962
 0.10000000  0.15000000 -0.40393287
 0.10000000  0.20000000 -0.38516346
 0.10000000  0.25000000 -0.42553666
 0.10000000  0.30000000 -0.53592660
 0.10000000  0.35000000 -0.69372211
 0.10000000  0.40000000 -0.85319767
 0.10000000  0.45000000 -0.99801976
 0.10000000  0.50000000 -1.08234929
 0.10000000  0.55000000 -1.08892472
 0.10000000  0.60000000 -1.03530122
 0.10000000  0.65000000 -0.90077014
 0.10000000  0.70000000 -0.74534097
 0.10000000  0.75000000 -0.59175462
 0.10000000  0.80000000 -0.47761421
 0.10000000  0.85000000 -0.40714014
 0.10000000  0.90000000 -0.39354346
 0.10000000  0.95000000 -0.43435432
 0.10000000  1.00000000 -0.51116860
 0.10000000  1.05000000 -0.61930125
 0.10000000  1.10000000 -0.76797566
 0.10000000  1.15000000 -0.95393288
 0.10000000  1.20000000 -1.16359502
 0.10000000  1.25000000 -1.40467244
 0.10000000  1.30000000 -1.64462672
 0.10000000  1.35000000 -1.85794958
 0.10000000  1.40000000 -1.99682335
 0.10000000  1.45000000 -2.03404965
 0.10000000  1.50000000 -1.95756369
 0.10000000  1.55000000 -1.78547251
 0.10000000  1.60000000 -1.53869671
 0.10000000  1.65000000 -1.25342878
 0.10000000  1.70000000 -0.98309771
 0.10000000  1.75000000 -0.72587111
 0.10000000  1.80000000 -0.50835022
 0.10000000  1.85000000 -0.29906580
 0.10000000  1.90000000 -0.07284581
 0.10000000  1.95000000  0.15218548
 0.10000000  2.00000000  0.40151957
 0.10000000  2.05000000  0.64864257
 0.10000000  2.10000000  0.85778006
 0.10000000  2.15000000  1.00989901
 0.10000000  2.20000000  1.05538546
 0.15000000 -0.25000000 -0.81166712
 0.15000000 -0.20000000 -1.00117963
 0.15000000 -0.15000000 -1.10297761
 0.15000000 -0.10000000 -1.09372432
 0.15000000 -0.05000000 -0.99337826
 0.15000000  0.00000000 -0.81193248
 0.15000000  0.05000000 -0.61224624
 0.15000000  0.10000000 -0.42110792
 0.15000000  0.15000000 -0.27804552
 0.15000000  0.20000000 -0.18881032
 0.15000000  0.25000000 -0.17363970
 0.15000000  0.30000000 -0.23590897
 0.15000000  0.35000000 -0.34627526
 0.15000000  0.40000000 -0.48000619
 0.15000000  0.45000000 -0.60855772
 0.15000000  0.50000000 -0.68876656
 0.15000000  0.55000000 -0.71844083
 0.15000000  0.60000000 -0.68345785
 0.15000000  0.65000000 -0.59885279
 0.15000000  0.70000000 -0.48884477
 0.15000000  0.75000000 -0.39753714
 0.15000000  0.80000000 -0.33186638
 0.15000000  0.85000000 -0.30191970
 0.15000000  0.90000000 -0.32098265
 0.15000000  0.95000000 -0.37793014
 0.15000000  1.00000000 -0.47933541
 0.15000000  1.05000000 -0.61612026
 0.15000000  1.10000000 -0.80204166
 0.15000000  1.15000000 -1.02992953
 0.15000000  1.20000000 -1.29142472
 0.15000000  1.25000000 -1.58366510
 0.15000000  1.30000000 -1.86017455
 0.15000000  1.35000000 -2.08804928
 0.15000000  1.40000000 -2.23320094
 0.15000000  1.45000000 -2.26788958
 0.15000000  1.50000000 -2.19725991
 0.15000000  1.55000000 -2.01753205
 0.15000000  1.60000000 -1.76982664
 0.15000000  1.65000000 -1.49821037
 0.15000000  1.70000000 -1.23259306
 0.15000000  1.75000000 -0.97663018
 0.15000000  1.80000000 -0.74130927
 0.15000000  1.85000000 -0.51238942
 0.15000000  1.90000000 -0.27894177
 0.15000000  1.95000000 -0.01863454
 0.15000000  2.00000000  0.27448948
 0.15000000  2.05000000  0.57338125
 0.15000000  2.10000000  0.83791944
 0.15000000  2.15000000  1.04850556
 0.15000000  2.20000000  1.15951660
 0.20000000 -0.25000000 -1.04624783
 0.20000000 -0.20000000 -1.23371669
 0.20000000 -0.15000000 -1.30590538
 0.20000000 -0.10000000 -1.27500253
 0.20000000 -0.05000000 -1.13009655
 0.20000000  0.00000000 -0.90330008
 0.20000000  0.05000000 -0.65665447
 0.20000000  0.10000000 -0.41741819
 0.20000000  0.15000000 -0.21683747
 0.20000000  0.20000000 -0.07869378
 0.20000000  0.25000000 -0.01021591
 0.20000000  0.30000000 -0.01768733
 0.20000000  0.35000000 -0.07348922
 0.20000000  0.40000000 -0.15745453
 0.20000000  0.45000000 -0.26125231
 0.20000000  0.50000000 -0.32909806
 0.20000000  0.55000000 -0.36684088
 0.20000000  0.60000000 -0.35751585
 0.20000000  0.65000000 -0.31695456
 0.20000000  0.70000000 -0.24740602
 0.20000000  0.75000000 -0.19641004
 0.20000000  0.80000000 -0.16299910
 0.20000000  0.85000000 -0.16794394
 0.20000000  0.90000000 -0.20831571
 0.20000000  0.95000000 -0.27232066
 0.20000000  1.00000000 -0.37721398
 0.20000000  1.05000000 -0.53303306
 0.20000000  1.10000000 -0.74564388
 0.20000000  1.15000000 -1.00867084
 0.20000000  1.20000000 -1.31068794
 0.20000000  1.25000000 -1.65166645
 0.20000000  1.30000000 -1.97122318
 0.20000000  1.35000000 -2.23229149
 0.20000000  1.40000000 -2.40341543
 0.20000000  1.45000000 -2.46013348
 0.20000000  1.50000000 -2.39775759
 0.20000000  1.55000000 -2.24017103
 0.20000000  1.60000000 -2.01063951
 0.20000000  1.65000000 -1.76487963
 0.20000000  1.70000000 -1.50250365
 0.20000000  1.75000000 -1.25365824
 0.20000000  1.80000000 -1.01134094
 0.20000000  1.85000000 -0.75817122
 0.20000000  1.90000000 -0.49258533
 0.20000000  1.95000000 -0.18425028
 0.20000000  2.00000000  0.14915631
 0.20000000  2.05000000  0.50806748
 0.20000000  2.10000000  0.83585323
 0.20000000  2.15000000  1.09738747
 0.20000000  2.20000000  1.26482305
 0.25000000 -0.25000000 -1.27230812
 0.25000000 -0.20000000 -1.44776149
 0.25000000 -0.15000000 -1.50313491
 0.25000000 -0.10000000 -1.43483738
 0.25000000 -0.05000000 -1.26717728
 0.25000000  0.00000000 -1.01906533
 0.25000000  0.05000000 -0.74210262
 0.25000000  0.10000000 -0.47581582
 0.25000000  0.15000000 -0.24337719
 0.25000000  0.20000000 -0.07104052
 0.25000000  0.25000000  0.05131615
 0.25000000  0.30000000  0.11254096
 0.25000000  0.35000000  0.11357368
 0.25000000  0.40000000  0.07664155
 0.25000000  0.45000000  0.01059480
 0.25000000  0.50000000 -0.04658392
 0.25000000  0.55000000 -0.09701500
 0.25000000  0.60000000 -0.10003804
 0.25000000  0.65000000 -0.09108492
 0.25000000  0.70000000 -0.05765614
 0.25000000  0.75000000 -0.03520795
 0.25000000  0.80000000 -0.02181713
 0.25000000  0.85000000 -0.03421675
 0.25000000  0.90000000 -0.06693727
 0.25000000  0.95000000 -0.14009205
 0.25000000  1.00000000 -0.23913684
 0.25000000  1.05000000 -0.38872397
 0.25000000  1.10000000 -0.60619218
 0.25000000  1.15000000 -0.89715842
 0.25000000  1.20000000 -1.23655477
 0.25000000  1.25000000 -1.61473097
 0.25000000  1.30000000 -1.97436538
 0.25000000  1.35000000 -2.26631340
 0.25000000  1.40000000 -2.47690950
 0.25000000  1.45000000 -2.56746114
 0.25000000  1.50000000 -2.54057528
 0.25000000  1.55000000 -2.41691449
 0.25000000  1.60000000 -2.22908337
 0.25000000  1.65000000 -2.00381675
 0.25000000  1.70000000 -1.76660184
 0.25000000  1.75000000 -1.51894906
 0.25000000  1.80000000 -1.25198339
 0.25000000  1.85000000 -0.97331548
 0.25000000  1.90000000 -0.66509686
 0.25000000  1.95000000 -0.30661673
 0.25000000  2.00000000  0.07223091
 0.25000000  2.05000000  0.47604714
 0.25000000  2.10000000  0.84491015
 0.25000000  2.15000000  1.15645863
 0.25000000  2.20000000  1.35250523
 0.30000000 -0.25000000 -1.46259054
 0.30000000 -0.20000000 -1.62600486
 0.30000000 -0.15000000 -1.67063687
 0.30000000 -0.10000000 -1.59288122
 0.30000000 -0.05000000 -1.40310211
 0.30000000  0.00000000 -1.13988217
 0.30000000  0.05000000 -0.84761688
 0.30000000  0.10000000 -0.56723956
 0.30000000  0.15000000 -0.32233951
 0.30000000  0.20000000 -0.11266263
 0.30000000  0.25000000  0.05316273
 0.30000000  0.30000000  0.15682173
 0.30000000  0.35000000  0.22208829
 0.30000000  0.40000000  0.22711617
 0.30000000  0.45000000  0.20421237
 0.30000000  0.50000000  0.14685123
 0.30000000  0.55000000  0.09927940
 0.30000000  0.60000000  0.06680246
 0.30000000  0.65000000  0.05578084
 0.30000000  0.70000000  0.07069695
 0.30000000  0.75000000  0.08822493
 0.30000000  0.80000000  0.09289635
 0.30000000  0.85000000  0.08303964
 0.30000000  0.90000000  0.05936695
 0.30000000  0.95000000  0.01162964
 0.30000000  1.00000000 -0.06438487
 0.30000000  1.05000000 -0.20271205
 0.30000000  1.10000000 -0.42093183
 0.30000000  1.15000000 -0.71634120
 0.30000000  1.20000000 -1.08266764
 0.30000000  1.25000000 -1.47961072
 0.30000000  1.30000000 -1.87155199
 0.30000000  1.35000000 -2.21073449
 0.30000000  1.40000000 -2.45414294
 0.30000000  1.45000000 -2.58584210
 0.30000000  1.50000000 -2.59837489
 0.30000000  1.55000000 -2.52555723
 0.30000000  1.60000000 -2.37783858
 0.30000000  1.65000000 -2.19590212
 0.30000000  1.70000000 -1.96595290
 0.30000000  1.75000000 -1.72199730
 0.30000000  1.80000000 -1.43768191
 0.30000000  1.85000000 -1.13175273
 0.30000000  1.90000000 -0.77625976
 0.30000000  1.95000000 -0.38647726
 0.30000000  2.00000000  0.03395951
 0.30000000  2.05000000  0.46381953
 0.30000000  2.10000000  0.85294085
 0.30000000  2.15000000  1.17315517
 0.30000000  2.20000000  1.38244301
 0.35000000 -0.25000000 -1.59983913
 0.35000000 -0.20000000 -1.76308124
 0.35000000 -0.15000000 -1.80401134
 0.35000000 -0.10000000 -1.71426464
 0.35000000 -0.05000000 -1.52391986
 0.35000000  0.00000000 -1.26159677
 0.35000000  0.05000000 -0.98326181
 0.35000000  0.10000000 -0.69449112
 0.35000000  0.15000000 -0.43362133
 0.35000000  0.20000000 -0.19794695
 0.35000000  0.25000000  0.00087433
 0.35000000  0.30000000  0.15921216
 0.35000000  0.35000000  0.27404236
 0.35000000  0.40000000  0.31850797
 0.35000000  0.45000000  0.32249893
 0.35000000  0.50000000  0.27644200
 0.35000000  0.55000000  0.22523170
 0.35000000  0.60000000  0.17217936
 0.35000000  0.65000000  0.14989215
 0.35000000  0.70000000  0.14921982
 0.35000000  0.75000000  0.16184629
 0.35000000  0.80000000  0.17970489
 0.35000000  0.85000000  0.18336397
 0.35000000  0.90000000  0.18933348
 0.35000000  0.95000000  0.17256317
 0.35000000  1.00000000  0.10557947
 0.35000000  1.05000000 -0.01265882
 0.35000000  1.10000000 -0.21147940
 0.35000000  1.15000000 -0.49733528
 0.35000000  1.20000000 -0.86414205
 0.35000000  1.25000000 -1.27613613
 0.35000000  1.30000000 -1.68485654
 0.35000000  1.35000000 -2.04505823
 0.35000000  1.40000000 -2.31397683
 0.35000000  1.45000000 -2.48046960
 0.35000000  1.50000000 -2.53986834
 0.35000000  1.55000000 -2.51020154
 0.35000000  1.60000000 -2.40777187
 0.35000000  1.65000000 -2.25460116
 0.35000000  1.70000000 -2.05030401
 0.35000000  1.75000000 -1.81279555
 0.35000000  1.80000000 -1.52447951
 0.35000000  1.85000000 -1.19714151
 0.35000000  1.90000000 -0.82056268
 0.35000000  1.95000000 -0.40134013
 0.35000000  2.00000000  0.03755853
 0.35000000  2.05000000  0.45962928
 0.35000000  2.10000000  0.84261628
 0.35000000  2.15000000  1.14162187
 0.35000000  2.20000000  1.32369549
 0.40000000 -0.25000000 -1.68829920
 0.40000000 -0.20000000 -1.83020267
 0.40000000 -0.15000000 -1.86814879
 0.40000000 -0.10000000 -1.78662058
 0.40000000 -0.05000000 -1.60871110
 0.40000000  0.00000000 -1.36446458
 0.40000000  0.05000000 -1.08865380
 0.40000000  0.10000000 -0.81155680
 0.40000000  0.15000000 -0.54535603
 0.40000000  0.20000000 -0.28634370
 0.40000000  0.25000000 -0.05354665
 0.40000000  0.30000000  0.15279368
 0.40000000  0.35000000  0.29687754
 0.40000000  0.40000000  0.38365455
 0.40000000  0.45000000  0.39992408
 0.40000000  0.50000000  0.36864901
 0.40000000  0.55000000  0.30991768
 0.40000000  0.60000000  0.25267251
 0.40000000  0.65000000  0.22489315
 0.40000000  0.70000000  0.21092196
 0.40000000  0.75000000  0.23480329
 0.40000000  0.80000000  0.26332251
 0.40000000  0.85000000  0.28372716
 0.40000000  0.90000000  0.31855364
 0.40000000  0.95000000  0.31661041
 0.40000000  1.00000000  0.27983494
 0.40000000  1.05000000  0.18506375
 0.40000000  1.10000000  0.00184365
 0.40000000  1.15000000 -0.26714517
 0.40000000  1.20000000 -0.62517797
 0.40000000  1.25000000 -1.01922180
 0.40000000  1.30000000 -1.42687877
 0.40000000  1.35000000 -1.78965064
 0.40000000  1.40000000 -2.07156556
 0.40000000  1.45000000 -2.25570170
 0.40000000  1.50000000 -2.34097486
 0.40000000  1.55000000 -2.34309385
 0.40000000  1.60000000 -2.27973132
 0.40000000  1.65000000 -2.15987005
 0.40000000  1.70000000 -1.99082271
 0.40000000  1.75000000 -1.77378043
 0.40000000  1.80000000 -1.49511257
 0.40000000  1.85000000 -1.16469097
 0.40000000  1.90000000 -0.79314627
 0.40000000  1.95000000 -0.38824181
 0.40000000  2.00000000  0.03018507
 0.40000000  2.05000000  0.42595679
 0.40000000  2.10000000  0.76702554
 0.40000000  2.15000000  1.01336477
 0.40000000  2.20000000  1.15458387
 0.45000000 -0.25000000 -1.69962787
 0.45000000 -0.20000000 -1.83200661
 0.45000000 -0.15000000 -1.86637785
 0.45000000 -0.10000000 -1.79293440
 0.45000000 -0.05000000 -1.63141897
 0.45000000  0.00000000 -1.41473216
 0.45000000  0.05000000 -1.16265987
 0.45000000  0.10000000 -0.89133295
 0.45000000  0.15000000 -0.63083533
 0.45000000  0.20000000 -0.35521462
 0.45000000  0.25000000 -0.09141363
 0.45000000  0.30000000  0.14214805
 0.45000000  0.35000000  0.32361561
 0.45000000  0.40000000  0.43713037
 0.45000000  0.45000000  0.47075177
 0.45000000  0.50000000  0.44913854
 0.45000000  0.55000000  0.39166066
 0.45000000  0.60000000  0.33448152
 0.45000000  0.65000000  0.30967644
 0.45000000  0.70000000  0.29370071
 0.45000000  0.75000000  0.32956285
 0.45000000  0.80000000  0.37080824
 0.45000000  0.85000000  0.41047014
 0.45000000  0.90000000  0.45891000
 0.45000000  0.95000000  0.47954337
 0.45000000  1.00000000  0.46417224
 0.45000000  1.05000000  0.37459298
 0.45000000  1.10000000  0.21281236
 0.45000000  1.15000000 -0.03688045
 0.45000000  1.20000000 -0.36580322
 0.45000000  1.25000000 -0.73318223
 0.45000000  1.30000000 -1.11103322
 0.45000000  1.35000000 -1.45848394
 0.45000000  1.40000000 -1.72781890
 0.45000000  1.45000000 -1.90395792
 0.45000000  1.50000000 -2.00235723
 0.45000000  1.55000000 -2.03526153
 0.45000000  1.60000000 -1.98994121
 0.45000000  1.65000000 -1.91383934
 0.45000000  1.70000000 -1.78506467
 0.45000000  1.75000000 -1.59593805
 0.45000000  1.80000000 -1.36184971
 0.45000000  1.85000000 -1.07057282
 0.45000000  1.90000000 -0.72856635
 0.45000000  1.95000000 -0.35800510
 0.45000000  2.00000000  0.01219994
 0.45000000  2.05000000  0.35862974
 0.45000000  2.10000000  0.62384989
 0.45000000  2.15000000  0.80995604
 0.45000000  2.20000000  0.87872028
 0.50000000 -0.25000000 -1.64437357
 0.50000000 -0.20000000 -1.76159491
 0.50000000 -0.15000000 -1.79145394
 0.50000000 -0.10000000 -1.73310887
 0.50000000 -0.05000000 -1.59481720
 0.50000000  0.00000000 -1.39773580
 0.50000000  0.05000000 -1.17937120
 0.50000000  0.10000000 -0.92581940
 0.50000000  0.15000000 -0.66601825
 0.50000000  0.20000000 -0.37895182
 0.50000000  0.25000000 -0.10290020
 0.50000000  0.30000000  0.15625143
 0.50000000  0.35000000  0.36415764
 0.50000000  0.40000000  0.49499454
 0.50000000  0.45000000  0.54847552
 0.50000000  0.50000000  0.53564946
 0.50000000  0.55000000  0.48386483
 0.50000000  0.60000000  0.43413637
 0.50000000  0.65000000  0.40201472
 0.50000000  0.70000000  0.41366015
 0.50000000  0.75000000  0.45057976
 0.50000000  0.80000000  0.50304894
 0.50000000  0.85000000  0.55938385
 0.50000000  0.90000000  0.61401512
 0.50000000  0.95000000  0.63619158
 0.50000000  1.00000000  0.63691611
 0.50000000  1.05000000  0.56688722
 0.50000000  1.10000000  0.42271922
 0.50000000  1.15000000  0.19749677
 0.50000000  1.20000000 -0.09440078
 0.50000000  1.25000000 -0.42932727
 0.50000000  1.30000000 -0.76398883
 0.50000000  1.35000000 -1.05784164
 0.50000000  1.40000000 -1.30260981
 0.50000000  1.45000000 -1.45607439
 0.50000000  1.50000000 -1.54461938
 0.50000000  1.55000000 -1.57868705
 0.50000000  1.60000000 -1.56619491
 0.50000000  1.65000000 -1.51896187
 0.50000000  1.70000000 -1.44050263
 0.50000000  1.75000000 -1.30803223
 0.50000000  1.80000000 -1.13200634
 0.50000000  1.85000000 -0.90245291
 0.50000000  1.90000000 -0.63035173
 0.50000000  1.95000000 -0.33041316
 0.50000000  2.00000000 -0.03960179
 0.50000000  2.05000000  0.22298866
 0.50000000  2.10000000  0.42209125
 0.50000000  2.15000000  0.52765028
 0.50000000  2.20000000  0.53325979
 0.55000000 -0.25000000 -1.54336115
 0.55000000 -0.20000000 -1.63726576
 0.55000000 -0.15000000 -1.64840650
 0.55000000 -0.10000000 -1.59965950
 0.55000000 -0.05000000 -1.48495158
 0.55000000  0.00000000 -1.30936022
 0.55000000  0.05000000 -1.11814715
 0.55000000  0.10000000 -0.88893893
 0.55000000  0.15000000 -0.64041359
 0.55000000  0.20000000 -0.36668639
 0.55000000  0.25000000 -0.07679872
 0.55000000  0.30000000  0.19339676
 0.55000000  0.35000000  0.41540603
 0.55000000  0.40000000  0.56172036
 0.55000000  0.45000000  0.63264315
 0.55000000  0.50000000  0.62868482
 0.55000000  0.55000000  0.59061350
 0.55000000  0.60000000  0.54388874
 0.55000000  0.65000000  0.52230764
 0.55000000  0.70000000  0.53450206
 0.55000000  0.75000000  0.58242511
 0.55000000  0.80000000  0.64436327
 0.55000000  0.85000000  0.70818047
 0.55000000  0.90000000  0.76743399
 0.55000000  0.95000000  0.80910470
 0.55000000  1.00000000  0.80179079
 0.55000000  1.05000000  0.74160418
 0.55000000  1.10000000  0.61380518
 0.55000000  1.15000000  0.42005400
 0.55000000  1.20000000  0.17195836
 0.55000000  1.25000000 -0.11131105
 0.55000000  1.30000000 -0.39110627
 0.55000000  1.35000000 -0.63386280
 0.55000000  1.40000000 -0.81615557
 0.55000000  1.45000000 -0.94473891
 0.55000000  1.50000000 -1.00934142
 0.55000000  1.55000000 -1.03146458
 0.55000000  1.60000000 -1.03510823
 0.55000000  1.65000000 -1.02186174
 0.55000000  1.70000000 -0.99291039
 0.55000000  1.75000000 -0.93727513
 0.55000000  1.80000000 -0.83336027
 0.55000000  1.85000000 -0.68788300
 0.55000000  1.90000000 -0.51226796
 0.55000000  1.95000000 -0.30483785
 0.55000000  2.00000000 -0.09780340
 0.55000000  2.05000000  0.08020532
 0.55000000  2.10000000  0.19220804
 0.55000000  2.15000000  0.22740820
 0.55000000  2.20000000  0.17864210
 0.60000000 -0.25000000 -1.36441347
 0.60000000 -0.20000000 -1.44033117
 0.60000000 -0.15000000 -1.43761550
 0.60000000 -0.10000000 -1.38216776
 0.60000000 -0.05000000 -1.27459711
 0.60000000  0.00000000 -1.13872648
 0.60000000  0.05000000 -0.97899613
 0.60000000  0.10000000 -0.77243416
 0.60000000  0.15000000 -0.55370533
 0.60000000  0.20000000 -0.29749356
 0.60000000  0.25000000 -0.02376628
 0.60000000  0.30000000  0.24021153
 0.60000000  0.35000000  0.46203199
 0.60000000  0.40000000  0.62398542
 0.60000000  0.45000000  0.70685787
 0.60000000  0.50000000  0.72113303
 0.60000000  0.55000000  0.69168020
 0.60000000  0.60000000  0.65306582
 0.60000000  0.65000000  0.63631119
 0.60000000  0.70000000  0.64361725
 0.60000000  0.75000000  0.68541617
 0.60000000  0.80000000  0.75768828
 0.60000000  0.85000000  0.82446256
 0.60000000  0.90000000  0.88458318
 0.60000000  0.95000000  0.92622751
 0.60000000  1.00000000  0.93507562
 0.60000000  1.05000000  0.89207240
 0.60000000  1.10000000  0.79871707
 0.60000000  1.15000000  0.64001875
 0.60000000  1.20000000  0.44277401
 0.60000000  1.25000000  0.21709865
 0.60000000  1.30000000 -0.00103034
 0.60000000  1.35000000 -0.18524889
 0.60000000  1.40000000 -0.32520817
 0.60000000  1.45000000 -0.40138447
 0.60000000  1.50000000 -0.43952395
 0.60000000  1.55000000 -0.45250931
 0.60000000  1.60000000 -0.45570388
 0.60000000  1.65000000 -0.47151741
 0.60000000  1.70000000 -0.50259943
 0.60000000  1.75000000 -0.51186630
 0.60000000  1.80000000 -0.51249862
 0.60000000  1.85000000 -0.46047560
 0.60000000  1.90000000 -0.38420258
 0.60000000  1.95000000 -0.27487329
 0.60000000  2.00000000 -0.15736601
 0.60000000  2.05000000 -0.06384923
 0.60000000  2.10000000 -0.01687976
 0.60000000  2.15000000 -0.03613136
 0.60000000  2.20000000 -0.12183526
 0.65000000 -0.25000000 -1.14498661
 0.65000000 -0.20000000 -1.17463899
 0.65000000 -0.15000000 -1.15670443
 0.65000000 -0.10000000 -1.09154330
 0.65000000 -0.05000000 -0.99348015
 0.65000000  0.00000000 -0.87829771
 0.65000000  0.05000000 -0.74629123
 0.65000000  0.10000000 -0.57212427
 0.65000000  0.15000000 -0.39056369
 0.65000000  0.20000000 -0.17317526
 0.65000000  0.25000000  0.06250494
 0.65000000  0.30000000  0.30539852
 0.65000000  0.35000000  0.52602752
 0.65000000  0.40000000  0.67646965
 0.65000000  0.45000000  0.76128817
 0.65000000  0.50000000  0.78460353
 0.65000000  0.55000000  0.75870609
 0.65000000  0.60000000  0.71047506
 0.65000000  0.65000000  0.68795116
 0.65000000  0.70000000  0.68320114
 0.65000000  0.75000000  0.71972705
 0.65000000  0.80000000  0.77233264
 0.65000000  0.85000000  0.84096512
 0.65000000  0.90000000  0.91590028
 0.65000000  0.95000000  0.97455056
 0.65000000  1.00000000  1.00409213
 0.65000000  1.05000000  0.99798589
 0.65000000  1.10000000  0.94391674
 0.65000000  1.15000000  0.84976919
 0.65000000  1.20000000  0.71781795
 0.65000000  1.25000000  0.55570615
 0.65000000  1.30000000  0.39853387
 0.65000000  1.35000000  0.26433804
 0.65000000  1.40000000  0.17259110
 0.65000000  1.45000000  0.12382570
 0.65000000  1.50000000  0.11912653
 0.65000000  1.55000000  0.12719600
 0.65000000  1.60000000  0.11470985
 0.65000000  1.65000000  0.08951173
 0.65000000  1.70000000  0.02114799
 0.65000000  1.75000000 -0.05682105
 0.65000000  1.80000000 -0.14237373
 0.65000000  1.85000000 -0.20508451
 0.65000000  1.90000000 -0.22725825
 0.65000000  1.95000000 -0.22208069
 0.65000000  2.00000000 -0.18141591
 0.65000000  2.05000000 -0.14915600
 0.65000000  2.10000000 -0.15100672
 0.65000000  2.15000000 -0.20344632
 0.65000000  2.20000000 -0.29994563
 0.70000000 -0.25000000 -0.88237186
 0.70000000 -0.20000000 -0.87646620
 0.70000000 -0.15000000 -0.82685257
 0.70000000 -0.10000000 -0.74495360
 0.70000000 -0.05000000 -0.64869243
 0.70000000  0.00000000 -0.53714172
 0.70000000  0.05000000 -0.43380242
 0.70000000  0.10000000 -0.30931663
 0.70000000  0.15000000 -0.16375060
 0.70000000  0.20000000  0.00016391
 0.70000000  0.25000000  0.18644510
 0.70000000  0.30000000  0.38998173
 0.70000000  0.35000000  0.57142983
 0.70000000  0.40000000  0.70809752
 0.70000000  0.45000000  0.79208713
 0.70000000  0.50000000  0.79962936
 0.70000000  0.55000000  0.75736857
 0.70000000  0.60000000  0.69625078
 0.70000000  0.65000000  0.63134398
 0.70000000  0.70000000  0.59950237
 0.70000000  0.75000000  0.61232297
 0.70000000  0.80000000  0.65763915
 0.70000000  0.85000000  0.73005406
 0.70000000  0.90000000  0.82819816
 0.70000000  0.95000000  0.91767206
 0.70000000  1.00000000  0.99433671
 0.70000000  1.05000000  1.04143735
 0.70000000  1.10000000  1.06090274
 0.70000000  1.15000000  1.03804277
 0.70000000  1.20000000  0.98016665
 0.70000000  1.25000000  0.89441011
 0.70000000  1.30000000  0.79131929
 0.70000000  1.35000000  0.71159368
 0.70000000  1.40000000  0.64742125
 0.70000000  1.45000000  0.62319401
 0.70000000  1.50000000  0.64374637
 0.70000000  1.55000000  0.66076537
 0.70000000  1.60000000  0.66182997
 0.70000000  1.65000000  0.62072914
 0.70000000  1.70000000  0.51781866
 0.70000000  1.75000000  0.36835948
 0.70000000  1.80000000  0.21338881
 0.70000000  1.85000000  0.06704966
 0.70000000  1.90000000 -0.05194061
 0.70000000  1.95000000 -0.11662054
 0.70000000  2.00000000 -0.14823197
 0.70000000  2.05000000 -0.15876096
 0.70000000  2.10000000 -0.19340230
 0.70000000  2.15000000 -0.25265505
 0.70000000  2.20000000 -0.34640557
 0.75000000 -0.25000000 -0.60239964
 0.75000000 -0.20000000 -0.56492545
 0.75000000 -0.15000000 -0.47885511
 0.75000000 -0.10000000 -0.37016005
 0.75000000 -0.05000000 -0.25697488
 0.75000000  0.00000000 -0.14945657
 0.75000000  0.05000000 -0.05892736
 0.75000000  0.10000000  0.01863455
 0.75000000  0.15000000  0.10475999
 0.75000000  0.20000000  0.21121057
 0.75000000  0.25000000  0.33248484
 0.75000000  0.30000000  0.48308821
 0.75000000  0.35000000  0.61803534
 0.75000000  0.40000000  0.72342844
 0.75000000  0.45000000  0.76933229
 0.75000000  0.50000000  0.74821228
 0.75000000  0.55000000  0.67394826
 0.75000000  0.60000000  0.55999814
 0.75000000  0.65000000  0.45362430
 0.75000000  0.70000000  0.37792635
 0.75000000  0.75000000  0.34648579
 0.75000000  0.80000000  0.37627012
 0.75000000  0.85000000  0.46669972
 0.75000000  0.90000000  0.59291704
 0.75000000  0.95000000  0.74361329
 0.75000000  1.00000000  0.88808463
 0.75000000  1.05000000  1.02145913
 0.75000000  1.10000000  1.13025511
 0.75000000  1.15000000  1.19806638
 0.75000000  1.20000000  1.22473673
 0.75000000  1.25000000  1.21718251
 0.75000000  1.30000000  1.17306362
 0.75000000  1.35000000  1.12423272
 0.75000000  1.40000000  1.09440159
 0.75000000  1.45000000  1.08836058
 0.75000000  1.50000000  1.10705587
 0.75000000  1.55000000  1.13878015
 0.75000000  1.60000000  1.14416060
 0.75000000  1.65000000  1.08672135
 0.75000000  1.70000000  0.95666067
 0.75000000  1.75000000  0.77686860
 0.75000000  1.80000000  0.54288447
 0.75000000  1.85000000  0.32803538
 0.75000000  1.90000000  0.13983711
 0.75000000  1.95000000  0.01702724
 0.75000000  2.00000000 -0.05777058
 0.75000000  2.05000000 -0.09752403
 0.75000000  2.10000000 -0.13495289
 0.75000000  2.15000000 -0.18613862
 0.75000000  2.20000000 -0.26697686
 0.80000000 -0.25000000 -0.33951750
 0.80000000 -0.20000000 -0.26320509
 0.80000000 -0.15000000 -0.14690650
 0.80000000 -0.10000000 -0.00916233
 0.80000000 -0.05000000  0.12168664
 0.80000000  0.00000000  0.23573264
 0.80000000  0.05000000  0.31078815
 0.80000000  0.10000000  0.37021967
 0.80000000  0.15000000  0.41162955
 0.80000000  0.20000000  0.44491039
 0.80000000  0.25000000  0.50779102
 0.80000000  0.30000000  0.58486852
 0.80000000  0.35000000  0.66648948
 0.80000000  0.40000000  0.70995230
 0.80000000  0.45000000  0.69797474
 0.80000000  0.50000000  0.62487889
 0.80000000  0.55000000  0.47668142
 0.80000000  0.60000000  0.29401628
 0.80000000  0.65000000  0.11944892
 0.80000000  0.70000000 -0.01667030
 0.80000000  0.75000000 -0.07701033
 0.80000000  0.80000000 -0.05424298
 0.80000000  0.85000000  0.05761673
 0.80000000  0.90000000  0.23529281
 0.80000000  0.95000000  0.46225847
 0.80000000  1.00000000  0.71204733
 0.80000000  1.05000000  0.94711857
 0.80000000  1.10000000  1.14972476
 0.80000000  1.15000000  1.31906212
 0.80000000  1.20000000  1.44031443
 0.80000000  1.25000000  1.50286003
 0.80000000  1.30000000  1.51002389
 0.80000000  1.35000000  1.49674940
 0.80000000  1.40000000  1.47359208
 0.80000000  1.45000000  1.47165026
 0.80000000  1.50000000  1.49447960
 0.80000000  1.55000000  1.52475875
 0.80000000  1.60000000  1.52958083
 0.80000000  1.65000000  1.47333341
 0.80000000  1.70000000  1.32107788
 0.80000000  1.75000000  1.10657208
 0.80000000  1.80000000  0.83597130
 0.80000000  1.85000000  0.56660135
 0.80000000  1.90000000  0.32795014
 0.80000000  1.95000000  0.16269440
 0.80000000  2.00000000  0.07763803
 0.80000000  2.05000000  0.02683205
 0.80000000  2.10000000 -0.00086372
 0.80000000  2.15000000 -0.03641807
 0.80000000  2.20000000 -0.09776810
 0.85000000 -0.25000000 -0.14579800
 0.85000000 -0.20000000 -0.03580821
 0.85000000 -0.15000000  0.11634477
 0.85000000 -0.10000000  0.27832746
 0.85000000 -0.05000000  0.43211673
 0.85000000  0.00000000  0.56157762
 0.85000000  0.05000000  0.65290534
 0.85000000  0.10000000  0.69691785
 0.85000000  0.15000000  0.69750026
 0.85000000  0.20000000  0.68400180
 0.85000000  0.25000000  0.67780527
 0.85000000  0.30000000  0.67992287
 0.85000000  0.35000000  0.68555244
 0.85000000  0.40000000  0.65462505
 0.85000000  0.45000000  0.55969644
 0.85000000  0.50000000  0.40875225
 0.85000000  0.55000000  0.17927345
 0.85000000  0.60000000 -0.09135263
 0.85000000  0.65000000 -0.34053786
 0.85000000  0.70000000 -0.53731236
 0.85000000  0.75000000 -0.64018473
 0.85000000  0.80000000 -0.61302657
 0.85000000  0.85000000 -0.45761234
 0.85000000  0.90000000 -0.20575396
 0.85000000  0.95000000  0.12066814
 0.85000000  1.00000000  0.47649905
 0.85000000  1.05000000  0.82171855
 0.85000000  1.10000000  1.14241378
 0.85000000  1.15000000  1.40576790
 0.85000000  1.20000000  1.60205564
 0.85000000  1.25000000  1.73201975
 0.85000000  1.30000000  1.78028673
 0.85000000  1.35000000  1.78348772
 0.85000000  1.40000000  1.77355270
 0.85000000  1.45000000  1.77676198
 0.85000000  1.50000000  1.79687960
 0.85000000  1.55000000  1.82113632
 0.85000000  1.60000000  1.81591825
 0.85000000  1.65000000  1.75215253
 0.85000000  1.70000000  1.59285399
 0.85000000  1.75000000  1.36044500
 0.85000000  1.80000000  1.05860517
 0.85000000  1.85000000  0.75473568
 0.85000000  1.90000000  0.50242500
 0.85000000  1.95000000  0.31793642
 0.85000000  2.00000000  0.21314531
 0.85000000  2.05000000  0.17598610
 0.85000000  2.10000000  0.15373548
 0.85000000  2.15000000  0.13131650
 0.85000000  2.20000000  0.09883838
 0.90000000 -0.25000000 -0.02639911
 0.90000000 -0.20000000  0.09286168
 0.90000000 -0.15000000  0.26056485
 0.90000000 -0.10000000  0.44302881
 0.90000000 -0.05000000  0.63010110
 0.90000000  0.00000000  0.79141961
 0.90000000  0.05000000  0.89347121
 0.90000000  0.10000000  0.93445422
 0.90000000  0.15000000  0.92150278
 0.90000000  0.20000000  0.87332572
 0.90000000  0.25000000  0.81590225
 0.90000000  0.30000000  0.74402114
 0.90000000  0.35000000  0.66254879
 0.90000000  0.40000000  0.54880021
 0.90000000  0.45000000  0.36716332
 0.90000000  0.50000000  0.12171612
 0.90000000  0.55000000 -0.20355703
 0.90000000  0.60000000 -0.55435805
 0.90000000  0.65000000 -0.88950953
 0.90000000  0.70000000 -1.13826919
 0.90000000  0.75000000 -1.25957518
 0.90000000  0.80000000 -1.21974480
 0.90000000  0.85000000 -1.01267846
 0.90000000  0.90000000 -0.66860754
 0.90000000  0.95000000 -0.24034218
 0.90000000  1.00000000  0.22526531
 0.90000000  1.05000000  0.68714057
 0.90000000  1.10000000  1.10106285
 0.90000000  1.15000000  1.43916900
 0.90000000  1.20000000  1.69758354
 0.90000000  1.25000000  1.87059806
 0.90000000  1.30000000  1.95794984
 0.90000000  1.35000000  1.97608689
 0.90000000  1.40000000  1.97795422
 0.90000000  1.45000000  1.96921956
 0.90000000  1.50000000  1.98427510
 0.90000000  1.55000000  1.99995284
 0.90000000  1.60000000  1.99465481
 0.90000000  1.65000000  1.92232739
 0.90000000  1.70000000  1.75608660
 0.90000000  1.75000000  1.51355190
 0.90000000  1.80000000  1.20804177
 0.90000000  1.85000000  0.88421311
 0.90000000  1.90000000  0.61930475
 0.90000000  1.95000000  0.43049849
 0.90000000  2.00000000  0.33507058
 0.90000000  2.05000000  0.30015645
 0.90000000  2.10000000  0.30130616
 0.90000000  2.15000000  0.30159220
 0.90000000  2.20000000  0.26955746
 0.95000000 -0.25000000 -0.01958326
 0.95000000 -0.20000000  0.11006460
 0.95000000 -0.15000000  0.27411860
 0.95000000 -0.10000000  0.47710704
 0.95000000 -0.05000000  0.68336439
 0.95000000  0.00000000  0.86972014
 0.95000000  0.05000000  1.00044082
 0.95000000  0.10000000  1.05946286
 0.95000000  0.15000000  1.04254482
 0.95000000  0.20000000  0.97459708
 0.95000000  0.25000000  0.86704084
 0.95000000  0.30000000  0.73851505
 0.95000000  0.35000000  0.58943356
 0.95000000  0.40000000  0.38941124
 0.95000000  0.45000000  0.11776168
 0.95000000  0.50000000 -0.21539694
 0.95000000  0.55000000 -0.61057690
 0.95000000  0.60000000 -1.03618020
 0.95000000  0.65000000 -1.42823743
 0.95000000  0.70000000 -1.72428075
 0.95000000  0.75000000 -1.85236666
 0.95000000  0.80000000 -1.78828295
 0.95000000  0.85000000 -1.52954359
 0.95000000  0.90000000 -1.10455205
 0.95000000  0.95000000 -0.58065085
 0.95000000  1.00000000 -0.01953251
 0.95000000  1.05000000  0.52830965
 0.95000000  1.10000000  1.01081674
 0.95000000  1.15000000  1.39978521
 0.95000000  1.20000000  1.69793126
 0.95000000  1.25000000  1.89330744
 0.95000000  1.30000000  1.99417219
 0.95000000  1.35000000  2.03779578
 0.95000000  1.40000000  2.04993287
 0.95000000  1.45000000  2.04464221
 0.95000000  1.50000000  2.05845525
 0.95000000  1.55000000  2.07272702
 0.95000000  1.60000000  2.05768405
 0.95000000  1.65000000  1.97828193
 0.95000000  1.70000000  1.80869827
 0.95000000  1.75000000  1.56581764
 0.95000000  1.80000000  1.25574144
 0.95000000  1.85000000  0.94165171
 0.95000000  1.90000000  0.68049535
 0.95000000  1.95000000  0.49874215
 0.95000000  2.00000000  0.40864837
 0.95000000  2.05000000  0.39567085
 0.95000000  2.10000000  0.41458072
 0.95000000  2.15000000  0.42322289
 0.95000000  2.20000000  0.40914635
 1.00000000 -0.25000000 -0.12580719
 1.00000000 -0.20000000 -0.00748529
 1.00000000 -0.15000000  0.15637232
 1.00000000 -0.10000000  0.36318383
 1.00000000 -0.05000000  0.59208927
 1.00000000  0.00000000  0.80462689
 1.00000000  0.05000000  0.97070228
 1.00000000  0.10000000  1.05870795
 1.00000000  0.15000000  1.05274755
 1.00000000  0.20000000  0.97503981
 1.00000000  0.25000000  0.83980590
 1.00000000  0.30000000  0.66502563
 1.00000000  0.35000000  0.45156424
 1.00000000  0.40000000  0.18686836
 1.00000000  0.45000000 -0.14275009
 1.00000000  0.50000000 -0.54297553
 1.00000000  0.55000000 -0.99504119
 1.00000000  0.60000000 -1.45724030
 1.00000000  0.65000000 -1.89130937
 1.00000000  0.70000000 -2.19710857
 1.00000000  0.75000000 -2.32530742
 1.00000000  0.80000000 -2.24285856
 1.00000000  0.85000000 -1.94462126
 1.00000000  0.90000000 -1.46327899
 1.00000000  0.95000000 -0.87409305
 1.00000000  1.00000000 -0.24804094
 1.00000000  1.05000000  0.34948804
 1.00000000  1.10000000  0.86458187
 1.00000000  1.15000000  1.29105200
 1.00000000  1.20000000  1.58545926
 1.00000000  1.25000000  1.79005643
 1.00000000  1.30000000  1.90214411
 1.00000000  1.35000000  1.95084538
 1.00000000  1.40000000  1.97459161
 1.00000000  1.45000000  1.99258095
 1.00000000  1.50000000  2.01253730
 1.00000000  1.55000000  2.02757499
 1.00000000  1.60000000  2.01447878
 1.00000000  1.65000000  1.94269561
 1.00000000  1.70000000  1.77981227
 1.00000000  1.75000000  1.53444739
 1.00000000  1.80000000  1.24291482
 1.00000000  1.85000000  0.94850156
 1.00000000  1.90000000  0.69874039
 1.00000000  1.95000000  0.53290209
 1.00000000  2.00000000  0.45967101
 1.00000000  2.05000000  0.44522088
 1.00000000  2.10000000  0.47915672
 1.00000000  2.15000000  0.49535608
 1.00000000  2.20000000  0.49000443
 1.05000000 -0.25000000 -0.31279190
 1.05000000 -0.20000000 -0.20891545
 1.05000000 -0.15000000 -0.06459786
 1.05000000 -0.10000000  0.13779651
 1.05000000 -0.05000000  0.37939007
 1.05000000  0.00000000  0.62555471
 1.05000000  0.05000000  0.81571481
 1.05000000  0.10000000  0.93316183
 1.05000000  0.15000000  0.94855536
 1.05000000  0.20000000  0.87547347
 1.05000000  0.25000000  0.72715555
 1.05000000  0.30000000  0.51442896
 1.05000000  0.35000000  0.25945362
 1.05000000  0.40000000 -0.02843595
 1.05000000  0.45000000 -0.38840283
 1.05000000  0.50000000 -0.80817756
 1.05000000  0.55000000 -1.27208808
 1.05000000  0.60000000 -1.74443372
 1.05000000  0.65000000 -2.16749866
 1.05000000  0.70000000 -2.47096703
 1.05000000  0.75000000 -2.60388743
 1.05000000  0.80000000 -2.50571314
 1.05000000  0.85000000 -2.19772508
 1.05000000  0.90000000 -1.70355670
 1.05000000  0.95000000 -1.09785912
 1.05000000  1.00000000 -0.45451742
 1.05000000  1.05000000  0.15042344
 1.05000000  1.10000000  0.68027096
 1.05000000  1.15000000  1.08608278
 1.05000000  1.20000000  1.38015384
 1.05000000  1.25000000  1.57666481
 1.05000000  1.30000000  1.68498129
 1.05000000  1.35000000  1.74279157
 1.05000000  1.40000000  1.78081615
 1.05000000  1.45000000  1.82059954
 1.05000000  1.50000000  1.86298720
 1.05000000  1.55000000  1.89378378
 1.05000000  1.60000000  1.89537556
 1.05000000  1.65000000  1.83101450
 1.05000000  1.70000000  1.68880703
 1.05000000  1.75000000  1.46666454
 1.05000000  1.80000000  1.19586361
 1.05000000  1.85000000  0.92694539
 1.05000000  1.90000000  0.69986544
 1.05000000  1.95000000  0.55068913
 1.05000000  2.00000000  0.48209771
 1.05000000  2.05000000  0.48249377
 1.05000000  2.10000000  0.51363726
 1.05000000  2.15000000  0.54258606
 1.05000000  2.20000000  0.55420663
 1.10000000 -0.25000000 -0.54918077
 1.10000000 -0.20000000 -0.49236968
 1.10000000 -0.15000000 -0.35781689
 1.10000000 -0.10000000 -0.15108710
 1.10000000 -0.05000000  0.09614366
 1.10000000  0.00000000  0.36519020
 1.10000000  0.05000000  0.58911572
 1.10000000  0.10000000  0.73070326
 1.10000000  0.15000000  0.76331788
 1.10000000  0.20000000  0.69991445
 1.10000000  0.25000000  0.55236664
 1.10000000  0.30000000  0.32661456
 1.10000000  0.35000000  0.07512632
 1.10000000  0.40000000 -0.23200925
 1.10000000  0.45000000 -0.58327653
 1.10000000  0.50000000 -0.97437415
 1.10000000  0.55000000 -1.40389202
 1.10000000  0.60000000 -1.83838050
 1.10000000  0.65000000 -2.22198958
 1.10000000  0.70000000 -2.51027255
 1.10000000  0.75000000 -2.63230746
 1.10000000  0.80000000 -2.54779864
 1.10000000  0.85000000 -2.26961189
 1.10000000  0.90000000 -1.80817808
 1.10000000  0.95000000 -1.24142885
 1.10000000  1.00000000 -0.63743021
 1.10000000  1.05000000 -0.06505787
 1.10000000  1.10000000  0.42841112
 1.10000000  1.15000000  0.81060354
 1.10000000  1.20000000  1.08485632
 1.10000000  1.25000000  1.26005417
 1.10000000  1.30000000  1.36507625
 1.10000000  1.35000000  1.44030939
 1.10000000  1.40000000  1.50079185
 1.10000000  1.45000000  1.56263763
 1.10000000  1.50000000  1.63625300
 1.10000000  1.55000000  1.69732506
 1.10000000  1.60000000  1.72490290
 1.10000000  1.65000000  1.69793660
 1.10000000  1.70000000  1.58495450
 1.10000000  1.75000000  1.40333115
 1.10000000  1.80000000  1.16883710
 1.10000000  1.85000000  0.92886149
 1.10000000  1.90000000  0.73104127
 1.10000000  1.95000000  0.58916716
 1.10000000  2.00000000  0.52437137
 1.10000000  2.05000000  0.52261965
 1.10000000  2.10000000  0.55843794
 1.10000000  2.15000000  0.59426573
 1.10000000  2.20000000  0.60826470
 1.15000000 -0.25000000 -0.80695730
 1.15000000 -0.20000000 -0.77118430
 1.15000000 -0.15000000 -0.66340550
 1.15000000 -0.10000000 -0.46352685
 1.15000000 -0.05000000 -0.20560719
 1.15000000  0.00000000  0.07255226
 1.15000000  0.05000000  0.31969686
 1.15000000  0.10000000  0.48131420
 1.15000000  0.15000000  0.54526849
 1.15000000  0.20000000  0.49233937
 1.15000000  0.25000000  0.35633731
 1.15000000  0.30000000  0.14881828
 1.15000000  0.35000000 -0.10136749
 1.15000000  0.40000000 -0.37411362
 1.15000000  0.45000000 -0.67670459
 1.15000000  0.50000000 -1.00836414
 1.15000000  0.55000000 -1.36731966
 1.15000000  0.60000000 -1.72280070
 1.15000000  0.65000000 -2.05590910
 1.15000000  0.70000000 -2.30496196
 1.15000000  0.75000000 -2.43500468
 1.15000000  0.80000000 -2.39989323
 1.15000000  0.85000000 -2.17972499
 1.15000000  0.90000000 -1.81306870
 1.15000000  0.95000000 -1.33106664
 1.15000000  1.00000000 -0.80919221
 1.15000000  1.05000000 -0.30376909
 1.15000000  1.10000000  0.13809575
 1.15000000  1.15000000  0.48710346
 1.15000000  1.20000000  0.73191301
 1.15000000  1.25000000  0.89941220
 1.15000000  1.30000000  1.01123579
 1.15000000  1.35000000  1.08294038
 1.15000000  1.40000000  1.16744492
 1.15000000  1.45000000  1.26330848
 1.15000000  1.50000000  1.37669600
 1.15000000  1.55000000  1.48655633
 1.15000000  1.60000000  1.55442714
 1.15000000  1.65000000  1.57423941
 1.15000000  1.70000000  1.51741833
 1.15000000  1.75000000  1.38175030
 1.15000000  1.80000000  1.19885432
 1.15000000  1.85000000  0.99579950
 1.15000000  1.90000000  0.81202361
 1.15000000  1.95000000  0.69038493
 1.15000000  2.00000000  0.62305678
 1.15000000  2.05000000  0.61004646
 1.15000000  2.10000000  0.62874439
 1.15000000  2.15000000  0.66212376
 1.15000000  2.20000000  0.68887413
 1.20000000 -0.25000000 -1.03687152
 1.20000000 -0.20000000 -1.04073673
 1.20000000 -0.15000000 -0.93881434
 1.20000000 -0.10000000 -0.75294294
 1.20000000 -0.05000000 -0.49094172
 1.20000000  0.00000000 -0.20975090
 1.20000000  0.05000000  0.05203533
 1.20000000  0.10000000  0.23156116
 1.20000000  0.15000000  0.31298463
 1.20000000  0.20000000  0.27761328
 1.20000000  0.25000000  0.16522553
 1.20000000  0.30000000 -0.00497669
 1.20000000  0.35000000 -0.21318009
 1.20000000  0.40000000 -0.43506495
 1.20000000  0.45000000 -0.67266555
 1.20000000  0.50000000 -0.91033014
 1.20000000  0.55000000 -1.17044833
 1.20000000  0.60000000 -1.44304601
 1.20000000  0.65000000 -1.69746928
 1.20000000  0.70000000 -1.91429570
 1.20000000  0.75000000 -2.05590193
 1.20000000  0.80000000 -2.08305141
 1.20000000  0.85000000 -1.97298203
 1.20000000  0.90000000 -1.72731450
 1.20000000  0.95000000 -1.36833877
 1.20000000  1.00000000 -0.96246588
 1.20000000  1.05000000 -0.54986095
 1.20000000  1.10000000 -0.16169770
 1.20000000  1.15000000  0.15163587
 1.20000000  1.20000000  0.38611962
 1.20000000  1.25000000  0.54406825
 1.20000000  1.30000000  0.66155706
 1.20000000  1.35000000  0.75132665
 1.20000000  1.40000000  0.85459217
 1.20000000  1.45000000  0.98616725
 1.20000000  1.50000000  1.12913946
 1.20000000  1.55000000  1.28770626
 1.20000000  1.60000000  1.41193545
 1.20000000  1.65000000  1.49281495
 1.20000000  1.70000000  1.50044970
 1.20000000  1.75000000  1.43076805
 1.20000000  1.80000000  1.30255690
 1.20000000  1.85000000  1.14379658
 1.20000000  1.90000000  0.99566679
 1.20000000  1.95000000  0.86282660
 1.20000000  2.00000000  0.78657997
 1.20000000  2.05000000  0.75146901
 1.20000000  2.10000000  0.75427528
 1.20000000  2.15000000  0.76998198
 1.20000000  2.20000000  0.79553655
 1.25000000 -0.25000000 -1.21544265
 1.25000000 -0.20000000 -1.23566819
 1.25000000 -0.15000000 -1.14671439
 1.25000000 -0.10000000 -0.96382343
 1.25000000 -0.05000000 -0.71255008
 1.25000000  0.00000000 -0.44356529
 1.25000000  0.05000000 -0.18523087
 1.25000000  0.10000000 -0.00345407
 1.25000000  0.15000000  0.08429252
 1.25000000  0.20000000  0.09052111
 1.25000000  0.25000000 -0.00057206
 1.25000000  0.30000000 -0.13320050
 1.25000000  0.35000000 -0.28509195
 1.25000000  0.40000000 -0.43748835
 1.25000000  0.45000000 -0.59065521
 1.25000000  0.50000000 -0.72853677
 1.25000000  0.55000000 -0.88685958
 1.25000000  0.60000000 -1.05193898
 1.25000000  0.65000000 -1.23795095
 1.25000000  0.70000000 -1.43196288
 1.25000000  0.75000000 -1.59208663
 1.25000000  0.80000000 -1.69226671
 1.25000000  0.85000000 -1.69960068
 1.25000000  0.90000000 -1.60262398
 1.25000000  0.95000000 -1.38782750
 1.25000000  1.00000000 -1.09753856
 1.25000000  1.05000000 -0.77505255
 1.25000000  1.10000000 -0.45642401
 1.25000000  1.15000000 -0.15989576
 1.25000000  1.20000000  0.06841555
 1.25000000  1.25000000  0.23717746
 1.25000000  1.30000000  0.36491763
 1.25000000  1.35000000  0.47981007
 1.25000000  1.40000000  0.60364891
 1.25000000  1.45000000  0.75180283
 1.25000000  1.50000000  0.93503560
 1.25000000  1.55000000  1.13003042
 1.25000000  1.60000000  1.31721225
 1.25000000  1.65000000  1.45867047
 1.25000000  1.70000000  1.54612073
 1.25000000  1.75000000  1.55590429
 1.25000000  1.80000000  1.48895827
 1.25000000  1.85000000  1.37410696
 1.25000000  1.90000000  1.23853514
 1.25000000  1.95000000  1.11782932
 1.25000000  2.00000000  1.02047815
 1.25000000  2.05000000  0.94806231
 1.25000000  2.10000000  0.91495451
 1.25000000  2.15000000  0.90735117
 1.25000000  2.20000000  0.92190773
 1.30000000 -0.25000000 -1.28827557
 1.30000000 -0.20000000 -1.31449970
 1.30000000 -0.15000000 -1.24312117
 1.30000000 -0.10000000 -1.08598971
 1.30000000 -0.05000000 -0.86327098
 1.30000000  0.00000000 -0.61284983
 1.30000000  0.05000000 -0.38480820
 1.30000000  0.10000000 -0.20618330
 1.30000000  0.15000000 -0.11797392
 1.30000000  0.20000000 -0.09543400
 1.30000000  0.25000000 -0.14856562
 1.30000000  0.30000000 -0.23749172
 1.30000000  0.35000000 -0.32678908
 1.30000000  0.40000000 -0.40559210
 1.30000000  0.45000000 -0.46388760
 1.30000000  0.50000000 -0.51637774
 1.30000000  0.55000000 -0.56403799
 1.30000000  0.60000000 -0.65093875
 1.30000000  0.65000000 -0.77231701
 1.30000000  0.70000000 -0.93916175
 1.30000000  0.75000000 -1.12701768
 1.30000000  0.80000000 -1.30329354
 1.30000000  0.85000000 -1.42028085
 1.30000000  0.90000000 -1.45262418
 1.30000000  0.95000000 -1.38686188
 1.30000000  1.00000000 -1.22779035
 1.30000000  1.05000000 -0.97852586
 1.30000000  1.10000000 -0.68832470
 1.30000000  1.15000000 -0.41690459
 1.30000000  1.20000000 -0.17942136
 1.30000000  1.25000000  0.01223342
 1.30000000  1.30000000  0.16254103
 1.30000000  1.35000000  0.28948407
 1.30000000  1.40000000  0.42853030
 1.30000000  1.45000000  0.60317259
 1.30000000  1.50000000  0.81063377
 1.30000000  1.55000000  1.04220209
 1.30000000  1.60000000  1.27939325
 1.30000000  1.65000000  1.48879257
 1.30000000  1.70000000  1.64682414
 1.30000000  1.75000000  1.71786071
 1.30000000  1.80000000  1.72328897
 1.30000000  1.85000000  1.65284711
 1.30000000  1.90000000  1.54447363
 1.30000000  1.95000000  1.40931535
 1.30000000  2.00000000  1.29424331
 1.30000000  2.05000000  1.18850296
 1.30000000  2.10000000  1.10784713
 1.30000000  2.15000000  1.06074404
 1.30000000  2.20000000  1.05560220
 1.35000000 -0.25000000 -1.26673985
 1.35000000 -0.20000000 -1.29361384
 1.35000000 -0.15000000 -1.22539703
 1.35000000 -0.10000000 -1.09841092
 1.35000000 -0.05000000 -0.91748913
 1.35000000  0.00000000 -0.71233885
 1.35000000  0.05000000 -0.52780242
 1.35000000  0.10000000 -0.39159993
 1.35000000  0.15000000 -0.30756301
 1.35000000  0.20000000 -0.28238894
 1.35000000  0.25000000 -0.29339298
 1.35000000  0.30000000 -0.33324222
 1.35000000  0.35000000 -0.36038680
 1.35000000  0.40000000 -0.37668149
 1.35000000  0.45000000 -0.35079324
 1.35000000  0.50000000 -0.31397880
 1.35000000  0.55000000 -0.29259569
 1.35000000  0.60000000 -0.29388673
 1.35000000  0.65000000 -0.36896800
 1.35000000  0.70000000 -0.51405042
 1.35000000  0.75000000 -0.72427116
 1.35000000  0.80000000 -0.96076625
 1.35000000  0.85000000 -1.18737314
 1.35000000  0.90000000 -1.34313294
 1.35000000  0.95000000 -1.38643417
 1.35000000  1.00000000 -1.30857229
 1.35000000  1.05000000 -1.12622443
 1.35000000  1.10000000 -0.86965468
 1.35000000  1.15000000 -0.58816369
 1.35000000  1.20000000 -0.33214683
 1.35000000  1.25000000 -0.11161485
 1.35000000  1.30000000  0.06006737
 1.35000000  1.35000000  0.20189837
 1.35000000  1.40000000  0.35247013
 1.35000000  1.45000000  0.52660801
 1.35000000  1.50000000  0.74479300
 1.35000000  1.55000000  1.00192177
 1.35000000  1.60000000  1.27678120
 1.35000000  1.65000000  1.53164028
 1.35000000  1.70000000  1.75359617
 1.35000000  1.75000000  1.88542384
 1.35000000  1.80000000  1.94245393
 1.35000000  1.85000000  1.91769326
 1.35000000  1.90000000  1.83016488
 1.35000000  1.95000000  1.70407170
 1.35000000  2.00000000  1.55899618
 1.35000000  2.05000000  1.41525077
 1.35000000  2.10000000  1.30118752
 1.35000000  2.15000000  1.20929631
 1.35000000  2.20000000  1.16730526
 1.40000000 -0.25000000 -1.14434025
 1.40000000 -0.20000000 -1.15302185
 1.40000000 -0.15000000 -1.10218399
 1.40000000 -0.10000000 -1.00637742
 1.40000000 -0.05000000 -0.88201340
 1.40000000  0.00000000 -0.75523491
 1.40000000  0.05000000 -0.63769154
 1.40000000  0.10000000 -0.54400194
 1.40000000  0.15000000 -0.49006402
 1.40000000  0.20000000 -0.46942881
 1.40000000  0.25000000 -0.45838166
 1.40000000  0.30000000 -0.45837493
 1.40000000  0.35000000 -0.43083543
 1.40000000  0.40000000 -0.38432451
 1.40000000  0.45000000 -0.30549098
 1.40000000  0.50000000 -0.19908063
 1.40000000  0.55000000 -0.11557213
 1.40000000  0.60000000 -0.05499487
 1.40000000  0.65000000 -0.07990481
 1.40000000  0.70000000 -0.20264816
 1.40000000  0.75000000 -0.42817254
 1.40000000  0.80000000 -0.71262194
 1.40000000  0.85000000 -0.99542154
 1.40000000  0.90000000 -1.22819120
 1.40000000  0.95000000 -1.35315278
 1.40000000  1.00000000 -1.33966099
 1.40000000  1.05000000 -1.19300548
 1.40000000  1.10000000 -0.94605037
 1.40000000  1.15000000 -0.66268981
 1.40000000  1.20000000 -0.36943065
 1.40000000  1.25000000 -0.13670879
 1.40000000  1.30000000  0.05557717
 1.40000000  1.35000000  0.20225128
 1.40000000  1.40000000  0.34380796
 1.40000000  1.45000000  0.51388789
 1.40000000  1.50000000  0.72628183
 1.40000000  1.55000000  0.98924563
 1.40000000  1.60000000  1.27435048
 1.40000000  1.65000000  1.56107902
 1.40000000  1.70000000  1.81197698
 1.40000000  1.75000000  1.99266323
 1.40000000  1.80000000  2.09399055
 1.40000000  1.85000000  2.10527434
 1.40000000  1.90000000  2.04267571
 1.40000000  1.95000000  1.92690198
 1.40000000  2.00000000  1.76224405
 1.40000000  2.05000000  1.59608999
 1.40000000  2.10000000  1.43760779
 1.40000000  2.15000000  1.32249909
 1.40000000  2.20000000  1.23793799
 1.45000000 -0.25000000 -0.93283558
 1.45000000 -0.20000000 -0.92570593
 1.45000000 -0.15000000 -0.88964287
 1.45000000 -0.10000000 -0.83901226
 1.45000000 -0.05000000 -0.78332820
 1.45000000  0.00000000 -0.73567838
 1.45000000  0.05000000 -0.70517773
 1.45000000  0.10000000 -0.68647535
 1.45000000  0.15000000 -0.67679383
 1.45000000  0.20000000 -0.67052933
 1.45000000  0.25000000 -0.65847384
 1.45000000  0.30000000 -0.62402462
 1.45000000  0.35000000 -0.56212621
 1.45000000  0.40000000 -0.47214832
 1.45000000  0.45000000 -0.33299663
 1.45000000  0.50000000 -0.18490000
 1.45000000  0.55000000 -0.04442922
 1.45000000  0.60000000  0.05583150
 1.45000000  0.65000000  0.07323090
 1.45000000  0.70000000 -0.02381920
 1.45000000  0.75000000 -0.23233739
 1.45000000  0.80000000 -0.53134582
 1.45000000  0.85000000 -0.84745873
 1.45000000  0.90000000 -1.12166410
 1.45000000  0.95000000 -1.28099082
 1.45000000  1.00000000 -1.29327246
 1.45000000  1.05000000 -1.16924980
 1.45000000  1.10000000 -0.92004263
 1.45000000  1.15000000 -0.61595417
 1.45000000  1.20000000 -0.31752483
 1.45000000  1.25000000 -0.06821131
 1.45000000  1.30000000  0.12334135
 1.45000000  1.35000000  0.26824929
 1.45000000  1.40000000  0.38531566
 1.45000000  1.45000000  0.53565581
 1.45000000  1.50000000  0.71831315
 1.45000000  1.55000000  0.95520058
 1.45000000  1.60000000  1.23707682
 1.45000000  1.65000000  1.51134617
 1.45000000  1.70000000  1.77514389
 1.45000000  1.75000000  1.97696188
 1.45000000  1.80000000  2.10288286
 1.45000000  1.85000000  2.14580843
 1.45000000  1.90000000  2.11035593
 1.45000000  1.95000000  2.00461302
 1.45000000  2.00000000  1.85618510
 1.45000000  2.05000000  1.68535405
 1.45000000  2.10000000  1.50792300
 1.45000000  2.15000000  1.36746177
 1.45000000  2.20000000  1.25351624
 1.50000000 -0.25000000 -0.67003944
 1.50000000 -0.20000000 -0.64584201
 1.50000000 -0.15000000 -0.61648959
 1.50000000 -0.10000000 -0.61365542
 1.50000000 -0.05000000 -0.63783583
 1.50000000  0.00000000 -0.68655902
 1.50000000  0.05000000 -0.75781598
 1.50000000  0.10000000 -0.82492082
 1.50000000  0.15000000 -0.87340795
 1.50000000  0.20000000 -0.89247163
 1.50000000  0.25000000 -0.89188684
 1.50000000  0.30000000 -0.83937426
 1.50000000  0.35000000 -0.76117426
 1.50000000  0.40000000 -0.63863200
 1.50000000  0.45000000 -0.46905093
 1.50000000  0.50000000 -0.28651787
 1.50000000  0.55000000 -0.09909496
 1.50000000  0.60000000  0.04404479
 1.50000000  0.65000000  0.10217210
 1.50000000  0.70000000  0.04036018
 1.50000000  0.75000000 -0.13891293
 1.50000000  0.80000000 -0.40734853
 1.50000000  0.85000000 -0.71812520
 1.50000000  0.90000000 -0.98693270
 1.50000000  0.95000000 -1.14565093
 1.50000000  1.00000000 -1.16782672
 1.50000000  1.05000000 -1.03699081
 1.50000000  1.10000000 -0.78905866
 1.50000000  1.15000000 -0.48599297
 1.50000000  1.20000000 -0.19115542
 1.50000000  1.25000000  0.05945280
 1.50000000  1.30000000  0.23943773
 1.50000000  1.35000000  0.35704067
 1.50000000  1.40000000  0.44142457
 1.50000000  1.45000000  0.54433904
 1.50000000  1.50000000  0.68380780
 1.50000000  1.55000000  0.88325360
 1.50000000  1.60000000  1.11790213
 1.50000000  1.65000000  1.36789827
 1.50000000  1.70000000  1.60819629
 1.50000000  1.75000000  1.79806530
 1.50000000  1.80000000  1.92634570
 1.50000000  1.85000000  1.99603741
 1.50000000  1.90000000  1.98344611
 1.50000000  1.95000000  1.91920271
 1.50000000  2.00000000  1.79740640
 1.50000000  2.05000000  1.65051077
 1.50000000  2.10000000  1.48694483
 1.50000000  2.15000000  1.32918565
 1.50000000  2.20000000  1.19976877
 1.55000000 -0.25000000 -0.39542624
 1.55000000 -0.20000000 -0.35616229
 1.55000000 -0.15000000 -0.34380681
 1.55000000 -0.10000000 -0.40082266
 1.55000000 -0.05000000 -0.50507982
 1.55000000  0.00000000 -0.65657610
 1.55000000  0.05000000 -0.82043495
 1.55000000  0.10000000 -0.97479100
 1.55000000  0.15000000 -1.08240843
 1.55000000  0.20000000 -1.14942915
 1.55000000  0.25000000 -1.15588516
 1.55000000  0.30000000 -1.10938179
 1.55000000  0.35000000 -1.01324253
 1.55000000  0.40000000 -0.86888211
 1.55000000  0.45000000 -0.68404836
 1.55000000  0.50000000 -0.46293712
 1.55000000  0.55000000 -0.25182828
 1.55000000  0.60000000 -0.05981422
 1.55000000  0.65000000  0.03773206
 1.55000000  0.70000000  0.02916163
 1.55000000  0.75000000 -0.09701879
 1.55000000  0.80000000 -0.33021163
 1.55000000  0.85000000 -0.58496875
 1.55000000  0.90000000 -0.82317980
 1.55000000  0.95000000 -0.95855222
 1.55000000  1.00000000 -0.95444288
 1.55000000  1.05000000 -0.81758822
 1.55000000  1.10000000 -0.57619127
 1.55000000  1.15000000 -0.28454534
 1.55000000  1.20000000  0.00196810
 1.55000000  1.25000000  0.22211393
 1.55000000  1.30000000  0.36106598
 1.55000000  1.35000000  0.44161343
 1.55000000  1.40000000  0.47472217
 1.55000000  1.45000000  0.52566122
 1.55000000  1.50000000  0.61666909
 1.55000000  1.55000000  0.74060300
 1.55000000  1.60000000  0.92390308
 1.55000000  1.65000000  1.11659192
 1.55000000  1.70000000  1.30450034
 1.55000000  1.75000000  1.46553660
 1.55000000  1.80000000  1.58757204
 1.55000000  1.85000000  1.66069967
 1.55000000  1.90000000  1.68520446
 1.55000000  1.95000000  1.66066363
 1.55000000  2.00000000  1.60023251
 1.55000000  2.05000000  1.49801961
 1.55000000  2.10000000  1.35297477
 1.55000000  2.15000000  1.22189453
 1.55000000  2.20000000  1.08489883
 1.60000000 -0.25000000 -0.13672254
 1.60000000 -0.20000000 -0.09747603
 1.60000000 -0.15000000 -0.12310793
 1.60000000 -0.10000000 -0.23479744
 1.60000000 -0.05000000 -0.42520922
 1.60000000  0.00000000 -0.67615614
 1.60000000  0.05000000 -0.92395121
 1.60000000  0.10000000 -1.15392066
 1.60000000  0.15000000 -1.32658288
 1.60000000  0.20000000 -1.42559083
 1.60000000  0.25000000 -1.44622211
 1.60000000  0.30000000 -1.40270870
 1.60000000  0.35000000 -1.30429015
 1.60000000  0.40000000 -1.14118040
 1.60000000  0.45000000 -0.94612491
 1.60000000  0.50000000 -0.70916107
 1.60000000  0.55000000 -0.45611043
 1.60000000  0.60000000 -0.23591071
 1.60000000  0.65000000 -0.07842228
 1.60000000  0.70000000 -0.02720173
 1.60000000  0.75000000 -0.09026586
 1.60000000  0.80000000 -0.24481608
 1.60000000  0.85000000 -0.45039510
 1.60000000  0.90000000 -0.61855248
 1.60000000  0.95000000 -0.71139607
 1.60000000  1.00000000 -0.68151796
 1.60000000  1.05000000 -0.54108601
 1.60000000  1.10000000 -0.30794549
 1.60000000  1.15000000 -0.04871123
 1.60000000  1.20000000  0.19372530
 1.60000000  1.25000000  0.36917959
 1.60000000  1.30000000  0.46899037
 1.60000000  1.35000000  0.49501252
 1.60000000  1.40000000  0.48175856
 1.60000000  1.45000000  0.47211103
 1.60000000  1.50000000  0.48907335
 1.60000000  1.55000000  0.55074872
 1.60000000  1.60000000  0.64920125
 1.60000000  1.65000000  0.77733455
 1.60000000  1.70000000  0.90117144
 1.60000000  1.75000000  1.01812633
 1.60000000  1.80000000  1.11494473
 1.60000000  1.85000000  1.19604388
 1.60000000  1.90000000  1.25921092
 1.60000000  1.95000000  1.30070854
 1.60000000  2.00000000  1.29963374
 1.60000000  2.05000000  1.25741706
 1.60000000  2.10000000  1.15976112
 1.60000000  2.15000000  1.03999505
 1.60000000  2.20000000  0.90799364
 1.65000000 -0.25000000  0.04911603
 1.65000000 -0.20000000  0.07267787
 1.65000000 -0.15000000  0.00699639
 1.65000000 -0.10000000 -0.15659823
 1.65000000 -0.05000000 -0.43465729
 1.65000000  0.00000000 -0.75106285
 1.65000000  0.05000000 -1.08627159
 1.65000000  0.10000000 -1.38123693
 1.65000000  0.15000000 -1.59181059
 1.65000000  0.20000000 -1.71105036
 1.65000000  0.25000000 -1.74358019
 1.65000000  0.30000000 -1.69703275
 1.65000000  0.35000000 -1.58907346
 1.65000000  0.40000000 -1.42081126
 1.65000000  0.45000000 -1.21035690
 1.65000000  0.50000000 -0.94982757
 1.65000000  0.55000000 -0.67597628
 1.65000000  0.60000000 -0.41441145
 1.65000000  0.65000000 -0.20398338
 1.65000000  0.70000000 -0.09036184
 1.65000000  0.75000000 -0.08100723
 1.65000000  0.80000000 -0.16184759
 1.65000000  0.85000000 -0.28299747
 1.65000000  0.90000000 -0.39716728
 1.65000000  0.95000000 -0.44226723
 1.65000000  1.00000000 -0.38704235
 1.65000000  1.05000000 -0.25167178
 1.65000000  1.10000000 -0.05065631
 1.65000000  1.15000000  0.15977190
 1.65000000  1.20000000  0.34533914
 1.65000000  1.25000000  0.47817228
 1.65000000  1.30000000  0.52646224
 1.65000000  1.35000000  0.49647993
 1.65000000  1.40000000  0.44058028
 1.65000000  1.45000000  0.37936416
 1.65000000  1.50000000  0.34220928
 1.65000000  1.55000000  0.34342861
 1.65000000  1.60000000  0.37314771
 1.65000000  1.65000000  0.41958738
 1.65000000  1.70000000  0.47590922
 1.65000000  1.75000000  0.53863109
 1.65000000  1.80000000  0.60677512
 1.65000000  1.85000000  0.69314754
 1.65000000  1.90000000  0.80460506
 1.65000000  1.95000000  0.89440015
 1.65000000  2.00000000  0.96509227
 1.65000000  2.05000000  0.97537481
 1.65000000  2.10000000  0.93378817
 1.65000000  2.15000000  0.83888081
 1.65000000  2.20000000  0.72283759
 1.70000000 -0.25000000  0.14914417
 1.70000000 -0.20000000  0.12993406
 1.70000000 -0.15000000  0.01677422
 1.70000000 -0.10000000 -0.22084391
 1.70000000 -0.05000000 -0.54894988
 1.70000000  0.00000000 -0.93308242
 1.70000000  0.05000000 -1.32270985
 1.70000000  0.10000000 -1.64044709
 1.70000000  0.15000000 -1.87145640
 1.70000000  0.20000000 -1.99859421
 1.70000000  0.25000000 -2.02600316
 1.70000000  0.30000000 -1.97066513
 1.70000000  0.35000000 -1.85112886
 1.70000000  0.40000000 -1.67427047
 1.70000000  0.45000000 -1.44650504
 1.70000000  0.50000000 -1.16775500
 1.70000000  0.55000000 -0.86270056
 1.70000000  0.60000000 -0.55981851
 1.70000000  0.65000000 -0.30853557
 1.70000000  0.70000000 -0.14133712
 1.70000000  0.75000000 -0.05548292
 1.70000000  0.80000000 -0.05604651
 1.70000000  0.85000000 -0.10508708
 1.70000000  0.90000000 -0.15274709
 1.70000000  0.95000000 -0.15869378
 1.70000000  1.00000000 -0.10453654
 1.70000000  1.05000000  0.01483097
 1.70000000  1.10000000  0.16514397
 1.70000000  1.15000000  0.32877788
 1.70000000  1.20000000  0.44662322
 1.70000000  1.25000000  0.51541710
 1.70000000  1.30000000  0.52521122
 1.70000000  1.35000000  0.46110559
 1.70000000  1.40000000  0.37093493
 1.70000000  1.45000000  0.27382937
 1.70000000  1.50000000  0.19957847
 1.70000000  1.55000000  0.15485933
 1.70000000  1.60000000  0.12879730
 1.70000000  1.65000000  0.11461265
 1.70000000  1.70000000  0.11612064
 1.70000000  1.75000000  0.12566418
 1.70000000  1.80000000  0.17570330
 1.70000000  1.85000000  0.26581023
 1.70000000  1.90000000  0.39883500
 1.70000000  1.95000000  0.53843903
 1.70000000  2.00000000  0.66483185
 1.70000000  2.05000000  0.72771339
 1.70000000  2.10000000  0.71567365
 1.70000000  2.15000000  0.63962677
 1.70000000  2.20000000  0.52147815
 1.75000000 -0.25000000  0.13457702
 1.75000000 -0.20000000  0.06850057
 1.75000000 -0.15000000 -0.10348453
 1.75000000 -0.10000000 -0.39246888
 1.75000000 -0.05000000 -0.77246406
 1.75000000  0.00000000 -1.19386907
 1.75000000  0.05000000 -1.59302998
 1.75000000  0.10000000 -1.92932057
 1.75000000  0.15000000 -2.15310766
 1.75000000  0.20000000 -2.26257251
 1.75000000  0.25000000 -2.27396716
 1.75000000  0.30000000 -2.19302691
 1.75000000  0.35000000 -2.05412168
 1.75000000  0.40000000 -1.85227793
 1.75000000  0.45000000 -1.61025534
 1.75000000  0.50000000 -1.31830978
 1.75000000  0.55000000 -0.98360661
 1.75000000  0.60000000 -0.65544293
 1.75000000  0.65000000 -0.35753647
 1.75000000  0.70000000 -0.12944344
 1.75000000  0.75000000  0.01718070
 1.75000000  0.80000000  0.08711412
 1.75000000  0.85000000  0.09953344
 1.75000000  0.90000000  0.10763305
 1.75000000  0.95000000  0.11557262
 1.75000000  1.00000000  0.16444843
 1.75000000  1.05000000  0.23319991
 1.75000000  1.10000000  0.32215940
 1.75000000  1.15000000  0.41032884
 1.75000000  1.20000000  0.46353562
 1.75000000  1.25000000  0.47379722
 1.75000000  1.30000000  0.44355171
 1.75000000  1.35000000  0.37050500
 1.75000000  1.40000000  0.26601200
 1.75000000  1.45000000  0.17087189
 1.75000000  1.50000000  0.09401620
 1.75000000  1.55000000  0.03431729
 1.75000000  1.60000000 -0.02390751
 1.75000000  1.65000000 -0.07209656
 1.75000000  1.70000000 -0.12011886
 1.75000000  1.75000000 -0.13980106
 1.75000000  1.80000000 -0.11170992
 1.75000000  1.85000000 -0.02255901
 1.75000000  1.90000000  0.13130584
 1.75000000  1.95000000  0.29977210
 1.75000000  2.00000000  0.46456826
 1.75000000  2.05000000  0.55305681
 1.75000000  2.10000000  0.56096190
 1.75000000  2.15000000  0.47498655
 1.75000000  2.20000000  0.33980828
 1.80000000 -0.25000000  0.02344607
 1.80000000 -0.20000000 -0.10365814
 1.80000000 -0.15000000 -0.33339782
 1.80000000 -0.10000000 -0.66222526
 1.80000000 -0.05000000 -1.07690408
 1.80000000  0.00000000 -1.50820948
 1.80000000  0.05000000 -1.89871881
 1.80000000  0.10000000 -2.20675339
 1.80000000  0.15000000 -2.40005802
 1.80000000  0.20000000 -2.47416622
 1.80000000  0.25000000 -2.44638523
 1.80000000  0.30000000 -2.34316916
 1.80000000  0.35000000 -2.17729698
 1.80000000  0.40000000 -1.96029377
 1.80000000  0.45000000 -1.69396139
 1.80000000  0.50000000 -1.38282238
 1.80000000  0.55000000 -1.02034063
 1.80000000  0.60000000 -0.67135016
 1.80000000  0.65000000 -0.32954484
 1.80000000  0.70000000 -0.04625195
 1.80000000  0.75000000  0.15660619
 1.80000000  0.80000000  0.28018994
 1.80000000  0.85000000  0.35161633
 1.80000000  0.90000000  0.37881994
 1.80000000  0.95000000  0.39689423
 1.80000000  1.00000000  0.41054663
 1.80000000  1.05000000  0.41630195
 1.80000000  1.10000000  0.43133781
 1.80000000  1.15000000  0.43098776
 1.80000000  1.20000000  0.40695313
 1.80000000  1.25000000  0.37388732
 1.80000000  1.30000000  0.30918472
 1.80000000  1.35000000  0.22748908
 1.80000000  1.40000000  0.15304674
 1.80000000  1.45000000  0.08016826
 1.80000000  1.50000000  0.03038840
 1.80000000  1.55000000 -0.01594887
 1.80000000  1.60000000 -0.07088575
 1.80000000  1.65000000 -0.13207957
 1.80000000  1.70000000 -0.18685774
 1.80000000  1.75000000 -0.22552949
 1.80000000  1.80000000 -0.21867340
 1.80000000  1.85000000 -0.13106578
 1.80000000  1.90000000  0.02405004
 1.80000000  1.95000000  0.21050369
 1.80000000  2.00000000  0.37745318
 1.80000000  2.05000000  0.47438566
 1.80000000  2.10000000  0.47043012
 1.80000000  2.15000000  0.35318195
 1.80000000  2.20000000  0.19023123
 1.85000000 -0.25000000 -0.14281053
 1.85000000 -0.20000000 -0.34385791
 1.85000000 -0.15000000 -0.61821240
 1.85000000 -0.10000000 -0.98481298
 1.85000000 -0.05000000 -1.39219932
 1.85000000  0.00000000 -1.81474575
 1.85000000  0.05000000 -2.17394617
 1.85000000  0.10000000 -2.43675307
 1.85000000  0.15000000 -2.57343193
 1.85000000  0.20000000 -2.60418930
 1.85000000  0.25000000 -2.54363157
 1.85000000  0.30000000 -2.40206296
 1.85000000  0.35000000 -2.22080215
 1.85000000  0.40000000 -1.98368052
 1.85000000  0.45000000 -1.69328750
 1.85000000  0.50000000 -1.36395136
 1.85000000  0.55000000 -0.99728160
 1.85000000  0.60000000 -0.59896298
 1.85000000  0.65000000 -0.23004144
 1.85000000  0.70000000  0.10651087
 1.85000000  0.75000000  0.35947735
 1.85000000  0.80000000  0.53336615
 1.85000000  0.85000000  0.64088845
 1.85000000  0.90000000  0.67888690
 1.85000000  0.95000000  0.67316390
 1.85000000  1.00000000  0.63711567
 1.85000000  1.05000000  0.57906686
 1.85000000  1.10000000  0.49702073
 1.85000000  1.15000000  0.40940929
 1.85000000  1.20000000  0.31427973
 1.85000000  1.25000000  0.22133615
 1.85000000  1.30000000  0.13735528
 1.85000000  1.35000000  0.06163382
 1.85000000  1.40000000  0.01510947
 1.85000000  1.45000000 -0.00572743
 1.85000000  1.50000000 -0.01049126
 1.85000000  1.55000000 -0.00621552
 1.85000000  1.60000000 -0.01865361
 1.85000000  1.65000000 -0.05897395
 1.85000000  1.70000000 -0.11744042
 1.85000000  1.75000000 -0.15378966
 1.85000000  1.80000000 -0.15071501
 1.85000000  1.85000000 -0.07909749
 1.85000000  1.90000000  0.07191713
 1.85000000  1.95000000  0.24722591
 1.85000000  2.00000000  0.40948993
 1.85000000  2.05000000  0.48088646
 1.85000000  2.10000000  0.44606883
 1.85000000  2.15000000  0.29176923
 1.85000000  2.20000000  0.08335673
 1.90000000 -0.25000000 -0.33680073
 1.90000000 -0.20000000 -0.58819621
 1.90000000 -0.15000000 -0.90374792
 1.90000000 -0.10000000 -1.28267321
 1.90000000 -0.05000000 -1.66975788
 1.90000000  0.00000000 -2.04477211
 1.90000000  0.05000000 -2.36113817
 1.90000000  0.10000000 -2.55969112
 1.90000000  0.15000000 -2.65335116
 1.90000000  0.20000000 -2.62773411
 1.90000000  0.25000000 -2.52688659
 1.90000000  0.30000000 -2.36575158
 1.90000000  0.35000000 -2.16307366
 1.90000000  0.40000000 -1.92258700
 1.90000000  0.45000000 -1.62880068
 1.90000000  0.50000000 -1.29199444
 1.90000000  0.55000000 -0.89892415
 1.90000000  0.60000000 -0.48244295
 1.90000000  0.65000000 -0.06361310
 1.90000000  0.70000000  0.31011957
 1.90000000  0.75000000  0.60743701
 1.90000000  0.80000000  0.82872525
 1.90000000  0.85000000  0.95554924
 1.90000000  0.90000000  0.99642238
 1.90000000  0.95000000  0.95933887
 1.90000000  1.00000000  0.86971047
 1.90000000  1.05000000  0.72763051
 1.90000000  1.10000000  0.55368964
 1.90000000  1.15000000  0.37882286
 1.90000000  1.20000000  0.19910611
 1.90000000  1.25000000  0.05806589
 1.90000000  1.30000000 -0.05594487
 1.90000000  1.35000000 -0.11464383
 1.90000000  1.40000000 -0.13943006
 1.90000000  1.45000000 -0.10882351
 1.90000000  1.50000000 -0.04033054
 1.90000000  1.55000000  0.02064295
 1.90000000  1.60000000  0.06181771
 1.90000000  1.65000000  0.06000085
 1.90000000  1.70000000  0.03686602
 1.90000000  1.75000000  0.00678395
 1.90000000  1.80000000  0.01816383
 1.90000000  1.85000000  0.08955175
 1.90000000  1.90000000  0.22224137
 1.90000000  1.95000000  0.37423659
 1.90000000  2.00000000  0.50721296
 1.90000000  2.05000000  0.54287682
 1.90000000  2.10000000  0.45736493
 1.90000000  2.15000000  0.27151225
 1.90000000  2.20000000  0.01816576
 1.95000000 -0.25000000 -0.47809504
 1.95000000 -0.20000000 -0.77775456
 1.95000000 -0.15000000 -1.10442369
 1.95000000 -0.10000000 -1.46983115
 1.95000000 -0.05000000 -1.82887799
 1.95000000  0.00000000 -2.17013037
 1.95000000  0.05000000 -2.40225252
 1.95000000  0.10000000 -2.55731683
 1.95000000  0.15000000 -2.59478892
 1.95000000  0.20000000 -2.54124090
 1.95000000  0.25000000 -2.41810853
 1.95000000  0.30000000 -2.25575785
 1.95000000  0.35000000 -2.05921414
 1.95000000  0.40000000 -1.81696252
 1.95000000  0.45000000 -1.53330579
 1.95000000  0.50000000 -1.18185248
 1.95000000  0.55000000 -0.77987411
 1.95000000  0.60000000 -0.34477372
 1.95000000  0.65000000  0.10369765
 1.95000000  0.70000000  0.51915705
 1.95000000  0.75000000  0.87129863
 1.95000000  0.80000000  1.12287358
 1.95000000  0.85000000  1.26448422
 1.95000000  0.90000000  1.30124714
 1.95000000  0.95000000  1.22308037
 1.95000000  1.00000000  1.07456573
 1.95000000  1.05000000  0.85160381
 1.95000000  1.10000000  0.59703655
 1.95000000  1.15000000  0.34169383
 1.95000000  1.20000000  0.09328731
 1.95000000  1.25000000 -0.11472559
 1.95000000  1.30000000 -0.24823836
 1.95000000  1.35000000 -0.32637498
 1.95000000  1.40000000 -0.31511762
 1.95000000  1.45000000 -0.22698332
 1.95000000  1.50000000 -0.10573521
 1.95000000  1.55000000  0.01520401
 1.95000000  1.60000000  0.11215450
 1.95000000  1.65000000  0.16823262
 1.95000000  1.70000000  0.17542176
 1.95000000  1.75000000  0.17855574
 1.95000000  1.80000000  0.19880218
 1.95000000  1.85000000  0.27110392
 1.95000000  1.90000000  0.37867434
 1.95000000  1.95000000  0.50567405
 1.95000000  2.00000000  0.60147029
 1.95000000  2.05000000  0.60992158
 1.95000000  2.10000000  0.49281410
 1.95000000  2.15000000  0.27881011
 1.95000000  2.20000000  0.00422019
 2.00000000 -0.25000000 -0.50694603
 2.00000000 -0.20000000 -0.83054194
 2.00000000 -0.15000000 -1.16721066
 2.00000000 -0.10000000 -1.50631662
 2.00000000 -0.05000000 -1.83146864
 2.00000000  0.00000000 -2.09822521
 2.00000000  0.05000000 -2.29798960
 2.00000000  0.10000000 -2.40710180
 2.00000000  0.15000000 -2.40985286
 2.00000000  0.20000000 -2.34763324
 2.00000000  0.25000000 -2.22982848
 2.00000000  0.30000000 -2.08361595
 2.00000000  0.35000000 -1.90424403
 2.00000000  0.40000000 -1.69928363
 2.00000000  0.45000000 -1.42057052
 2.00000000  0.50000000 -1.08664194
 2.00000000  0.55000000 -0.68379940
 2.00000000  0.60000000 -0.22918413
 2.00000000  0.65000000  0.25343357
 2.00000000  0.70000000  0.70013463
 2.00000000  0.75000000  1.09229509
 2.00000000  0.80000000  1.36498180
 2.00000000  0.85000000  1.52747200
 2.00000000  0.90000000  1.54489295
 2.00000000  0.95000000  1.43845966
 2.00000000  1.00000000  1.23356575
 2.00000000  1.05000000  0.95646197
 2.00000000  1.10000000  0.63093336
 2.00000000  1.15000000  0.28685398
 2.00000000  1.20000000 -0.01964398
 2.00000000  1.25000000 -0.28073943
 2.00000000  1.30000000 -0.46078381
 2.00000000  1.35000000 -0.53969247
 2.00000000  1.40000000 -0.51071918
 2.00000000  1.45000000 -0.40291615
 2.00000000  1.50000000 -0.23179397
 2.00000000  1.55000000 -0.05314603
 2.00000000  1.60000000  0.10003704
 2.00000000  1.65000000  0.20596437
 2.00000000  1.70000000  0.26466868
 2.00000000  1.75000000  0.29245713
 2.00000000  1.80000000  0.31926348
 2.00000000  1.85000000  0.38656168
 2.00000000  1.90000000  0.48182474
 2.00000000  1.95000000  0.57915295
 2.00000000  2.00000000  0.64910289
 2.00000000  2.05000000  0.62859062
 2.00000000  2.10000000  0.50160091
 2.00000000  2.15000000  0.28756984
 2.00000000  2.20000000  0.02554017
 2.05000000 -0.25000000 -0.41596735
 2.05000000 -0.20000000 -0.73570671
 2.05000000 -0.15000000 -1.04245129
 2.05000000 -0.10000000 -1.35310797
 2.05000000 -0.05000000 -1.63270856
 2.05000000  0.00000000 -1.87043354
 2.05000000  0.05000000 -2.02915277
 2.05000000  0.10000000 -2.10948730
 2.05000000  0.15000000 -2.12284392
 2.05000000  0.20000000 -2.07862809
 2.05000000  0.25000000 -1.99159865
 2.05000000  0.30000000 -1.88503327
 2.05000000  0.35000000 -1.74999513
 2.05000000  0.40000000 -1.57373910
 2.05000000  0.45000000 -1.34017361
 2.05000000  0.50000000 -1.01407559
 2.05000000  0.55000000 -0.60964485
 2.05000000  0.60000000 -0.15008951
 2.05000000  0.65000000  0.33990457
 2.05000000  0.70000000  0.81652598
 2.05000000  0.75000000  1.22003915
 2.05000000  0.80000000  1.51326615
 2.05000000  0.85000000  1.66881165
 2.05000000  0.90000000  1.67595771
 2.05000000  0.95000000  1.54823719
 2.05000000  1.00000000  1.30630159
 2.05000000  1.05000000  0.98143725
 2.05000000  1.10000000  0.61408924
 2.05000000  1.15000000  0.22122759
 2.05000000  1.20000000 -0.14286027
 2.05000000  1.25000000 -0.44672667
 2.05000000  1.30000000 -0.66297284
 2.05000000  1.35000000 -0.76263293
 2.05000000  1.40000000 -0.73887681
 2.05000000  1.45000000 -0.60659385
 2.05000000  1.50000000 -0.41021977
 2.05000000  1.55000000 -0.19639026
 2.05000000  1.60000000 -0.00247951
 2.05000000  1.65000000  0.14810400
 2.05000000  1.70000000  0.23957854
 2.05000000  1.75000000  0.28966154
 2.05000000  1.80000000  0.32943612
 2.05000000  1.85000000  0.38417692
 2.05000000  1.90000000  0.46305803
 2.05000000  1.95000000  0.54031067
 2.05000000  2.00000000  0.59021394
 2.05000000  2.05000000  0.58539591
 2.05000000  2.10000000  0.48093110
 2.05000000  2.15000000  0.30473877
 2.05000000  2.20000000  0.08437536
 2.10000000 -0.25000000 -0.17935624
 2.10000000 -0.20000000 -0.46708714
 2.10000000 -0.15000000 -0.74788989
 2.10000000 -0.10000000 -1.02173275
 2.10000000 -0.05000000 -1.27437009
 2.10000000  0.00000000 -1.48663921
 2.10000000  0.05000000 -1.64453062
 2.10000000  0.10000000 -1.74476556
 2.10000000  0.15000000 -1.78746618
 2.10000000  0.20000000 -1.78854878
 2.10000000  0.25000000 -1.76451995
 2.10000000  0.30000000 -1.71106415
 2.10000000  0.35000000 -1.62187288
 2.10000000  0.40000000 -1.48380776
 2.10000000  0.45000000 -1.27850531
 2.10000000  0.50000000 -0.97859540
 2.10000000  0.55000000 -0.59102578
 2.10000000  0.60000000 -0.13358872
 2.10000000  0.65000000  0.35953186
 2.10000000  0.70000000  0.83264564
 2.10000000  0.75000000  1.24052818
 2.10000000  0.80000000  1.52373399
 2.10000000  0.85000000  1.66991128
 2.10000000  0.90000000  1.67213464
 2.10000000  0.95000000  1.52585392
 2.10000000  1.00000000  1.27155273
 2.10000000  1.05000000  0.93278114
 2.10000000  1.10000000  0.53370110
 2.10000000  1.15000000  0.11954779
 2.10000000  1.20000000 -0.27318645
 2.10000000  1.25000000 -0.60803833
 2.10000000  1.30000000 -0.85281712
 2.10000000  1.35000000 -0.97109027
 2.10000000  1.40000000 -0.95543977
 2.10000000  1.45000000 -0.83566619
 2.10000000  1.50000000 -0.62972492
 2.10000000  1.55000000 -0.39467878
 2.10000000  1.60000000 -0.18036084
 2.10000000  1.65000000 -0.00894868
 2.10000000  1.70000000  0.09865392
 2.10000000  1.75000000  0.16558179
 2.10000000  1.80000000  0.21145574
 2.10000000  1.85000000  0.24678091
 2.10000000  1.90000000  0.30254060
 2.10000000  1.95000000  0.36787845
 2.10000000  2.00000000  0.42337675
 2.10000000  2.05000000  0.44818569
 2.10000000  2.10000000  0.40486004
 2.10000000  2.15000000  0.30433946
 2.10000000  2.20000000  0.17139382
 2.15000000 -0.25000000  0.16224093
 2.15000000 -0.20000000 -0.07844827
 2.15000000 -0.15000000 -0.32250580
 2.15000000 -0.10000000 -0.56927590
 2.15000000 -0.05000000 -0.80693243
 2.15000000  0.00000000 -1.01307850
 2.15000000  0.05000000 -1.20483639
 2.15000000  0.10000000 -1.33987316
 2.15000000  0.15000000 -1.44793796
 2.15000000  0.20000000 -1.52664674
 2.15000000  0.25000000 -1.56442233
 2.15000000  0.30000000 -1.57869593
 2.15000000  0.35000000 -1.54150963
 2.15000000  0.40000000 -1.44528213
 2.15000000  0.45000000 -1.26419671
 2.15000000  0.50000000 -0.98500409
 2.15000000  0.55000000 -0.60522133
 2.15000000  0.60000000 -0.15862358
 2.15000000  0.65000000  0.31814941
 2.15000000  0.70000000  0.76456100
 2.15000000  0.75000000  1.14206895
 2.15000000  0.80000000  1.40461394
 2.15000000  0.85000000  1.53144830
 2.15000000  0.90000000  1.50963080
 2.15000000  0.95000000  1.36727427
 2.15000000  1.00000000  1.11670277
 2.15000000  1.05000000  0.77459703
 2.15000000  1.10000000  0.40381492
 2.15000000  1.15000000 -0.00792995
 2.15000000  1.20000000 -0.40573605
 2.15000000  1.25000000 -0.75624978
 2.15000000  1.30000000 -1.01357999
 2.15000000  1.35000000 -1.15267402
 2.15000000  1.40000000 -1.15602037
 2.15000000  1.45000000 -1.04182044
 2.15000000  1.50000000 -0.84122201
 2.15000000  1.55000000 -0.62167839
 2.15000000  1.60000000 -0.40016581
 2.15000000  1.65000000 -0.22688358
 2.15000000  1.70000000 -0.10705913
 2.15000000  1.75000000 -0.04884301
 2.15000000  1.80000000 -0.02640295
 2.15000000  1.85000000 -0.00031780
 2.15000000  1.90000000  0.03345842
 2.15000000  1.95000000  0.09542749
 2.15000000  2.00000000  0.17464671
 2.15000000  2.05000000  0.24890173
 2.15000000  2.10000000  0.29090833
 2.15000000  2.15000000  0.29027348
 2.15000000  2.20000000  0.27546148
 2.20000000 -0.25000000  0.56164381
 2.20000000 -0.20000000  0.37259793
 2.20000000 -0.15000000  0.16606258
 2.20000000 -0.10000000 -0.06138234
 2.20000000 -0.05000000 -0.29057087
 2.20000000  0.00000000 -0.52917320
 2.20000000  0.05000000 -0.77084355
 2.20000000  0.10000000 -0.97581057
 2.20000000  0.15000000 -1.15935228
 2.20000000  0.20000000 -1.31313348
 2.20000000  0.25000000 -1.43684738
 2.20000000  0.30000000 -1.51339416
 2.20000000  0.35000000 -1.52403560
 2.20000000  0.40000000 -1.45505412
 2.20000000  0.45000000 -1.28231556
 2.20000000  0.50000000 -1.01103744
 2.20000000  0.55000000 -0.64665395
 2.20000000  0.60000000 -0.21501135
 2.20000000  0.65000000  0.22366058
 2.20000000  0.70000000  0.63342801
 2.20000000  0.75000000  0.95923542
 2.20000000  0.80000000  1.17475383
 2.20000000  0.85000000  1.26477249
 2.20000000  0.90000000  1.22547608
 2.20000000  0.95000000  1.07975455
 2.20000000  1.00000000  0.85831421
 2.20000000  1.05000000  0.55768069
 2.20000000  1.10000000  0.21353909
 2.20000000  1.15000000 -0.15321621
 2.20000000  1.20000000 -0.51769938
 2.20000000  1.25000000 -0.84640036
 2.20000000  1.30000000 -1.11078069
 2.20000000  1.35000000 -1.24852623
 2.20000000  1.40000000 -1.26902366
 2.20000000  1.45000000 -1.18851795
 2.20000000  1.50000000 -1.02690655
 2.20000000  1.55000000 -0.81740540
 2.20000000  1.60000000 -0.61521636
 2.20000000  1.65000000 -0.45604647
 2.20000000  1.70000000 -0.36080445
 2.20000000  1.75000000 -0.31624052
 2.20000000  1.80000000 -0.31502797
 2.20000000  1.85000000 -0.32599929
 2.20000000  1.90000000 -0.30925345
 2.20000000  1.95000000 -0.24812885
 2.20000000  2.00000000 -0.14847420
 2.20000000  2.05000000 -0.00929160
 2.20000000  2.10000000  0.14155095
 2.20000000  2.15000000  0.26589655
 2.20000000  2.20000000  0.36796629
