LP
[2.0185450287353972, 3.0770017840191453, 5.0955468127545425, 6.1540035680382905, 8.1725485967736873]
myqEI
[-5.900586009097835, -14.812776577847185, -20.219611904614929, -21.744526825751517, -23.98386668362626]
PE
[-2.2393398578747439, -1.7888771762640188, 3.6177711045043255, 11.859674483030535, 19.758972213359307]
BUCB
[-2.2393398578747439, -1.7888771762640188, 3.6177711045043255, 11.859674483030535, 19.758972213359307]
MLE H=4
[-5.900586009097835, -9.806354404556398, -5.0915073794597063, 3.1503959990665038, 11.821833874680461]
H=1
[4.7148470250966916, 12.956750403622902, 21.628188279236859, 30.259738980714523, 38.931176856328477]
H=2
[4.7148470250966916, 12.956750403622902, 21.628188279236859, 30.259738980714523, 38.931176856328477]
H=3
[-2.2393398578747439, -3.7642547790113312, -1.745709750275934, 2.7001452030205599, 6.9229718642337623]
LP
[-2.2393398578747439, -3.7642547790113312, -6.0035946368860751, -7.5285095580226624, -9.7678494158974054]
myqEI
[2.0185450287353972, 7.499030767722866, 11.488791957265338, 16.476093569995705, 23.683389118457061]
PE
[2.0185450287353972, 3.3437359087662308, 6.531931952718887, 9.7746082376801784, 12.659614357567358]
BUCB
[-2.2393398578747439, -1.7888771762640188, 3.6177711045043255, 11.859674483030535, 19.758972213359307]
MLE H=4
[-5.900586009097835, -9.806354404556398, -5.0915073794597063, 3.1503959990665038, 11.821833874680461]
H=1
[4.7148470250966916, 12.956750403622902, 21.628188279236859, 30.259738980714523, 38.931176856328477]
H=2
[4.7148470250966916, 12.956750403622902, 21.628188279236859, 30.259738980714523, 38.931176856328477]
H=3
[-2.2393398578747439, -3.7642547790113312, -1.745709750275934, 2.7001452030205599, 6.9229718642337623]
