-0.25000000 -0.25000000  0.48083287
-0.25000000 -0.20000000  0.47407911
-0.25000000 -0.15000000  0.45803234
-0.25000000 -0.10000000  0.45477986
-0.25000000 -0.05000000  0.47235935
-0.25000000  0.00000000  0.50680475
-0.25000000  0.05000000  0.52479301
-0.25000000  0.10000000  0.50010768
-0.25000000  0.15000000  0.39184334
-0.25000000  0.20000000  0.19230728
-0.25000000  0.25000000 -0.05314449
-0.25000000  0.30000000 -0.33217568
-0.25000000  0.35000000 -0.54337131
-0.25000000  0.40000000 -0.66283258
-0.25000000  0.45000000 -0.64793306
-0.25000000  0.50000000 -0.48951944
-0.25000000  0.55000000 -0.24143562
-0.25000000  0.60000000  0.04865348
-0.25000000  0.65000000  0.30903843
-0.25000000  0.70000000  0.49003231
-0.25000000  0.75000000  0.55280661
-0.25000000  0.80000000  0.49007786
-0.25000000  0.85000000  0.31751232
-0.25000000  0.90000000  0.04346335
-0.25000000  0.95000000 -0.27592757
-0.25000000  1.00000000 -0.60397220
-0.25000000  1.05000000 -0.90806361
-0.25000000  1.10000000 -1.16344564
-0.25000000  1.15000000 -1.37555255
-0.25000000  1.20000000 -1.51098900
-0.25000000  1.25000000 -1.56373924
-0.25000000  1.30000000 -1.53807945
-0.25000000  1.35000000 -1.42089508
-0.25000000  1.40000000 -1.18338663
-0.25000000  1.45000000 -0.86003601
-0.25000000  1.50000000 -0.46986579
-0.25000000  1.55000000 -0.03601386
-0.25000000  1.60000000  0.38404173
-0.25000000  1.65000000  0.72706059
-0.25000000  1.70000000  0.95039613
-0.25000000  1.75000000  1.06637283
-0.25000000  1.80000000  1.07635337
-0.25000000  1.85000000  1.01727351
-0.25000000  1.90000000  0.92053596
-0.25000000  1.95000000  0.86369458
-0.25000000  2.00000000  0.86862056
-0.25000000  2.05000000  0.96240079
-0.25000000  2.10000000  1.12915084
-0.25000000  2.15000000  1.34623489
-0.25000000  2.20000000  1.58778640
-0.20000000 -0.25000000  0.40519332
-0.20000000 -0.20000000  0.45096405
-0.20000000 -0.15000000  0.46014453
-0.20000000 -0.10000000  0.47677011
-0.20000000 -0.05000000  0.50922510
-0.20000000  0.00000000  0.54022398
-0.20000000  0.05000000  0.56636563
-0.20000000  0.10000000  0.53796438
-0.20000000  0.15000000  0.41786055
-0.20000000  0.20000000  0.21349931
-0.20000000  0.25000000 -0.05438462
-0.20000000  0.30000000 -0.34860192
-0.20000000  0.35000000 -0.58913665
-0.20000000  0.40000000 -0.72979107
-0.20000000  0.45000000 -0.73987316
-0.20000000  0.50000000 -0.61517779
-0.20000000  0.55000000 -0.38506401
-0.20000000  0.60000000 -0.10840000
-0.20000000  0.65000000  0.15356789
-0.20000000  0.70000000  0.34201632
-0.20000000  0.75000000  0.41195378
-0.20000000  0.80000000  0.35858072
-0.20000000  0.85000000  0.18900207
-0.20000000  0.90000000 -0.07329215
-0.20000000  0.95000000 -0.38542359
-0.20000000  1.00000000 -0.71958390
-0.20000000  1.05000000 -1.03543399
-0.20000000  1.10000000 -1.30298881
-0.20000000  1.15000000 -1.50352770
-0.20000000  1.20000000 -1.64569169
-0.20000000  1.25000000 -1.71454788
-0.20000000  1.30000000 -1.71028984
-0.20000000  1.35000000 -1.59706167
-0.20000000  1.40000000 -1.37830898
-0.20000000  1.45000000 -1.05330962
-0.20000000  1.50000000 -0.62998439
-0.20000000  1.55000000 -0.16332890
-0.20000000  1.60000000  0.28818980
-0.20000000  1.65000000  0.70479651
-0.20000000  1.70000000  1.00952782
-0.20000000  1.75000000  1.20370722
-0.20000000  1.80000000  1.28796183
-0.20000000  1.85000000  1.28910698
-0.20000000  1.90000000  1.24298217
-0.20000000  1.95000000  1.20195829
-0.20000000  2.00000000  1.20038261
-0.20000000  2.05000000  1.26994228
-0.20000000  2.10000000  1.40271085
-0.20000000  2.15000000  1.58815279
-0.20000000  2.20000000  1.79283623
-0.15000000 -0.25000000  0.39032655
-0.15000000 -0.20000000  0.47070288
-0.15000000 -0.15000000  0.51553689
-0.15000000 -0.10000000  0.54830359
-0.15000000 -0.05000000  0.58750176
-0.15000000  0.00000000  0.62035948
-0.15000000  0.05000000  0.64443312
-0.15000000  0.10000000  0.61812750
-0.15000000  0.15000000  0.51023356
-0.15000000  0.20000000  0.30900432
-0.15000000  0.25000000  0.04252801
-0.15000000  0.30000000 -0.25761874
-0.15000000  0.35000000 -0.52941305
-0.15000000  0.40000000 -0.70532641
-0.15000000  0.45000000 -0.75339405
-0.15000000  0.50000000 -0.67810312
-0.15000000  0.55000000 -0.49596197
-0.15000000  0.60000000 -0.26105100
-0.15000000  0.65000000 -0.03331911
-0.15000000  0.70000000  0.14822363
-0.15000000  0.75000000  0.22085184
-0.15000000  0.80000000  0.18320755
-0.15000000  0.85000000  0.03911682
-0.15000000  0.90000000 -0.19713220
-0.15000000  0.95000000 -0.49015419
-0.15000000  1.00000000 -0.79466491
-0.15000000  1.05000000 -1.08511775
-0.15000000  1.10000000 -1.33895344
-0.15000000  1.15000000 -1.54315843
-0.15000000  1.20000000 -1.68836934
-0.15000000  1.25000000 -1.77600636
-0.15000000  1.30000000 -1.78153603
-0.15000000  1.35000000 -1.70349709
-0.15000000  1.40000000 -1.49588717
-0.15000000  1.45000000 -1.17936923
-0.15000000  1.50000000 -0.75484489
-0.15000000  1.55000000 -0.28113875
-0.15000000  1.60000000  0.21928049
-0.15000000  1.65000000  0.66228784
-0.15000000  1.70000000  1.02514144
-0.15000000  1.75000000  1.28550204
-0.15000000  1.80000000  1.42536486
-0.15000000  1.85000000  1.48560265
-0.15000000  1.90000000  1.47672106
-0.15000000  1.95000000  1.45602677
-0.15000000  2.00000000  1.44476156
-0.15000000  2.05000000  1.48442534
-0.15000000  2.10000000  1.58170521
-0.15000000  2.15000000  1.72402349
-0.15000000  2.20000000  1.89519658
-0.10000000 -0.25000000  0.42417583
-0.10000000 -0.20000000  0.54739607
-0.10000000 -0.15000000  0.61909443
-0.10000000 -0.10000000  0.66126613
-0.10000000 -0.05000000  0.70460399
-0.10000000  0.00000000  0.74347054
-0.10000000  0.05000000  0.76937877
-0.10000000  0.10000000  0.75264552
-0.10000000  0.15000000  0.65344390
-0.10000000  0.20000000  0.45650193
-0.10000000  0.25000000  0.19604300
-0.10000000  0.30000000 -0.10188779
-0.10000000  0.35000000 -0.39672839
-0.10000000  0.40000000 -0.61446195
-0.10000000  0.45000000 -0.70802425
-0.10000000  0.50000000 -0.69767637
-0.10000000  0.55000000 -0.59020071
-0.10000000  0.60000000 -0.40254839
-0.10000000  0.65000000 -0.22108648
-0.10000000  0.70000000 -0.07382431
-0.10000000  0.75000000  0.00364919
-0.10000000  0.80000000 -0.02394640
-0.10000000  0.85000000 -0.13871229
-0.10000000  0.90000000 -0.32985392
-0.10000000  0.95000000 -0.57050920
-0.10000000  1.00000000 -0.83148677
-0.10000000  1.05000000 -1.08168946
-0.10000000  1.10000000 -1.30943751
-0.10000000  1.15000000 -1.49385760
-0.10000000  1.20000000 -1.63638207
-0.10000000  1.25000000 -1.73471121
-0.10000000  1.30000000 -1.76319240
-0.10000000  1.35000000 -1.69758677
-0.10000000  1.40000000 -1.52458824
-0.10000000  1.45000000 -1.22993380
-0.10000000  1.50000000 -0.82055140
-0.10000000  1.55000000 -0.34413844
-0.10000000  1.60000000  0.15357486
-0.10000000  1.65000000  0.61433523
-0.10000000  1.70000000  1.01206738
-0.10000000  1.75000000  1.29843394
-0.10000000  1.80000000  1.48160789
-0.10000000  1.85000000  1.58296715
-0.10000000  1.90000000  1.60426754
-0.10000000  1.95000000  1.59368205
-0.10000000  2.00000000  1.57423845
-0.10000000  2.05000000  1.58259412
-0.10000000  2.10000000  1.63742825
-0.10000000  2.15000000  1.73699140
-0.10000000  2.20000000  1.87289749
-0.05000000 -0.25000000  0.52949413
-0.05000000 -0.20000000  0.67837442
-0.05000000 -0.15000000  0.76336920
-0.05000000 -0.10000000  0.81950422
-0.05000000 -0.05000000  0.86352189
-0.05000000  0.00000000  0.90327435
-0.05000000  0.05000000  0.92499088
-0.05000000  0.10000000  0.92086436
-0.05000000  0.15000000  0.81954322
-0.05000000  0.20000000  0.64582771
-0.05000000  0.25000000  0.38392771
-0.05000000  0.30000000  0.07830423
-0.05000000  0.35000000 -0.23561812
-0.05000000  0.40000000 -0.48809494
-0.05000000  0.45000000 -0.64476079
-0.05000000  0.50000000 -0.70514422
-0.05000000  0.55000000 -0.65236345
-0.05000000  0.60000000 -0.53542601
-0.05000000  0.65000000 -0.40305370
-0.05000000  0.70000000 -0.28889547
-0.05000000  0.75000000 -0.22559452
-0.05000000  0.80000000 -0.23275912
-0.05000000  0.85000000 -0.32111745
-0.05000000  0.90000000 -0.46433103
-0.05000000  0.95000000 -0.63869043
-0.05000000  1.00000000 -0.84420256
-0.05000000  1.05000000 -1.03738538
-0.05000000  1.10000000 -1.21420114
-0.05000000  1.15000000 -1.37224002
-0.05000000  1.20000000 -1.49970050
-0.05000000  1.25000000 -1.60112067
-0.05000000  1.30000000 -1.62994758
-0.05000000  1.35000000 -1.59193170
-0.05000000  1.40000000 -1.44517195
-0.05000000  1.45000000 -1.17450674
-0.05000000  1.50000000 -0.79345787
-0.05000000  1.55000000 -0.34308287
-0.05000000  1.60000000  0.13233498
-0.05000000  1.65000000  0.57301630
-0.05000000  1.70000000  0.97048886
-0.05000000  1.75000000  1.27120554
-0.05000000  1.80000000  1.47453719
-0.05000000  1.85000000  1.58732469
-0.05000000  1.90000000  1.62573131
-0.05000000  1.95000000  1.60915645
-0.05000000  2.00000000  1.57603436
-0.05000000  2.05000000  1.55542196
-0.05000000  2.10000000  1.58390606
-0.05000000  2.15000000  1.65386303
-0.05000000  2.20000000  1.75721586
 0.00000000 -0.25000000  0.69124728
 0.00000000 -0.20000000  0.85589978
 0.00000000 -0.15000000  0.95287657
 0.00000000 -0.10000000  1.00321180
 0.00000000 -0.05000000  1.04994966
 0.00000000  0.00000000  1.08203439
 0.00000000  0.05000000  1.10297096
 0.00000000  0.10000000  1.09068675
 0.00000000  0.15000000  0.99962619
 0.00000000  0.20000000  0.82637435
 0.00000000  0.25000000  0.57138238
 0.00000000  0.30000000  0.24073647
 0.00000000  0.35000000 -0.08424891
 0.00000000  0.40000000 -0.38434319
 0.00000000  0.45000000 -0.58714382
 0.00000000  0.50000000 -0.69873436
 0.00000000  0.55000000 -0.70591877
 0.00000000  0.60000000 -0.64875047
 0.00000000  0.65000000 -0.55908917
 0.00000000  0.70000000 -0.47790938
 0.00000000  0.75000000 -0.43310015
 0.00000000  0.80000000 -0.43254776
 0.00000000  0.85000000 -0.48661503
 0.00000000  0.90000000 -0.58423731
 0.00000000  0.95000000 -0.70333970
 0.00000000  1.00000000 -0.83610716
 0.00000000  1.05000000 -0.96849516
 0.00000000  1.10000000 -1.08678053
 0.00000000  1.15000000 -1.19957093
 0.00000000  1.20000000 -1.29543368
 0.00000000  1.25000000 -1.36566414
 0.00000000  1.30000000 -1.39680090
 0.00000000  1.35000000 -1.36163550
 0.00000000  1.40000000 -1.23107222
 0.00000000  1.45000000 -0.99540151
 0.00000000  1.50000000 -0.66420868
 0.00000000  1.55000000 -0.25881690
 0.00000000  1.60000000  0.16572778
 0.00000000  1.65000000  0.57793431
 0.00000000  1.70000000  0.92950683
 0.00000000  1.75000000  1.21165292
 0.00000000  1.80000000  1.40836528
 0.00000000  1.85000000  1.52150094
 0.00000000  1.90000000  1.56422686
 0.00000000  1.95000000  1.53872301
 0.00000000  2.00000000  1.49090295
 0.00000000  2.05000000  1.46149427
 0.00000000  2.10000000  1.44880707
 0.00000000  2.15000000  1.50452784
 0.00000000  2.20000000  1.58509528
 0.05000000 -0.25000000  0.88445629
 0.05000000 -0.20000000  1.05685162
 0.05000000 -0.15000000  1.14193172
 0.05000000 -0.10000000  1.18453943
 0.05000000 -0.05000000  1.21726528
 0.05000000  0.00000000  1.23980313
 0.05000000  0.05000000  1.25786539
 0.05000000  0.10000000  1.22813540
 0.05000000  0.15000000  1.13719202
 0.05000000  0.20000000  0.95392589
 0.05000000  0.25000000  0.68692039
 0.05000000  0.30000000  0.35346753
 0.05000000  0.35000000  0.00663204
 0.05000000  0.40000000 -0.31397145
 0.05000000  0.45000000 -0.56225521
 0.05000000  0.50000000 -0.70110996
 0.05000000  0.55000000 -0.75362993
 0.05000000  0.60000000 -0.73057768
 0.05000000  0.65000000 -0.67535580
 0.05000000  0.70000000 -0.62070122
 0.05000000  0.75000000 -0.59148771
 0.05000000  0.80000000 -0.59867251
 0.05000000  0.85000000 -0.63595609
 0.05000000  0.90000000 -0.69646775
 0.05000000  0.95000000 -0.76785738
 0.05000000  1.00000000 -0.83886573
 0.05000000  1.05000000 -0.89804726
 0.05000000  1.10000000 -0.95734430
 0.05000000  1.15000000 -1.00117640
 0.05000000  1.20000000 -1.04235667
 0.05000000  1.25000000 -1.06842774
 0.05000000  1.30000000 -1.06712888
 0.05000000  1.35000000 -1.02489866
 0.05000000  1.40000000 -0.89678526
 0.05000000  1.45000000 -0.69130802
 0.05000000  1.50000000 -0.41684980
 0.05000000  1.55000000 -0.07800599
 0.05000000  1.60000000  0.26548873
 0.05000000  1.65000000  0.59559245
 0.05000000  1.70000000  0.89367832
 0.05000000  1.75000000  1.13677787
 0.05000000  1.80000000  1.30071166
 0.05000000  1.85000000  1.40032508
 0.05000000  1.90000000  1.43547115
 0.05000000  1.95000000  1.40643019
 0.05000000  2.00000000  1.36004033
 0.05000000  2.05000000  1.30754244
 0.05000000  2.10000000  1.30201736
 0.05000000  2.15000000  1.33545448
 0.05000000  2.20000000  1.40803021
 0.10000000 -0.25000000  1.10710221
 0.10000000 -0.20000000  1.25450592
 0.10000000 -0.15000000  1.31669042
 0.10000000 -0.10000000  1.33396480
 0.10000000 -0.05000000  1.33816410
 0.10000000  0.00000000  1.34361115
 0.10000000  0.05000000  1.33399798
 0.10000000  0.10000000  1.29620240
 0.10000000  0.15000000  1.19484274
 0.10000000  0.20000000  1.01090835
 0.10000000  0.25000000  0.73271774
 0.10000000  0.30000000  0.39677378
 0.10000000  0.35000000  0.03054226
 0.10000000  0.40000000 -0.30277381
 0.10000000  0.45000000 -0.55746835
 0.10000000  0.50000000 -0.71169518
 0.10000000  0.55000000 -0.78158529
 0.10000000  0.60000000 -0.77732325
 0.10000000  0.65000000 -0.74172035
 0.10000000  0.70000000 -0.71304151
 0.10000000  0.75000000 -0.69583442
 0.10000000  0.80000000 -0.71348099
 0.10000000  0.85000000 -0.74245152
 0.10000000  0.90000000 -0.77663998
 0.10000000  0.95000000 -0.80825893
 0.10000000  1.00000000 -0.82833130
 0.10000000  1.05000000 -0.82829427
 0.10000000  1.10000000 -0.81001743
 0.10000000  1.15000000 -0.78804091
 0.10000000  1.20000000 -0.75971074
 0.10000000  1.25000000 -0.72015891
 0.10000000  1.30000000 -0.66639986
 0.10000000  1.35000000 -0.58905173
 0.10000000  1.40000000 -0.46296832
 0.10000000  1.45000000 -0.28843233
 0.10000000  1.50000000 -0.07325102
 0.10000000  1.55000000  0.17491777
 0.10000000  1.60000000  0.42612163
 0.10000000  1.65000000  0.65894249
 0.10000000  1.70000000  0.87610778
 0.10000000  1.75000000  1.04825897
 0.10000000  1.80000000  1.17703685
 0.10000000  1.85000000  1.25049557
 0.10000000  1.90000000  1.27293939
 0.10000000  1.95000000  1.25028326
 0.10000000  2.00000000  1.20015235
 0.10000000  2.05000000  1.16120115
 0.10000000  2.10000000  1.15885038
 0.10000000  2.15000000  1.19471644
 0.10000000  2.20000000  1.26776789
 0.15000000 -0.25000000  1.30069048
 0.15000000 -0.20000000  1.41189490
 0.15000000 -0.15000000  1.43333666
 0.15000000 -0.10000000  1.40072963
 0.15000000 -0.05000000  1.36600156
 0.15000000  0.00000000  1.34019902
 0.15000000  0.05000000  1.31846960
 0.15000000  0.10000000  1.26314810
 0.15000000  0.15000000  1.15551758
 0.15000000  0.20000000  0.96023766
 0.15000000  0.25000000  0.68783323
 0.15000000  0.30000000  0.35789253
 0.15000000  0.35000000  0.00829572
 0.15000000  0.40000000 -0.31604646
 0.15000000  0.45000000 -0.57594945
 0.15000000  0.50000000 -0.72794790
 0.15000000  0.55000000 -0.78713613
 0.15000000  0.60000000 -0.78719863
 0.15000000  0.65000000 -0.76523040
 0.15000000  0.70000000 -0.73850211
 0.15000000  0.75000000 -0.73857457
 0.15000000  0.80000000 -0.76356157
 0.15000000  0.85000000 -0.80179906
 0.15000000  0.90000000 -0.81957061
 0.15000000  0.95000000 -0.82787216
 0.15000000  1.00000000 -0.79432333
 0.15000000  1.05000000 -0.74850612
 0.15000000  1.10000000 -0.66819559
 0.15000000  1.15000000 -0.57064887
 0.15000000  1.20000000 -0.45937083
 0.15000000  1.25000000 -0.34962817
 0.15000000  1.30000000 -0.23448449
 0.15000000  1.35000000 -0.11517738
 0.15000000  1.40000000  0.02407516
 0.15000000  1.45000000  0.17330463
 0.15000000  1.50000000  0.32414443
 0.15000000  1.55000000  0.47199638
 0.15000000  1.60000000  0.61810961
 0.15000000  1.65000000  0.74838476
 0.15000000  1.70000000  0.86245572
 0.15000000  1.75000000  0.96377518
 0.15000000  1.80000000  1.03583217
 0.15000000  1.85000000  1.07666860
 0.15000000  1.90000000  1.09262728
 0.15000000  1.95000000  1.07146593
 0.15000000  2.00000000  1.04360560
 0.15000000  2.05000000  1.02301762
 0.15000000  2.10000000  1.03721651
 0.15000000  2.15000000  1.09793369
 0.15000000  2.20000000  1.19095510
 0.20000000 -0.25000000  1.45598088
 0.20000000 -0.20000000  1.51425468
 0.20000000 -0.15000000  1.46356779
 0.20000000 -0.10000000  1.37675590
 0.20000000 -0.05000000  1.29780663
 0.20000000  0.00000000  1.23504668
 0.20000000  0.05000000  1.17589435
 0.20000000  0.10000000  1.11771204
 0.20000000  0.15000000  1.00024370
 0.20000000  0.20000000  0.81876605
 0.20000000  0.25000000  0.57308820
 0.20000000  0.30000000  0.26278905
 0.20000000  0.35000000 -0.06633861
 0.20000000  0.40000000 -0.36311855
 0.20000000  0.45000000 -0.59580367
 0.20000000  0.50000000 -0.72092296
 0.20000000  0.55000000 -0.77068452
 0.20000000  0.60000000 -0.75878806
 0.20000000  0.65000000 -0.72940800
 0.20000000  0.70000000 -0.71715669
 0.20000000  0.75000000 -0.73267569
 0.20000000  0.80000000 -0.76803758
 0.20000000  0.85000000 -0.80179185
 0.20000000  0.90000000 -0.82512544
 0.20000000  0.95000000 -0.81351679
 0.20000000  1.00000000 -0.75842277
 0.20000000  1.05000000 -0.66263582
 0.20000000  1.10000000 -0.52783375
 0.20000000  1.15000000 -0.36843325
 0.20000000  1.20000000 -0.18872302
 0.20000000  1.25000000 -0.00468675
 0.20000000  1.30000000  0.18951282
 0.20000000  1.35000000  0.35732233
 0.20000000  1.40000000  0.50354225
 0.20000000  1.45000000  0.62963324
 0.20000000  1.50000000  0.72905297
 0.20000000  1.55000000  0.79496740
 0.20000000  1.60000000  0.83067808
 0.20000000  1.65000000  0.85354094
 0.20000000  1.70000000  0.87053151
 0.20000000  1.75000000  0.88094333
 0.20000000  1.80000000  0.89828895
 0.20000000  1.85000000  0.89965182
 0.20000000  1.90000000  0.88833930
 0.20000000  1.95000000  0.87330599
 0.20000000  2.00000000  0.85728569
 0.20000000  2.05000000  0.87353183
 0.20000000  2.10000000  0.92790121
 0.20000000  2.15000000  1.03018233
 0.20000000  2.20000000  1.15269584
 0.25000000 -0.25000000  1.54818362
 0.25000000 -0.20000000  1.53931943
 0.25000000 -0.15000000  1.40776181
 0.25000000 -0.10000000  1.26440276
 0.25000000 -0.05000000  1.12847460
 0.25000000  0.00000000  1.01958514
 0.25000000  0.05000000  0.95115175
 0.25000000  0.10000000  0.87431953
 0.25000000  0.15000000  0.76305555
 0.25000000  0.20000000  0.60389288
 0.25000000  0.25000000  0.38078287
 0.25000000  0.30000000  0.11734373
 0.25000000  0.35000000 -0.17408081
 0.25000000  0.40000000 -0.42334756
 0.25000000  0.45000000 -0.61123649
 0.25000000  0.50000000 -0.71216413
 0.25000000  0.55000000 -0.72762864
 0.25000000  0.60000000 -0.70581396
 0.25000000  0.65000000 -0.67269903
 0.25000000  0.70000000 -0.66148685
 0.25000000  0.75000000 -0.67725093
 0.25000000  0.80000000 -0.73513179
 0.25000000  0.85000000 -0.77493716
 0.25000000  0.90000000 -0.79944199
 0.25000000  0.95000000 -0.77766075
 0.25000000  1.00000000 -0.70805632
 0.25000000  1.05000000 -0.57764013
 0.25000000  1.10000000 -0.40209857
 0.25000000  1.15000000 -0.18797324
 0.25000000  1.20000000  0.05015943
 0.25000000  1.25000000  0.30390169
 0.25000000  1.30000000  0.54553198
 0.25000000  1.35000000  0.75605626
 0.25000000  1.40000000  0.91383891
 0.25000000  1.45000000  1.03111582
 0.25000000  1.50000000  1.08593949
 0.25000000  1.55000000  1.08018324
 0.25000000  1.60000000  1.03218097
 0.25000000  1.65000000  0.95751528
 0.25000000  1.70000000  0.87464958
 0.25000000  1.75000000  0.79436703
 0.25000000  1.80000000  0.73638559
 0.25000000  1.85000000  0.69194343
 0.25000000  1.90000000  0.64716350
 0.25000000  1.95000000  0.62922284
 0.25000000  2.00000000  0.64974780
 0.25000000  2.05000000  0.71441336
 0.25000000  2.10000000  0.82376693
 0.25000000  2.15000000  0.97793792
 0.25000000  2.20000000  1.14944492
 0.30000000 -0.25000000  1.59087612
 0.30000000 -0.20000000  1.48743327
 0.30000000 -0.15000000  1.30392739
 0.30000000 -0.10000000  1.08595759
 0.30000000 -0.05000000  0.90749571
 0.30000000  0.00000000  0.76671269
 0.30000000  0.05000000  0.67449150
 0.30000000  0.10000000  0.58376933
 0.30000000  0.15000000  0.49079576
 0.30000000  0.20000000  0.34914680
 0.30000000  0.25000000  0.16180436
 0.30000000  0.30000000 -0.06126372
 0.30000000  0.35000000 -0.29201158
 0.30000000  0.40000000 -0.49538306
 0.30000000  0.45000000 -0.62290012
 0.30000000  0.50000000 -0.68867029
 0.30000000  0.55000000 -0.67974462
 0.30000000  0.60000000 -0.64790696
 0.30000000  0.65000000 -0.61018981
 0.30000000  0.70000000 -0.60922731
 0.30000000  0.75000000 -0.64049463
 0.30000000  0.80000000 -0.69667485
 0.30000000  0.85000000 -0.74863358
 0.30000000  0.90000000 -0.77073552
 0.30000000  0.95000000 -0.74200763
 0.30000000  1.00000000 -0.65802118
 0.30000000  1.05000000 -0.50527709
 0.30000000  1.10000000 -0.30123473
 0.30000000  1.15000000 -0.05063232
 0.30000000  1.20000000  0.23362256
 0.30000000  1.25000000  0.52638959
 0.30000000  1.30000000  0.80583134
 0.30000000  1.35000000  1.04607593
 0.30000000  1.40000000  1.22460994
 0.30000000  1.45000000  1.32547572
 0.30000000  1.50000000  1.36235447
 0.30000000  1.55000000  1.30801410
 0.30000000  1.60000000  1.19989113
 0.30000000  1.65000000  1.04858475
 0.30000000  1.70000000  0.87651689
 0.30000000  1.75000000  0.71724665
 0.30000000  1.80000000  0.56980592
 0.30000000  1.85000000  0.45884447
 0.30000000  1.90000000  0.38682192
 0.30000000  1.95000000  0.35368100
 0.30000000  2.00000000  0.40005077
 0.30000000  2.05000000  0.50908726
 0.30000000  2.10000000  0.69136820
 0.30000000  2.15000000  0.92421860
 0.30000000  2.20000000  1.16900264
 0.35000000 -0.25000000  1.57969193
 0.35000000 -0.20000000  1.41207591
 0.35000000 -0.15000000  1.15896398
 0.35000000 -0.10000000  0.89747896
 0.35000000 -0.05000000  0.67435399
 0.35000000  0.00000000  0.50599737
 0.35000000  0.05000000  0.38975402
 0.35000000  0.10000000  0.29119657
 0.35000000  0.15000000  0.20960833
 0.35000000  0.20000000  0.08639143
 0.35000000  0.25000000 -0.06157926
 0.35000000  0.30000000 -0.24340971
 0.35000000  0.35000000 -0.41353662
 0.35000000  0.40000000 -0.55739153
 0.35000000  0.45000000 -0.64477972
 0.35000000  0.50000000 -0.67678954
 0.35000000  0.55000000 -0.64851728
 0.35000000  0.60000000 -0.60770491
 0.35000000  0.65000000 -0.58073174
 0.35000000  0.70000000 -0.59445787
 0.35000000  0.75000000 -0.64532953
 0.35000000  0.80000000 -0.70704293
 0.35000000  0.85000000 -0.75593511
 0.35000000  0.90000000 -0.76557232
 0.35000000  0.95000000 -0.72178904
 0.35000000  1.00000000 -0.61202968
 0.35000000  1.05000000 -0.45670524
 0.35000000  1.10000000 -0.23095162
 0.35000000  1.15000000  0.03037898
 0.35000000  1.20000000  0.33686563
 0.35000000  1.25000000  0.65203851
 0.35000000  1.30000000  0.94943504
 0.35000000  1.35000000  1.20716547
 0.35000000  1.40000000  1.41227439
 0.35000000  1.45000000  1.52481225
 0.35000000  1.50000000  1.54522497
 0.35000000  1.55000000  1.48278575
 0.35000000  1.60000000  1.33508915
 0.35000000  1.65000000  1.12416374
 0.35000000  1.70000000  0.88382386
 0.35000000  1.75000000  0.63589148
 0.35000000  1.80000000  0.40967656
 0.35000000  1.85000000  0.22259340
 0.35000000  1.90000000  0.10202323
 0.35000000  1.95000000  0.07149068
 0.35000000  2.00000000  0.12369057
 0.35000000  2.05000000  0.29421575
 0.35000000  2.10000000  0.55159622
 0.35000000  2.15000000  0.85832592
 0.35000000  2.20000000  1.18694773
 0.40000000 -0.25000000  1.55983741
 0.40000000 -0.20000000  1.33149546
 0.40000000 -0.15000000  1.02976208
 0.40000000 -0.10000000  0.73298502
 0.40000000 -0.05000000  0.48019475
 0.40000000  0.00000000  0.30036510
 0.40000000  0.05000000  0.16520984
 0.40000000  0.10000000  0.06848257
 0.40000000  0.15000000 -0.03268726
 0.40000000  0.20000000 -0.14278344
 0.40000000  0.25000000 -0.26889919
 0.40000000  0.30000000 -0.40170992
 0.40000000  0.35000000 -0.53509096
 0.40000000  0.40000000 -0.62456096
 0.40000000  0.45000000 -0.68132741
 0.40000000  0.50000000 -0.67518927
 0.40000000  0.55000000 -0.63112939
 0.40000000  0.60000000 -0.60971001
 0.40000000  0.65000000 -0.60515115
 0.40000000  0.70000000 -0.64079220
 0.40000000  0.75000000 -0.70947129
 0.40000000  0.80000000 -0.78403662
 0.40000000  0.85000000 -0.82137238
 0.40000000  0.90000000 -0.81683124
 0.40000000  0.95000000 -0.73746798
 0.40000000  1.00000000 -0.60207035
 0.40000000  1.05000000 -0.41574876
 0.40000000  1.10000000 -0.18353928
 0.40000000  1.15000000  0.08146243
 0.40000000  1.20000000  0.37635419
 0.40000000  1.25000000  0.69362094
 0.40000000  1.30000000  0.99286467
 0.40000000  1.35000000  1.27038884
 0.40000000  1.40000000  1.47933538
 0.40000000  1.45000000  1.62073358
 0.40000000  1.50000000  1.65691882
 0.40000000  1.55000000  1.59462925
 0.40000000  1.60000000  1.42928211
 0.40000000  1.65000000  1.18008902
 0.40000000  1.70000000  0.88293825
 0.40000000  1.75000000  0.55855416
 0.40000000  1.80000000  0.25199318
 0.40000000  1.85000000  0.00141051
 0.40000000  1.90000000 -0.16467143
 0.40000000  1.95000000 -0.21472408
 0.40000000  2.00000000 -0.13918779
 0.40000000  2.05000000  0.07975358
 0.40000000  2.10000000  0.40445254
 0.40000000  2.15000000  0.79318317
 0.40000000  2.20000000  1.19503371
 0.45000000 -0.25000000  1.54651708
 0.45000000 -0.20000000  1.27559689
 0.45000000 -0.15000000  0.94081284
 0.45000000 -0.10000000  0.62843796
 0.45000000 -0.05000000  0.36164790
 0.45000000  0.00000000  0.17767268
 0.45000000  0.05000000  0.02959470
 0.45000000  0.10000000 -0.09760704
 0.45000000  0.15000000 -0.20119054
 0.45000000  0.20000000 -0.30859519
 0.45000000  0.25000000 -0.43223825
 0.45000000  0.30000000 -0.54418838
 0.45000000  0.35000000 -0.63750708
 0.45000000  0.40000000 -0.68560477
 0.45000000  0.45000000 -0.70971302
 0.45000000  0.50000000 -0.69288852
 0.45000000  0.55000000 -0.66537165
 0.45000000  0.60000000 -0.65303269
 0.45000000  0.65000000 -0.68958572
 0.45000000  0.70000000 -0.76355707
 0.45000000  0.75000000 -0.84941824
 0.45000000  0.80000000 -0.92803093
 0.45000000  0.85000000 -0.95856031
 0.45000000  0.90000000 -0.91303359
 0.45000000  0.95000000 -0.79298546
 0.45000000  1.00000000 -0.61755631
 0.45000000  1.05000000 -0.40008767
 0.45000000  1.10000000 -0.15409740
 0.45000000  1.15000000  0.11440895
 0.45000000  1.20000000  0.39311630
 0.45000000  1.25000000  0.68813306
 0.45000000  1.30000000  0.98081626
 0.45000000  1.35000000  1.25032412
 0.45000000  1.40000000  1.48598679
 0.45000000  1.45000000  1.64453907
 0.45000000  1.50000000  1.70899117
 0.45000000  1.55000000  1.66455702
 0.45000000  1.60000000  1.49112074
 0.45000000  1.65000000  1.22726208
 0.45000000  1.70000000  0.87865590
 0.45000000  1.75000000  0.49985867
 0.45000000  1.80000000  0.11970928
 0.45000000  1.85000000 -0.18248846
 0.45000000  1.90000000 -0.38709983
 0.45000000  1.95000000 -0.44518137
 0.45000000  2.00000000 -0.35001724
 0.45000000  2.05000000 -0.09420602
 0.45000000  2.10000000  0.28202029
 0.45000000  2.15000000  0.74104710
 0.45000000  2.20000000  1.19672328
 0.50000000 -0.25000000  1.54914472
 0.50000000 -0.20000000  1.24999079
 0.50000000 -0.15000000  0.90496250
 0.50000000 -0.10000000  0.59366571
 0.50000000 -0.05000000  0.33167669
 0.50000000  0.00000000  0.12438111
 0.50000000  0.05000000 -0.03613525
 0.50000000  0.10000000 -0.16973184
 0.50000000  0.15000000 -0.29148773
 0.50000000  0.20000000 -0.42162619
 0.50000000  0.25000000 -0.53136867
 0.50000000  0.30000000 -0.62219881
 0.50000000  0.35000000 -0.68567895
 0.50000000  0.40000000 -0.71764225
 0.50000000  0.45000000 -0.71150269
 0.50000000  0.50000000 -0.70839331
 0.50000000  0.55000000 -0.70584809
 0.50000000  0.60000000 -0.73527045
 0.50000000  0.65000000 -0.81798089
 0.50000000  0.70000000 -0.93460786
 0.50000000  0.75000000 -1.04255119
 0.50000000  0.80000000 -1.12279110
 0.50000000  0.85000000 -1.12006637
 0.50000000  0.90000000 -1.03071500
 0.50000000  0.95000000 -0.85868798
 0.50000000  1.00000000 -0.62634989
 0.50000000  1.05000000 -0.37251849
 0.50000000  1.10000000 -0.11147724
 0.50000000  1.15000000  0.15297449
 0.50000000  1.20000000  0.41386346
 0.50000000  1.25000000  0.68153258
 0.50000000  1.30000000  0.94805834
 0.50000000  1.35000000  1.21709564
 0.50000000  1.40000000  1.45506851
 0.50000000  1.45000000  1.63740693
 0.50000000  1.50000000  1.71525048
 0.50000000  1.55000000  1.69083569
 0.50000000  1.60000000  1.53207057
 0.50000000  1.65000000  1.24771996
 0.50000000  1.70000000  0.87066858
 0.50000000  1.75000000  0.45071326
 0.50000000  1.80000000  0.03142541
 0.50000000  1.85000000 -0.30413349
 0.50000000  1.90000000 -0.52527002
 0.50000000  1.95000000 -0.58688055
 0.50000000  2.00000000 -0.47500587
 0.50000000  2.05000000 -0.19374738
 0.50000000  2.10000000  0.21860231
 0.50000000  2.15000000  0.70215572
 0.50000000  2.20000000  1.19314855
 0.55000000 -0.25000000  1.56419750
 0.55000000 -0.20000000  1.25117503
 0.55000000 -0.15000000  0.91351819
 0.55000000 -0.10000000  0.59882173
 0.55000000 -0.05000000  0.34937712
 0.55000000  0.00000000  0.15007006
 0.55000000  0.05000000 -0.02168932
 0.55000000  0.10000000 -0.17161734
 0.55000000  0.15000000 -0.31321726
 0.55000000  0.20000000 -0.44027827
 0.55000000  0.25000000 -0.54902214
 0.55000000  0.30000000 -0.63542935
 0.55000000  0.35000000 -0.68644744
 0.55000000  0.40000000 -0.70348430
 0.55000000  0.45000000 -0.70308917
 0.55000000  0.50000000 -0.70530040
 0.55000000  0.55000000 -0.73735921
 0.55000000  0.60000000 -0.80946540
 0.55000000  0.65000000 -0.95138757
 0.55000000  0.70000000 -1.10368660
 0.55000000  0.75000000 -1.24467117
 0.55000000  0.80000000 -1.31579153
 0.55000000  0.85000000 -1.28712669
 0.55000000  0.90000000 -1.14363037
 0.55000000  0.95000000 -0.90439008
 0.55000000  1.00000000 -0.61382681
 0.55000000  1.05000000 -0.30562051
 0.55000000  1.10000000 -0.01648644
 0.55000000  1.15000000  0.24971100
 0.55000000  1.20000000  0.47656747
 0.55000000  1.25000000  0.70552769
 0.55000000  1.30000000  0.95309130
 0.55000000  1.35000000  1.20720261
 0.55000000  1.40000000  1.42686109
 0.55000000  1.45000000  1.61145161
 0.55000000  1.50000000  1.71681514
 0.55000000  1.55000000  1.69093172
 0.55000000  1.60000000  1.53248831
 0.55000000  1.65000000  1.24890193
 0.55000000  1.70000000  0.86843585
 0.55000000  1.75000000  0.42399520
 0.55000000  1.80000000 -0.00056362
 0.55000000  1.85000000 -0.34801429
 0.55000000  1.90000000 -0.56025802
 0.55000000  1.95000000 -0.61642767
 0.55000000  2.00000000 -0.48415053
 0.55000000  2.05000000 -0.19288439
 0.55000000  2.10000000  0.22055556
 0.55000000  2.15000000  0.69865533
 0.55000000  2.20000000  1.17442591
 0.60000000 -0.25000000  1.59936877
 0.60000000 -0.20000000  1.27089239
 0.60000000 -0.15000000  0.93769182
 0.60000000 -0.10000000  0.64191342
 0.60000000 -0.05000000  0.40676514
 0.60000000  0.00000000  0.20749269
 0.60000000  0.05000000  0.04898998
 0.60000000  0.10000000 -0.10652530
 0.60000000  0.15000000 -0.24910562
 0.60000000  0.20000000 -0.37650281
 0.60000000  0.25000000 -0.49033473
 0.60000000  0.30000000 -0.56933818
 0.60000000  0.35000000 -0.61129431
 0.60000000  0.40000000 -0.62651253
 0.60000000  0.45000000 -0.63793157
 0.60000000  0.50000000 -0.66318877
 0.60000000  0.55000000 -0.73331627
 0.60000000  0.60000000 -0.86099096
 0.60000000  0.65000000 -1.03943171
 0.60000000  0.70000000 -1.22881869
 0.60000000  0.75000000 -1.39474257
 0.60000000  0.80000000 -1.45556041
 0.60000000  0.85000000 -1.39727565
 0.60000000  0.90000000 -1.20376986
 0.60000000  0.95000000 -0.89733956
 0.60000000  1.00000000 -0.54629941
 0.60000000  1.05000000 -0.19289749
 0.60000000  1.10000000  0.12520290
 0.60000000  1.15000000  0.38089349
 0.60000000  1.20000000  0.59721622
 0.60000000  1.25000000  0.80267760
 0.60000000  1.30000000  1.01164376
 0.60000000  1.35000000  1.22492100
 0.60000000  1.40000000  1.42513490
 0.60000000  1.45000000  1.59715733
 0.60000000  1.50000000  1.68666764
 0.60000000  1.55000000  1.67267570
 0.60000000  1.60000000  1.52006073
 0.60000000  1.65000000  1.23180992
 0.60000000  1.70000000  0.85836026
 0.60000000  1.75000000  0.43060907
 0.60000000  1.80000000  0.02217809
 0.60000000  1.85000000 -0.30221560
 0.60000000  1.90000000 -0.49672170
 0.60000000  1.95000000 -0.52533556
 0.60000000  2.00000000 -0.38647990
 0.60000000  2.05000000 -0.10338007
 0.60000000  2.10000000  0.28834014
 0.60000000  2.15000000  0.72571023
 0.60000000  2.20000000  1.14587331
 0.65000000 -0.25000000  1.62161418
 0.65000000 -0.20000000  1.28675891
 0.65000000 -0.15000000  0.96114206
 0.65000000 -0.10000000  0.68085991
 0.65000000 -0.05000000  0.46237598
 0.65000000  0.00000000  0.28957391
 0.65000000  0.05000000  0.13000969
 0.65000000  0.10000000 -0.01246509
 0.65000000  0.15000000 -0.14962778
 0.65000000  0.20000000 -0.26080291
 0.65000000  0.25000000 -0.36337994
 0.65000000  0.30000000 -0.43968596
 0.65000000  0.35000000 -0.47529289
 0.65000000  0.40000000 -0.49735647
 0.65000000  0.45000000 -0.52011437
 0.65000000  0.50000000 -0.57398263
 0.65000000  0.55000000 -0.67559675
 0.65000000  0.60000000 -0.85224230
 0.65000000  0.65000000 -1.05963750
 0.65000000  0.70000000 -1.28179666
 0.65000000  0.75000000 -1.45528744
 0.65000000  0.80000000 -1.50929167
 0.65000000  0.85000000 -1.42082882
 0.65000000  0.90000000 -1.18367130
 0.65000000  0.95000000 -0.83132149
 0.65000000  1.00000000 -0.42930659
 0.65000000  1.05000000 -0.03054035
 0.65000000  1.10000000  0.30868853
 0.65000000  1.15000000  0.57624403
 0.65000000  1.20000000  0.78029402
 0.65000000  1.25000000  0.95273624
 0.65000000  1.30000000  1.12319277
 0.65000000  1.35000000  1.29375164
 0.65000000  1.40000000  1.46015324
 0.65000000  1.45000000  1.59105406
 0.65000000  1.50000000  1.66262008
 0.65000000  1.55000000  1.62759222
 0.65000000  1.60000000  1.48599767
 0.65000000  1.65000000  1.22393265
 0.65000000  1.70000000  0.87703978
 0.65000000  1.75000000  0.47794100
 0.65000000  1.80000000  0.11920571
 0.65000000  1.85000000 -0.16314637
 0.65000000  1.90000000 -0.32249615
 0.65000000  1.95000000 -0.33187631
 0.65000000  2.00000000 -0.19053406
 0.65000000  2.05000000  0.06032279
 0.65000000  2.10000000  0.40010461
 0.65000000  2.15000000  0.76221274
 0.65000000  2.20000000  1.10472215
 0.70000000 -0.25000000  1.62827469
 0.70000000 -0.20000000  1.28838781
 0.70000000 -0.15000000  0.96529719
 0.70000000 -0.10000000  0.71135613
 0.70000000 -0.05000000  0.50621475
 0.70000000  0.00000000  0.33822456
 0.70000000  0.05000000  0.20660129
 0.70000000  0.10000000  0.08090080
 0.70000000  0.15000000 -0.03091642
 0.70000000  0.20000000 -0.12611441
 0.70000000  0.25000000 -0.20942126
 0.70000000  0.30000000 -0.26072460
 0.70000000  0.35000000 -0.28950383
 0.70000000  0.40000000 -0.31356464
 0.70000000  0.45000000 -0.36152743
 0.70000000  0.50000000 -0.43683771
 0.70000000  0.55000000 -0.56682545
 0.70000000  0.60000000 -0.77526686
 0.70000000  0.65000000 -1.01034913
 0.70000000  0.70000000 -1.24355787
 0.70000000  0.75000000 -1.42006165
 0.70000000  0.80000000 -1.46283612
 0.70000000  0.85000000 -1.35375506
 0.70000000  0.90000000 -1.07779376
 0.70000000  0.95000000 -0.70254248
 0.70000000  1.00000000 -0.26623750
 0.70000000  1.05000000  0.16484334
 0.70000000  1.10000000  0.52390267
 0.70000000  1.15000000  0.79362683
 0.70000000  1.20000000  0.99299386
 0.70000000  1.25000000  1.13403499
 0.70000000  1.30000000  1.26797176
 0.70000000  1.35000000  1.39352909
 0.70000000  1.40000000  1.50920958
 0.70000000  1.45000000  1.59784867
 0.70000000  1.50000000  1.63173804
 0.70000000  1.55000000  1.59469592
 0.70000000  1.60000000  1.45451103
 0.70000000  1.65000000  1.22027353
 0.70000000  1.70000000  0.91732754
 0.70000000  1.75000000  0.58719259
 0.70000000  1.80000000  0.27557084
 0.70000000  1.85000000  0.04447144
 0.70000000  1.90000000 -0.07621508
 0.70000000  1.95000000 -0.07022854
 0.70000000  2.00000000  0.05432874
 0.70000000  2.05000000  0.26665535
 0.70000000  2.10000000  0.52771883
 0.70000000  2.15000000  0.79931705
 0.70000000  2.20000000  1.04047983
 0.75000000 -0.25000000  1.59091412
 0.75000000 -0.20000000  1.24766743
 0.75000000 -0.15000000  0.93770314
 0.75000000 -0.10000000  0.68664176
 0.75000000 -0.05000000  0.49376716
 0.75000000  0.00000000  0.34879566
 0.75000000  0.05000000  0.23087549
 0.75000000  0.10000000  0.14186997
 0.75000000  0.15000000  0.05319215
 0.75000000  0.20000000 -0.00859537
 0.75000000  0.25000000 -0.05884352
 0.75000000  0.30000000 -0.08598818
 0.75000000  0.35000000 -0.10435687
 0.75000000  0.40000000 -0.12217706
 0.75000000  0.45000000 -0.17398879
 0.75000000  0.50000000 -0.26342945
 0.75000000  0.55000000 -0.42313114
 0.75000000  0.60000000 -0.63717100
 0.75000000  0.65000000 -0.88677933
 0.75000000  0.70000000 -1.12866512
 0.75000000  0.75000000 -1.29971921
 0.75000000  0.80000000 -1.33984813
 0.75000000  0.85000000 -1.21758275
 0.75000000  0.90000000 -0.94026540
 0.75000000  0.95000000 -0.53789646
 0.75000000  1.00000000 -0.09090593
 0.75000000  1.05000000  0.35226108
 0.75000000  1.10000000  0.71636099
 0.75000000  1.15000000  0.99016102
 0.75000000  1.20000000  1.19042134
 0.75000000  1.25000000  1.32499373
 0.75000000  1.30000000  1.41494257
 0.75000000  1.35000000  1.49697150
 0.75000000  1.40000000  1.55938862
 0.75000000  1.45000000  1.60583777
 0.75000000  1.50000000  1.61134013
 0.75000000  1.55000000  1.55498040
 0.75000000  1.60000000  1.43600270
 0.75000000  1.65000000  1.24302530
 0.75000000  1.70000000  0.99769509
 0.75000000  1.75000000  0.72248288
 0.75000000  1.80000000  0.47267224
 0.75000000  1.85000000  0.29235256
 0.75000000  1.90000000  0.20155189
 0.75000000  1.95000000  0.21397853
 0.75000000  2.00000000  0.30565774
 0.75000000  2.05000000  0.46322663
 0.75000000  2.10000000  0.64843344
 0.75000000  2.15000000  0.81166300
 0.75000000  2.20000000  0.95360078
 0.80000000 -0.25000000  1.51644770
 0.80000000 -0.20000000  1.16583376
 0.80000000 -0.15000000  0.86106356
 0.80000000 -0.10000000  0.60515024
 0.80000000 -0.05000000  0.41199149
 0.80000000  0.00000000  0.26934966
 0.80000000  0.05000000  0.16186664
 0.80000000  0.10000000  0.10221112
 0.80000000  0.15000000  0.06133027
 0.80000000  0.20000000  0.03387920
 0.80000000  0.25000000  0.03238324
 0.80000000  0.30000000  0.04716210
 0.80000000  0.35000000  0.05724662
 0.80000000  0.40000000  0.05728954
 0.80000000  0.45000000  0.01160539
 0.80000000  0.50000000 -0.08812001
 0.80000000  0.55000000 -0.25075277
 0.80000000  0.60000000 -0.47464493
 0.80000000  0.65000000 -0.73735253
 0.80000000  0.70000000 -0.98101793
 0.80000000  0.75000000 -1.13458715
 0.80000000  0.80000000 -1.17637965
 0.80000000  0.85000000 -1.05015891
 0.80000000  0.90000000 -0.77874920
 0.80000000  0.95000000 -0.39164539
 0.80000000  1.00000000  0.05408978
 0.80000000  1.05000000  0.49430775
 0.80000000  1.10000000  0.86521843
 0.80000000  1.15000000  1.15404491
 0.80000000  1.20000000  1.34896431
 0.80000000  1.25000000  1.47787326
 0.80000000  1.30000000  1.54904664
 0.80000000  1.35000000  1.58275227
 0.80000000  1.40000000  1.60544111
 0.80000000  1.45000000  1.60840974
 0.80000000  1.50000000  1.58125145
 0.80000000  1.55000000  1.53246453
 0.80000000  1.60000000  1.42662415
 0.80000000  1.65000000  1.27906466
 0.80000000  1.70000000  1.09487336
 0.80000000  1.75000000  0.88471683
 0.80000000  1.80000000  0.68905684
 0.80000000  1.85000000  0.54669128
 0.80000000  1.90000000  0.47872374
 0.80000000  1.95000000  0.47941526
 0.80000000  2.00000000  0.52213599
 0.80000000  2.05000000  0.61239296
 0.80000000  2.10000000  0.70788865
 0.80000000  2.15000000  0.78556849
 0.80000000  2.20000000  0.83426051
 0.85000000 -0.25000000  1.38513559
 0.85000000 -0.20000000  1.03630318
 0.85000000 -0.15000000  0.71987293
 0.85000000 -0.10000000  0.45674040
 0.85000000 -0.05000000  0.24538600
 0.85000000  0.00000000  0.09845445
 0.85000000  0.05000000  0.00283947
 0.85000000  0.10000000 -0.04734951
 0.85000000  0.15000000 -0.05848617
 0.85000000  0.20000000 -0.02714215
 0.85000000  0.25000000  0.02704535
 0.85000000  0.30000000  0.09867084
 0.85000000  0.35000000  0.15946424
 0.85000000  0.40000000  0.19630802
 0.85000000  0.45000000  0.17066568
 0.85000000  0.50000000  0.08280382
 0.85000000  0.55000000 -0.07966779
 0.85000000  0.60000000 -0.31806273
 0.85000000  0.65000000 -0.57329986
 0.85000000  0.70000000 -0.80341842
 0.85000000  0.75000000 -0.97380211
 0.85000000  0.80000000 -1.01818264
 0.85000000  0.85000000 -0.90627062
 0.85000000  0.90000000 -0.65488933
 0.85000000  0.95000000 -0.28561859
 0.85000000  1.00000000  0.13768604
 0.85000000  1.05000000  0.56536355
 0.85000000  1.10000000  0.93538975
 0.85000000  1.15000000  1.23497959
 0.85000000  1.20000000  1.44125091
 0.85000000  1.25000000  1.56378517
 0.85000000  1.30000000  1.61992014
 0.85000000  1.35000000  1.64383606
 0.85000000  1.40000000  1.62757297
 0.85000000  1.45000000  1.60189615
 0.85000000  1.50000000  1.56657479
 0.85000000  1.55000000  1.51919941
 0.85000000  1.60000000  1.43863053
 0.85000000  1.65000000  1.32721803
 0.85000000  1.70000000  1.18622588
 0.85000000  1.75000000  1.03214844
 0.85000000  1.80000000  0.88009407
 0.85000000  1.85000000  0.76129480
 0.85000000  1.90000000  0.68174520
 0.85000000  1.95000000  0.65186355
 0.85000000  2.00000000  0.66201224
 0.85000000  2.05000000  0.67579720
 0.85000000  2.10000000  0.70126617
 0.85000000  2.15000000  0.69988107
 0.85000000  2.20000000  0.68053054
 0.90000000 -0.25000000  1.20715532
 0.90000000 -0.20000000  0.85096156
 0.90000000 -0.15000000  0.52158296
 0.90000000 -0.10000000  0.23489094
 0.90000000 -0.05000000 -0.00074950
 0.90000000  0.00000000 -0.17760847
 0.90000000  0.05000000 -0.27906298
 0.90000000  0.10000000 -0.31168063
 0.90000000  0.15000000 -0.28462577
 0.90000000  0.20000000 -0.19503981
 0.90000000  0.25000000 -0.06774904
 0.90000000  0.30000000  0.07425568
 0.90000000  0.35000000  0.20650465
 0.90000000  0.40000000  0.28664292
 0.90000000  0.45000000  0.30559258
 0.90000000  0.50000000  0.23732660
 0.90000000  0.55000000  0.06939617
 0.90000000  0.60000000 -0.16422478
 0.90000000  0.65000000 -0.42268901
 0.90000000  0.70000000 -0.67091370
 0.90000000  0.75000000 -0.84046418
 0.90000000  0.80000000 -0.89454692
 0.90000000  0.85000000 -0.81044386
 0.90000000  0.90000000 -0.59296054
 0.90000000  0.95000000 -0.26090992
 0.90000000  1.00000000  0.13364888
 0.90000000  1.05000000  0.53766493
 0.90000000  1.10000000  0.90910435
 0.90000000  1.15000000  1.22186007
 0.90000000  1.20000000  1.44598043
 0.90000000  1.25000000  1.58415544
 0.90000000  1.30000000  1.63921301
 0.90000000  1.35000000  1.65179027
 0.90000000  1.40000000  1.62692956
 0.90000000  1.45000000  1.59186468
 0.90000000  1.50000000  1.54756124
 0.90000000  1.55000000  1.49799472
 0.90000000  1.60000000  1.43674486
 0.90000000  1.65000000  1.35871830
 0.90000000  1.70000000  1.25305377
 0.90000000  1.75000000  1.12755063
 0.90000000  1.80000000  1.00376824
 0.90000000  1.85000000  0.88622145
 0.90000000  1.90000000  0.79927160
 0.90000000  1.95000000  0.73899152
 0.90000000  2.00000000  0.68094851
 0.90000000  2.05000000  0.63687550
 0.90000000  2.10000000  0.59479687
 0.90000000  2.15000000  0.54173223
 0.90000000  2.20000000  0.49593304
 0.95000000 -0.25000000  0.98816579
 0.95000000 -0.20000000  0.63162929
 0.95000000 -0.15000000  0.28257754
 0.95000000 -0.10000000 -0.04371565
 0.95000000 -0.05000000 -0.31473026
 0.95000000  0.00000000 -0.51769936
 0.95000000  0.05000000 -0.63984702
 0.95000000  0.10000000 -0.66252739
 0.95000000  0.15000000 -0.59569259
 0.95000000  0.20000000 -0.44733494
 0.95000000  0.25000000 -0.24160715
 0.95000000  0.30000000 -0.01408939
 0.95000000  0.35000000  0.18631596
 0.95000000  0.40000000  0.34454375
 0.95000000  0.45000000  0.39804010
 0.95000000  0.50000000  0.35696136
 0.95000000  0.55000000  0.20259905
 0.95000000  0.60000000 -0.02733390
 0.95000000  0.65000000 -0.30493919
 0.95000000  0.70000000 -0.56164586
 0.95000000  0.75000000 -0.75723267
 0.95000000  0.80000000 -0.84024204
 0.95000000  0.85000000 -0.78810209
 0.95000000  0.90000000 -0.60650577
 0.95000000  0.95000000 -0.31585597
 0.95000000  1.00000000  0.04162390
 0.95000000  1.05000000  0.43848476
 0.95000000  1.10000000  0.81170069
 0.95000000  1.15000000  1.13230636
 0.95000000  1.20000000  1.38362007
 0.95000000  1.25000000  1.53630091
 0.95000000  1.30000000  1.61768042
 0.95000000  1.35000000  1.63341540
 0.95000000  1.40000000  1.61553659
 0.95000000  1.45000000  1.57671866
 0.95000000  1.50000000  1.52246437
 0.95000000  1.55000000  1.47712647
 0.95000000  1.60000000  1.42672719
 0.95000000  1.65000000  1.36130095
 0.95000000  1.70000000  1.27188409
 0.95000000  1.75000000  1.16773486
 0.95000000  1.80000000  1.04677065
 0.95000000  1.85000000  0.92571934
 0.95000000  1.90000000  0.80637724
 0.95000000  1.95000000  0.69683719
 0.95000000  2.00000000  0.59055653
 0.95000000  2.05000000  0.48888826
 0.95000000  2.10000000  0.39971116
 0.95000000  2.15000000  0.32105050
 0.95000000  2.20000000  0.25601991
 1.00000000 -0.25000000  0.75570359
 1.00000000 -0.20000000  0.39672604
 1.00000000 -0.15000000  0.03109210
 1.00000000 -0.10000000 -0.33014520
 1.00000000 -0.05000000 -0.64488897
 1.00000000  0.00000000 -0.89279431
 1.00000000  0.05000000 -1.02963946
 1.00000000  0.10000000 -1.05028391
 1.00000000  0.15000000 -0.94328546
 1.00000000  0.20000000 -0.73503856
 1.00000000  0.25000000 -0.44636535
 1.00000000  0.30000000 -0.12907827
 1.00000000  0.35000000  0.15767320
 1.00000000  0.40000000  0.37651436
 1.00000000  0.45000000  0.48398504
 1.00000000  0.50000000  0.46038578
 1.00000000  0.55000000  0.31255007
 1.00000000  0.60000000  0.07125311
 1.00000000  0.65000000 -0.21774429
 1.00000000  0.70000000 -0.50015014
 1.00000000  0.75000000 -0.71274080
 1.00000000  0.80000000 -0.83296254
 1.00000000  0.85000000 -0.81780631
 1.00000000  0.90000000 -0.67996952
 1.00000000  0.95000000 -0.42964430
 1.00000000  1.00000000 -0.09468722
 1.00000000  1.05000000  0.28166567
 1.00000000  1.10000000  0.65464975
 1.00000000  1.15000000  0.98969343
 1.00000000  1.20000000  1.26177424
 1.00000000  1.25000000  1.44957866
 1.00000000  1.30000000  1.55544615
 1.00000000  1.35000000  1.60079867
 1.00000000  1.40000000  1.58889585
 1.00000000  1.45000000  1.54635987
 1.00000000  1.50000000  1.49586021
 1.00000000  1.55000000  1.44456831
 1.00000000  1.60000000  1.38950461
 1.00000000  1.65000000  1.32348794
 1.00000000  1.70000000  1.24557662
 1.00000000  1.75000000  1.13040970
 1.00000000  1.80000000  1.01243916
 1.00000000  1.85000000  0.86848490
 1.00000000  1.90000000  0.71570671
 1.00000000  1.95000000  0.55438775
 1.00000000  2.00000000  0.39985876
 1.00000000  2.05000000  0.25174345
 1.00000000  2.10000000  0.12195542
 1.00000000  2.15000000  0.02660957
 1.00000000  2.20000000 -0.02600202
 1.05000000 -0.25000000  0.51144761
 1.05000000 -0.20000000  0.15683219
 1.05000000 -0.15000000 -0.21772901
 1.05000000 -0.10000000 -0.59975181
 1.05000000 -0.05000000 -0.94932040
 1.05000000  0.00000000 -1.22166344
 1.05000000  0.05000000 -1.38580560
 1.05000000  0.10000000 -1.39884546
 1.05000000  0.15000000 -1.26281218
 1.05000000  0.20000000 -0.99136589
 1.05000000  0.25000000 -0.62326824
 1.05000000  0.30000000 -0.23062457
 1.05000000  0.35000000  0.13583925
 1.05000000  0.40000000  0.41890554
 1.05000000  0.45000000  0.56262518
 1.05000000  0.50000000  0.56335985
 1.05000000  0.55000000  0.41831216
 1.05000000  0.60000000  0.16003444
 1.05000000  0.65000000 -0.14818623
 1.05000000  0.70000000 -0.45361901
 1.05000000  0.75000000 -0.70482772
 1.05000000  0.80000000 -0.85737433
 1.05000000  0.85000000 -0.87135582
 1.05000000  0.90000000 -0.77215019
 1.05000000  0.95000000 -0.56527244
 1.05000000  1.00000000 -0.25561579
 1.05000000  1.05000000  0.09850880
 1.05000000  1.10000000  0.47304822
 1.05000000  1.15000000  0.82527816
 1.05000000  1.20000000  1.11820318
 1.05000000  1.25000000  1.33963459
 1.05000000  1.30000000  1.47193830
 1.05000000  1.35000000  1.53483212
 1.05000000  1.40000000  1.54246635
 1.05000000  1.45000000  1.51253700
 1.05000000  1.50000000  1.45623253
 1.05000000  1.55000000  1.39306516
 1.05000000  1.60000000  1.31985249
 1.05000000  1.65000000  1.24374815
 1.05000000  1.70000000  1.15047171
 1.05000000  1.75000000  1.03299395
 1.05000000  1.80000000  0.89922815
 1.05000000  1.85000000  0.73437306
 1.05000000  1.90000000  0.54893015
 1.05000000  1.95000000  0.34820702
 1.05000000  2.00000000  0.14671865
 1.05000000  2.05000000 -0.05737231
 1.05000000  2.10000000 -0.20765837
 1.05000000  2.15000000 -0.31132638
 1.05000000  2.20000000 -0.34931595
 1.10000000 -0.25000000  0.27293419
 1.10000000 -0.20000000 -0.05946473
 1.10000000 -0.15000000 -0.42795601
 1.10000000 -0.10000000 -0.82330275
 1.10000000 -0.05000000 -1.19186671
 1.10000000  0.00000000 -1.49167194
 1.10000000  0.05000000 -1.65683911
 1.10000000  0.10000000 -1.66960681
 1.10000000  0.15000000 -1.49493016
 1.10000000  0.20000000 -1.17880690
 1.10000000  0.25000000 -0.73967526
 1.10000000  0.30000000 -0.27623171
 1.10000000  0.35000000  0.15175638
 1.10000000  0.40000000  0.48864017
 1.10000000  0.45000000  0.65636077
 1.10000000  0.50000000  0.66534249
 1.10000000  0.55000000  0.51846059
 1.10000000  0.60000000  0.24859320
 1.10000000  0.65000000 -0.07833944
 1.10000000  0.70000000 -0.40061996
 1.10000000  0.75000000 -0.67846742
 1.10000000  0.80000000 -0.84730021
 1.10000000  0.85000000 -0.91121229
 1.10000000  0.90000000 -0.84332012
 1.10000000  0.95000000 -0.66929321
 1.10000000  1.00000000 -0.39241719
 1.10000000  1.05000000 -0.06196763
 1.10000000  1.10000000  0.30013076
 1.10000000  1.15000000  0.65780943
 1.10000000  1.20000000  0.97556466
 1.10000000  1.25000000  1.21508517
 1.10000000  1.30000000  1.38236744
 1.10000000  1.35000000  1.46912538
 1.10000000  1.40000000  1.48389636
 1.10000000  1.45000000  1.44914168
 1.10000000  1.50000000  1.38255991
 1.10000000  1.55000000  1.30377277
 1.10000000  1.60000000  1.20912810
 1.10000000  1.65000000  1.11218808
 1.10000000  1.70000000  1.00422727
 1.10000000  1.75000000  0.88752697
 1.10000000  1.80000000  0.73647613
 1.10000000  1.85000000  0.54945267
 1.10000000  1.90000000  0.34577555
 1.10000000  1.95000000  0.10422193
 1.10000000  2.00000000 -0.14784811
 1.10000000  2.05000000 -0.36771859
 1.10000000  2.10000000 -0.56760021
 1.10000000  2.15000000 -0.68590927
 1.10000000  2.20000000 -0.71075175
 1.15000000 -0.25000000  0.02511828
 1.15000000 -0.20000000 -0.24408687
 1.15000000 -0.15000000 -0.59509627
 1.15000000 -0.10000000 -0.97685818
 1.15000000 -0.05000000 -1.35106693
 1.15000000  0.00000000 -1.63681545
 1.15000000  0.05000000 -1.80877792
 1.15000000  0.10000000 -1.81775180
 1.15000000  0.15000000 -1.62339446
 1.15000000  0.20000000 -1.26077455
 1.15000000  0.25000000 -0.78147843
 1.15000000  0.30000000 -0.25894776
 1.15000000  0.35000000  0.22595793
 1.15000000  0.40000000  0.58974851
 1.15000000  0.45000000  0.78353467
 1.15000000  0.50000000  0.80476831
 1.15000000  0.55000000  0.65221695
 1.15000000  0.60000000  0.37899258
 1.15000000  0.65000000  0.03726701
 1.15000000  0.70000000 -0.30628100
 1.15000000  0.75000000 -0.59814474
 1.15000000  0.80000000 -0.79820536
 1.15000000  0.85000000 -0.88023533
 1.15000000  0.90000000 -0.85370679
 1.15000000  0.95000000 -0.70968593
 1.15000000  1.00000000 -0.47787199
 1.15000000  1.05000000 -0.17263961
 1.15000000  1.10000000  0.17153127
 1.15000000  1.15000000  0.53234202
 1.15000000  1.20000000  0.84970768
 1.15000000  1.25000000  1.11766179
 1.15000000  1.30000000  1.29935767
 1.15000000  1.35000000  1.39576612
 1.15000000  1.40000000  1.40906969
 1.15000000  1.45000000  1.36852426
 1.15000000  1.50000000  1.28263640
 1.15000000  1.55000000  1.17332217
 1.15000000  1.60000000  1.06487999
 1.15000000  1.65000000  0.95162465
 1.15000000  1.70000000  0.83231416
 1.15000000  1.75000000  0.70470245
 1.15000000  1.80000000  0.55139982
 1.15000000  1.85000000  0.36133075
 1.15000000  1.90000000  0.13101128
 1.15000000  1.95000000 -0.13775277
 1.15000000  2.00000000 -0.42018297
 1.15000000  2.05000000 -0.69849120
 1.15000000  2.10000000 -0.92635039
 1.15000000  2.15000000 -1.06180215
 1.15000000  2.20000000 -1.09280446
 1.20000000 -0.25000000 -0.19546770
 1.20000000 -0.20000000 -0.41839392
 1.20000000 -0.15000000 -0.71642429
 1.20000000 -0.10000000 -1.05378938
 1.20000000 -0.05000000 -1.39480274
 1.20000000  0.00000000 -1.68533191
 1.20000000  0.05000000 -1.84153527
 1.20000000  0.10000000 -1.82695689
 1.20000000  0.15000000 -1.62062740
 1.20000000  0.20000000 -1.23080132
 1.20000000  0.25000000 -0.71552206
 1.20000000  0.30000000 -0.15232043
 1.20000000  0.35000000  0.35492393
 1.20000000  0.40000000  0.75115790
 1.20000000  0.45000000  0.95365633
 1.20000000  0.50000000  0.98363698
 1.20000000  0.55000000  0.83673198
 1.20000000  0.60000000  0.56355621
 1.20000000  0.65000000  0.22093309
 1.20000000  0.70000000 -0.13281575
 1.20000000  0.75000000 -0.43192744
 1.20000000  0.80000000 -0.65015029
 1.20000000  0.85000000 -0.76420698
 1.20000000  0.90000000 -0.75647231
 1.20000000  0.95000000 -0.65279411
 1.20000000  1.00000000 -0.45797406
 1.20000000  1.05000000 -0.18799488
 1.20000000  1.10000000  0.13420020
 1.20000000  1.15000000  0.47085427
 1.20000000  1.20000000  0.78883664
 1.20000000  1.25000000  1.05180931
 1.20000000  1.30000000  1.23079125
 1.20000000  1.35000000  1.31364402
 1.20000000  1.40000000  1.32600284
 1.20000000  1.45000000  1.25183519
 1.20000000  1.50000000  1.14496163
 1.20000000  1.55000000  1.00984090
 1.20000000  1.60000000  0.87568318
 1.20000000  1.65000000  0.74986153
 1.20000000  1.70000000  0.62484970
 1.20000000  1.75000000  0.50729144
 1.20000000  1.80000000  0.36288557
 1.20000000  1.85000000  0.17195444
 1.20000000  1.90000000 -0.06497112
 1.20000000  1.95000000 -0.35977765
 1.20000000  2.00000000 -0.68281025
 1.20000000  2.05000000 -0.99677280
 1.20000000  2.10000000 -1.25983246
 1.20000000  2.15000000 -1.41380004
 1.20000000  2.20000000 -1.46192209
 1.25000000 -0.25000000 -0.38850353
 1.25000000 -0.20000000 -0.54927181
 1.25000000 -0.15000000 -0.77586772
 1.25000000 -0.10000000 -1.06796317
 1.25000000 -0.05000000 -1.36404492
 1.25000000  0.00000000 -1.61396279
 1.25000000  0.05000000 -1.75270743
 1.25000000  0.10000000 -1.72173099
 1.25000000  0.15000000 -1.50042242
 1.25000000  0.20000000 -1.09799551
 1.25000000  0.25000000 -0.56633111
 1.25000000  0.30000000  0.01636563
 1.25000000  0.35000000  0.55694698
 1.25000000  0.40000000  0.96423665
 1.25000000  0.45000000  1.20039344
 1.25000000  0.50000000  1.23522777
 1.25000000  0.55000000  1.09660130
 1.25000000  0.60000000  0.83150338
 1.25000000  0.65000000  0.49580244
 1.25000000  0.70000000  0.14575677
 1.25000000  0.75000000 -0.17587643
 1.25000000  0.80000000 -0.39630500
 1.25000000  0.85000000 -0.53227505
 1.25000000  0.90000000 -0.55902458
 1.25000000  0.95000000 -0.49203772
 1.25000000  1.00000000 -0.33405294
 1.25000000  1.05000000 -0.11602379
 1.25000000  1.10000000  0.17674940
 1.25000000  1.15000000  0.48646573
 1.25000000  1.20000000  0.78020804
 1.25000000  1.25000000  1.01859758
 1.25000000  1.30000000  1.18632710
 1.25000000  1.35000000  1.25060116
 1.25000000  1.40000000  1.22512701
 1.25000000  1.45000000  1.12430526
 1.25000000  1.50000000  0.97173609
 1.25000000  1.55000000  0.80710071
 1.25000000  1.60000000  0.65706508
 1.25000000  1.65000000  0.52469740
 1.25000000  1.70000000  0.40959218
 1.25000000  1.75000000  0.29948967
 1.25000000  1.80000000  0.17606758
 1.25000000  1.85000000  0.00296687
 1.25000000  1.90000000 -0.24165233
 1.25000000  1.95000000 -0.55014025
 1.25000000  2.00000000 -0.90170551
 1.25000000  2.05000000 -1.25612517
 1.25000000  2.10000000 -1.55770936
 1.25000000  2.15000000 -1.74847980
 1.25000000  2.20000000 -1.78342268
 1.30000000 -0.25000000 -0.55328951
 1.30000000 -0.20000000 -0.64126201
 1.30000000 -0.15000000 -0.80263352
 1.30000000 -0.10000000 -1.02504790
 1.30000000 -0.05000000 -1.26255671
 1.30000000  0.00000000 -1.45561544
 1.30000000  0.05000000 -1.57035109
 1.30000000  0.10000000 -1.50940340
 1.30000000  0.15000000 -1.28367195
 1.30000000  0.20000000 -0.86936345
 1.30000000  0.25000000 -0.33455514
 1.30000000  0.30000000  0.25242471
 1.30000000  0.35000000  0.80071995
 1.30000000  0.40000000  1.24201636
 1.30000000  0.45000000  1.49173479
 1.30000000  0.50000000  1.55403292
 1.30000000  0.55000000  1.43716103
 1.30000000  0.60000000  1.19017393
 1.30000000  0.65000000  0.85735192
 1.30000000  0.70000000  0.51241290
 1.30000000  0.75000000  0.19092192
 1.30000000  0.80000000 -0.05103956
 1.30000000  0.85000000 -0.21513363
 1.30000000  0.90000000 -0.27538782
 1.30000000  0.95000000 -0.25079073
 1.30000000  1.00000000 -0.14557783
 1.30000000  1.05000000  0.05122133
 1.30000000  1.10000000  0.29485081
 1.30000000  1.15000000  0.56538400
 1.30000000  1.20000000  0.83687625
 1.30000000  1.25000000  1.04509674
 1.30000000  1.30000000  1.17357919
 1.30000000  1.35000000  1.19888554
 1.30000000  1.40000000  1.11605629
 1.30000000  1.45000000  0.97347610
 1.30000000  1.50000000  0.78114956
 1.30000000  1.55000000  0.58938097
 1.30000000  1.60000000  0.42275367
 1.30000000  1.65000000  0.28936157
 1.30000000  1.70000000  0.19172937
 1.30000000  1.75000000  0.10902179
 1.30000000  1.80000000  0.00478362
 1.30000000  1.85000000 -0.15533072
 1.30000000  1.90000000 -0.38887616
 1.30000000  1.95000000 -0.71191308
 1.30000000  2.00000000 -1.08653889
 1.30000000  2.05000000 -1.46576630
 1.30000000  2.10000000 -1.80084431
 1.30000000  2.15000000 -2.00624530
 1.30000000  2.20000000 -2.05253327
 1.35000000 -0.25000000 -0.64237895
 1.35000000 -0.20000000 -0.67968776
 1.35000000 -0.15000000 -0.78417880
 1.35000000 -0.10000000 -0.93970261
 1.35000000 -0.05000000 -1.11437884
 1.35000000  0.00000000 -1.25125506
 1.35000000  0.05000000 -1.31445629
 1.35000000  0.10000000 -1.23998424
 1.35000000  0.15000000 -0.99527307
 1.35000000  0.20000000 -0.58843490
 1.35000000  0.25000000 -0.06307114
 1.35000000  0.30000000  0.53164145
 1.35000000  0.35000000  1.08281016
 1.35000000  0.40000000  1.53487300
 1.35000000  0.45000000  1.82480604
 1.35000000  0.50000000  1.92061463
 1.35000000  0.55000000  1.83652801
 1.35000000  0.60000000  1.60936817
 1.35000000  0.65000000  1.29204409
 1.35000000  0.70000000  0.93575846
 1.35000000  0.75000000  0.60533317
 1.35000000  0.80000000  0.33591145
 1.35000000  0.85000000  0.15371199
 1.35000000  0.90000000  0.04778407
 1.35000000  0.95000000  0.02620864
 1.35000000  1.00000000  0.09380896
 1.35000000  1.05000000  0.24025197
 1.35000000  1.10000000  0.44666736
 1.35000000  1.15000000  0.68951516
 1.35000000  1.20000000  0.92081573
 1.35000000  1.25000000  1.09739283
 1.35000000  1.30000000  1.17656712
 1.35000000  1.35000000  1.14251802
 1.35000000  1.40000000  1.00725343
 1.35000000  1.45000000  0.80682229
 1.35000000  1.50000000  0.57821930
 1.35000000  1.55000000  0.36092796
 1.35000000  1.60000000  0.18743383
 1.35000000  1.65000000  0.07434831
 1.35000000  1.70000000 -0.00685128
 1.35000000  1.75000000 -0.06211123
 1.35000000  1.80000000 -0.14030229
 1.35000000  1.85000000 -0.27170926
 1.35000000  1.90000000 -0.50724678
 1.35000000  1.95000000 -0.83468933
 1.35000000  2.00000000 -1.22849087
 1.35000000  2.05000000 -1.63628689
 1.35000000  2.10000000 -1.97916667
 1.35000000  2.15000000 -2.19501772
 1.35000000  2.20000000 -2.22525224
 1.40000000 -0.25000000 -0.62528945
 1.40000000 -0.20000000 -0.65053061
 1.40000000 -0.15000000 -0.71340258
 1.40000000 -0.10000000 -0.82054071
 1.40000000 -0.05000000 -0.93849760
 1.40000000  0.00000000 -1.02586258
 1.40000000  0.05000000 -1.04108677
 1.40000000  0.10000000 -0.93394721
 1.40000000  0.15000000 -0.69318205
 1.40000000  0.20000000 -0.28755903
 1.40000000  0.25000000  0.22811504
 1.40000000  0.30000000  0.79268951
 1.40000000  0.35000000  1.35813706
 1.40000000  0.40000000  1.83053248
 1.40000000  0.45000000  2.15646762
 1.40000000  0.50000000  2.29749486
 1.40000000  0.55000000  2.25357589
 1.40000000  0.60000000  2.05418498
 1.40000000  0.65000000  1.74276289
 1.40000000  0.70000000  1.39053144
 1.40000000  0.75000000  1.04195777
 1.40000000  0.80000000  0.73778552
 1.40000000  0.85000000  0.50293491
 1.40000000  0.90000000  0.35086367
 1.40000000  0.95000000  0.29243739
 1.40000000  1.00000000  0.31028101
 1.40000000  1.05000000  0.41219916
 1.40000000  1.10000000  0.59086051
 1.40000000  1.15000000  0.81048173
 1.40000000  1.20000000  1.01192536
 1.40000000  1.25000000  1.15095319
 1.40000000  1.30000000  1.17960837
 1.40000000  1.35000000  1.09354146
 1.40000000  1.40000000  0.90509525
 1.40000000  1.45000000  0.64354228
 1.40000000  1.50000000  0.37289624
 1.40000000  1.55000000  0.14253957
 1.40000000  1.60000000 -0.02283841
 1.40000000  1.65000000 -0.11974153
 1.40000000  1.70000000 -0.16498418
 1.40000000  1.75000000 -0.19004703
 1.40000000  1.80000000 -0.24448717
 1.40000000  1.85000000 -0.36770946
 1.40000000  1.90000000 -0.58471611
 1.40000000  1.95000000 -0.90774497
 1.40000000  2.00000000 -1.30993619
 1.40000000  2.05000000 -1.71994469
 1.40000000  2.10000000 -2.06429051
 1.40000000  2.15000000 -2.27668284
 1.40000000  2.20000000 -2.29621133
 1.45000000 -0.25000000 -0.51738932
 1.45000000 -0.20000000 -0.54263315
 1.45000000 -0.15000000 -0.60255731
 1.45000000 -0.10000000 -0.67914318
 1.45000000 -0.05000000 -0.75314233
 1.45000000  0.00000000 -0.79559383
 1.45000000  0.05000000 -0.76514222
 1.45000000  0.10000000 -0.64342925
 1.45000000  0.15000000 -0.39678869
 1.45000000  0.20000000 -0.01496345
 1.45000000  0.25000000  0.47414733
 1.45000000  0.30000000  1.02611902
 1.45000000  0.35000000  1.57661143
 1.45000000  0.40000000  2.06450580
 1.45000000  0.45000000  2.42658440
 1.45000000  0.50000000  2.61566956
 1.45000000  0.55000000  2.62282413
 1.45000000  0.60000000  2.44832717
 1.45000000  0.65000000  2.16268932
 1.45000000  0.70000000  1.79822790
 1.45000000  0.75000000  1.42365484
 1.45000000  0.80000000  1.08081838
 1.45000000  0.85000000  0.79552140
 1.45000000  0.90000000  0.59164882
 1.45000000  0.95000000  0.46661696
 1.45000000  1.00000000  0.44004074
 1.45000000  1.05000000  0.51006560
 1.45000000  1.10000000  0.66496117
 1.45000000  1.15000000  0.86342942
 1.45000000  1.20000000  1.04452456
 1.45000000  1.25000000  1.16159220
 1.45000000  1.30000000  1.15509735
 1.45000000  1.35000000  1.02123910
 1.45000000  1.40000000  0.78693029
 1.45000000  1.45000000  0.48591615
 1.45000000  1.50000000  0.19877726
 1.45000000  1.55000000 -0.02659365
 1.45000000  1.60000000 -0.18581046
 1.45000000  1.65000000 -0.25539713
 1.45000000  1.70000000 -0.27278702
 1.45000000  1.75000000 -0.27460712
 1.45000000  1.80000000 -0.30077263
 1.45000000  1.85000000 -0.40593493
 1.45000000  1.90000000 -0.61545020
 1.45000000  1.95000000 -0.92513629
 1.45000000  2.00000000 -1.32218359
 1.45000000  2.05000000 -1.71861923
 1.45000000  2.10000000 -2.05211588
 1.45000000  2.15000000 -2.24323221
 1.45000000  2.20000000 -2.24516672
 1.50000000 -0.25000000 -0.33140820
 1.50000000 -0.20000000 -0.37967438
 1.50000000 -0.15000000 -0.45069682
 1.50000000 -0.10000000 -0.52184558
 1.50000000 -0.05000000 -0.57503513
 1.50000000  0.00000000 -0.57926045
 1.50000000  0.05000000 -0.52595246
 1.50000000  0.10000000 -0.37984301
 1.50000000  0.15000000 -0.13229841
 1.50000000  0.20000000  0.21376762
 1.50000000  0.25000000  0.66489442
 1.50000000  0.30000000  1.17684688
 1.50000000  0.35000000  1.70844601
 1.50000000  0.40000000  2.20942415
 1.50000000  0.45000000  2.59329009
 1.50000000  0.50000000  2.82264476
 1.50000000  0.55000000  2.87642193
 1.50000000  0.60000000  2.75225949
 1.50000000  0.65000000  2.47596459
 1.50000000  0.70000000  2.11084666
 1.50000000  0.75000000  1.70582296
 1.50000000  0.80000000  1.32202421
 1.50000000  0.85000000  0.97640751
 1.50000000  0.90000000  0.70609660
 1.50000000  0.95000000  0.52841966
 1.50000000  1.00000000  0.45997429
 1.50000000  1.05000000  0.50191190
 1.50000000  1.10000000  0.63951394
 1.50000000  1.15000000  0.83275205
 1.50000000  1.20000000  1.00291491
 1.50000000  1.25000000  1.10688304
 1.50000000  1.30000000  1.07535399
 1.50000000  1.35000000  0.92298793
 1.50000000  1.40000000  0.66127527
 1.50000000  1.45000000  0.34579608
 1.50000000  1.50000000  0.06317002
 1.50000000  1.55000000 -0.15392371
 1.50000000  1.60000000 -0.28165039
 1.50000000  1.65000000 -0.31974218
 1.50000000  1.70000000 -0.31211476
 1.50000000  1.75000000 -0.28960822
 1.50000000  1.80000000 -0.30358485
 1.50000000  1.85000000 -0.39154257
 1.50000000  1.90000000 -0.58580562
 1.50000000  1.95000000 -0.88584626
 1.50000000  2.00000000 -1.24292211
 1.50000000  2.05000000 -1.61588022
 1.50000000  2.10000000 -1.91276541
 1.50000000  2.15000000 -2.08131458
 1.50000000  2.20000000 -2.06137955
 1.55000000 -0.25000000 -0.07474665
 1.55000000 -0.20000000 -0.17852895
 1.55000000 -0.15000000 -0.27686954
 1.55000000 -0.10000000 -0.36076649
 1.55000000 -0.05000000 -0.39586246
 1.55000000  0.00000000 -0.38276920
 1.55000000  0.05000000 -0.31162863
 1.55000000  0.10000000 -0.15871426
 1.55000000  0.15000000  0.06709516
 1.55000000  0.20000000  0.37063113
 1.55000000  0.25000000  0.76760838
 1.55000000  0.30000000  1.23139650
 1.55000000  0.35000000  1.72894795
 1.55000000  0.40000000  2.20747612
 1.55000000  0.45000000  2.61111728
 1.55000000  0.50000000  2.87554047
 1.55000000  0.55000000  2.98170696
 1.55000000  0.60000000  2.89194498
 1.55000000  0.65000000  2.65080455
 1.55000000  0.70000000  2.28501270
 1.55000000  0.75000000  1.86633780
 1.55000000  0.80000000  1.42406358
 1.55000000  0.85000000  1.02722068
 1.55000000  0.90000000  0.69507925
 1.55000000  0.95000000  0.46713166
 1.55000000  1.00000000  0.35840649
 1.55000000  1.05000000  0.37203126
 1.55000000  1.10000000  0.50013227
 1.55000000  1.15000000  0.69144163
 1.55000000  1.20000000  0.87500736
 1.55000000  1.25000000  0.97952289
 1.55000000  1.30000000  0.95723015
 1.55000000  1.35000000  0.79856673
 1.55000000  1.40000000  0.53593215
 1.55000000  1.45000000  0.24033993
 1.55000000  1.50000000 -0.02536613
 1.55000000  1.55000000 -0.21373213
 1.55000000  1.60000000 -0.30327834
 1.55000000  1.65000000 -0.31474242
 1.55000000  1.70000000 -0.28267539
 1.55000000  1.75000000 -0.24830599
 1.55000000  1.80000000 -0.24767847
 1.55000000  1.85000000 -0.32430885
 1.55000000  1.90000000 -0.50136808
 1.55000000  1.95000000 -0.75694717
 1.55000000  2.00000000 -1.08988008
 1.55000000  2.05000000 -1.41771297
 1.55000000  2.10000000 -1.66408245
 1.55000000  2.15000000 -1.79927884
 1.55000000  2.20000000 -1.75412094
 1.60000000 -0.25000000  0.17391130
 1.60000000 -0.20000000  0.03424226
 1.60000000 -0.15000000 -0.09906418
 1.60000000 -0.10000000 -0.19201570
 1.60000000 -0.05000000 -0.23037289
 1.60000000  0.00000000 -0.20007013
 1.60000000  0.05000000 -0.12386306
 1.60000000  0.10000000  0.01869084
 1.60000000  0.15000000  0.20934754
 1.60000000  0.20000000  0.46601830
 1.60000000  0.25000000  0.78639863
 1.60000000  0.30000000  1.18062669
 1.60000000  0.35000000  1.61050851
 1.60000000  0.40000000  2.06871687
 1.60000000  0.45000000  2.46872877
 1.60000000  0.50000000  2.76327066
 1.60000000  0.55000000  2.90296507
 1.60000000  0.60000000  2.86823322
 1.60000000  0.65000000  2.65267408
 1.60000000  0.70000000  2.30762450
 1.60000000  0.75000000  1.87269559
 1.60000000  0.80000000  1.41314106
 1.60000000  0.85000000  0.96803209
 1.60000000  0.90000000  0.57992417
 1.60000000  0.95000000  0.30994915
 1.60000000  1.00000000  0.16343897
 1.60000000  1.05000000  0.15633635
 1.60000000  1.10000000  0.28295274
 1.60000000  1.15000000  0.47654467
 1.60000000  1.20000000  0.68061238
 1.60000000  1.25000000  0.79949550
 1.60000000  1.30000000  0.80250533
 1.60000000  1.35000000  0.66396225
 1.60000000  1.40000000  0.42793784
 1.60000000  1.45000000  0.17158231
 1.60000000  1.50000000 -0.04804101
 1.60000000  1.55000000 -0.19303570
 1.60000000  1.60000000 -0.25417750
 1.60000000  1.65000000 -0.24476378
 1.60000000  1.70000000 -0.19394035
 1.60000000  1.75000000 -0.15078740
 1.60000000  1.80000000 -0.14698576
 1.60000000  1.85000000 -0.21429443
 1.60000000  1.90000000 -0.36249478
 1.60000000  1.95000000 -0.58253021
 1.60000000  2.00000000 -0.85410267
 1.60000000  2.05000000 -1.12235323
 1.60000000  2.10000000 -1.32550659
 1.60000000  2.15000000 -1.41614569
 1.60000000  2.20000000 -1.36173597
 1.65000000 -0.25000000  0.40404718
 1.65000000 -0.20000000  0.22905295
 1.65000000 -0.15000000  0.06918605
 1.65000000 -0.10000000 -0.02358727
 1.65000000 -0.05000000 -0.06607064
 1.65000000  0.00000000 -0.04374108
 1.65000000  0.05000000  0.03556830
 1.65000000  0.10000000  0.15581872
 1.65000000  0.15000000  0.30600805
 1.65000000  0.20000000  0.49301224
 1.65000000  0.25000000  0.74063662
 1.65000000  0.30000000  1.04564392
 1.65000000  0.35000000  1.40674465
 1.65000000  0.40000000  1.80647292
 1.65000000  0.45000000  2.19102598
 1.65000000  0.50000000  2.50042167
 1.65000000  0.55000000  2.66920491
 1.65000000  0.60000000  2.68446860
 1.65000000  0.65000000  2.52140573
 1.65000000  0.70000000  2.19835743
 1.65000000  0.75000000  1.77892925
 1.65000000  0.80000000  1.30102259
 1.65000000  0.85000000  0.82448836
 1.65000000  0.90000000  0.40718652
 1.65000000  0.95000000  0.09900842
 1.65000000  1.00000000 -0.06809515
 1.65000000  1.05000000 -0.08913872
 1.65000000  1.10000000  0.03246004
 1.65000000  1.15000000  0.24292187
 1.65000000  1.20000000  0.47430959
 1.65000000  1.25000000  0.61422541
 1.65000000  1.30000000  0.64372699
 1.65000000  1.35000000  0.55019252
 1.65000000  1.40000000  0.36541877
 1.65000000  1.45000000  0.16610454
 1.65000000  1.50000000 -0.01478551
 1.65000000  1.55000000 -0.11613156
 1.65000000  1.60000000 -0.15168466
 1.65000000  1.65000000 -0.12303564
 1.65000000  1.70000000 -0.07789049
 1.65000000  1.75000000 -0.03733586
 1.65000000  1.80000000 -0.03443094
 1.65000000  1.85000000 -0.08001390
 1.65000000  1.90000000 -0.19250187
 1.65000000  1.95000000 -0.36223187
 1.65000000  2.00000000 -0.57435318
 1.65000000  2.05000000 -0.76943555
 1.65000000  2.10000000 -0.92026759
 1.65000000  2.15000000 -0.97801550
 1.65000000  2.20000000 -0.91628086
 1.70000000 -0.25000000  0.58173050
 1.70000000 -0.20000000  0.40255923
 1.70000000 -0.15000000  0.22690460
 1.70000000 -0.10000000  0.12993387
 1.70000000 -0.05000000  0.08678593
 1.70000000  0.00000000  0.11124691
 1.70000000  0.05000000  0.17295495
 1.70000000  0.10000000  0.27100738
 1.70000000  0.15000000  0.37948678
 1.70000000  0.20000000  0.50126123
 1.70000000  0.25000000  0.65580135
 1.70000000  0.30000000  0.86985740
 1.70000000  0.35000000  1.14115124
 1.70000000  0.40000000  1.48251425
 1.70000000  0.45000000  1.82775985
 1.70000000  0.50000000  2.13678808
 1.70000000  0.55000000  2.34202263
 1.70000000  0.60000000  2.39813754
 1.70000000  0.65000000  2.27759424
 1.70000000  0.70000000  2.00544441
 1.70000000  0.75000000  1.60572522
 1.70000000  0.80000000  1.13463014
 1.70000000  0.85000000  0.66224959
 1.70000000  0.90000000  0.23141729
 1.70000000  0.95000000 -0.09701780
 1.70000000  1.00000000 -0.28288707
 1.70000000  1.05000000 -0.30260633
 1.70000000  1.10000000 -0.17917972
 1.70000000  1.15000000  0.04961414
 1.70000000  1.20000000  0.27054354
 1.70000000  1.25000000  0.44948860
 1.70000000  1.30000000  0.51893440
 1.70000000  1.35000000  0.47247282
 1.70000000  1.40000000  0.34868298
 1.70000000  1.45000000  0.20541464
 1.70000000  1.50000000  0.08045477
 1.70000000  1.55000000  0.00903256
 1.70000000  1.60000000 -0.01047172
 1.70000000  1.65000000  0.00697097
 1.70000000  1.70000000  0.04365822
 1.70000000  1.75000000  0.07951001
 1.70000000  1.80000000  0.07977382
 1.70000000  1.85000000  0.05123796
 1.70000000  1.90000000 -0.02674190
 1.70000000  1.95000000 -0.13541916
 1.70000000  2.00000000 -0.27374187
 1.70000000  2.05000000 -0.42003733
 1.70000000  2.10000000 -0.51684634
 1.70000000  2.15000000 -0.55283810
 1.70000000  2.20000000 -0.49684480
 1.75000000 -0.25000000  0.69074943
 1.75000000 -0.20000000  0.51610216
 1.75000000 -0.15000000  0.37502170
 1.75000000 -0.10000000  0.27425020
 1.75000000 -0.05000000  0.23456031
 1.75000000  0.00000000  0.25350607
 1.75000000  0.05000000  0.30185943
 1.75000000  0.10000000  0.37201940
 1.75000000  0.15000000  0.42811431
 1.75000000  0.20000000  0.49479081
 1.75000000  0.25000000  0.56173963
 1.75000000  0.30000000  0.69006253
 1.75000000  0.35000000  0.88952716
 1.75000000  0.40000000  1.15214576
 1.75000000  0.45000000  1.46023274
 1.75000000  0.50000000  1.74945290
 1.75000000  0.55000000  1.96659696
 1.75000000  0.60000000  2.05054280
 1.75000000  0.65000000  1.99132788
 1.75000000  0.70000000  1.76780074
 1.75000000  0.75000000  1.41818602
 1.75000000  0.80000000  0.97749667
 1.75000000  0.85000000  0.51327076
 1.75000000  0.90000000  0.09448959
 1.75000000  0.95000000 -0.22840317
 1.75000000  1.00000000 -0.41421692
 1.75000000  1.05000000 -0.42955545
 1.75000000  1.10000000 -0.31396489
 1.75000000  1.15000000 -0.08448213
 1.75000000  1.20000000  0.15485163
 1.75000000  1.25000000  0.34682402
 1.75000000  1.30000000  0.45354347
 1.75000000  1.35000000  0.45739976
 1.75000000  1.40000000  0.39650216
 1.75000000  1.45000000  0.30218704
 1.75000000  1.50000000  0.21923159
 1.75000000  1.55000000  0.16892356
 1.75000000  1.60000000  0.14446600
 1.75000000  1.65000000  0.14632441
 1.75000000  1.70000000  0.14865129
 1.75000000  1.75000000  0.15498432
 1.75000000  1.80000000  0.15857460
 1.75000000  1.85000000  0.15426924
 1.75000000  1.90000000  0.12238284
 1.75000000  1.95000000  0.07222312
 1.75000000  2.00000000 -0.00334190
 1.75000000  2.05000000 -0.08646698
 1.75000000  2.10000000 -0.15177782
 1.75000000  2.15000000 -0.17708017
 1.75000000  2.20000000 -0.13800494
 1.80000000 -0.25000000  0.74334872
 1.80000000 -0.20000000  0.61156557
 1.80000000 -0.15000000  0.48772387
 1.80000000 -0.10000000  0.40984214
 1.80000000 -0.05000000  0.36945351
 1.80000000  0.00000000  0.38421913
 1.80000000  0.05000000  0.43463921
 1.80000000  0.10000000  0.46937383
 1.80000000  0.15000000  0.49340816
 1.80000000  0.20000000  0.50479185
 1.80000000  0.25000000  0.51531318
 1.80000000  0.30000000  0.56812298
 1.80000000  0.35000000  0.69013662
 1.80000000  0.40000000  0.89096777
 1.80000000  0.45000000  1.14716447
 1.80000000  0.50000000  1.41736277
 1.80000000  0.55000000  1.62439589
 1.80000000  0.60000000  1.73958737
 1.80000000  0.65000000  1.71507509
 1.80000000  0.70000000  1.54594381
 1.80000000  0.75000000  1.23959278
 1.80000000  0.80000000  0.84883052
 1.80000000  0.85000000  0.42181773
 1.80000000  0.90000000  0.02722578
 1.80000000  0.95000000 -0.27524836
 1.80000000  1.00000000 -0.44469999
 1.80000000  1.05000000 -0.45271794
 1.80000000  1.10000000 -0.33261180
 1.80000000  1.15000000 -0.12020806
 1.80000000  1.20000000  0.12323763
 1.80000000  1.25000000  0.32221308
 1.80000000  1.30000000  0.45929032
 1.80000000  1.35000000  0.50378629
 1.80000000  1.40000000  0.49359295
 1.80000000  1.45000000  0.44738019
 1.80000000  1.50000000  0.39684777
 1.80000000  1.55000000  0.34228830
 1.80000000  1.60000000  0.29991732
 1.80000000  1.65000000  0.25289843
 1.80000000  1.70000000  0.21187623
 1.80000000  1.75000000  0.19753439
 1.80000000  1.80000000  0.19407438
 1.80000000  1.85000000  0.20462365
 1.80000000  1.90000000  0.21896293
 1.80000000  1.95000000  0.22669009
 1.80000000  2.00000000  0.21240912
 1.80000000  2.05000000  0.17398003
 1.80000000  2.10000000  0.13411560
 1.80000000  2.15000000  0.10828969
 1.80000000  2.20000000  0.11970041
 1.85000000 -0.25000000  0.77945324
 1.85000000 -0.20000000  0.68041054
 1.85000000 -0.15000000  0.58802048
 1.85000000 -0.10000000  0.52209680
 1.85000000 -0.05000000  0.50940158
 1.85000000  0.00000000  0.52445952
 1.85000000  0.05000000  0.56086384
 1.85000000  0.10000000  0.57902862
 1.85000000  0.15000000  0.58458463
 1.85000000  0.20000000  0.56094730
 1.85000000  0.25000000  0.53147440
 1.85000000  0.30000000  0.53163594
 1.85000000  0.35000000  0.59360858
 1.85000000  0.40000000  0.73632841
 1.85000000  0.45000000  0.94161679
 1.85000000  0.50000000  1.17191609
 1.85000000  0.55000000  1.37579563
 1.85000000  0.60000000  1.49514584
 1.85000000  0.65000000  1.49466627
 1.85000000  0.70000000  1.35792071
 1.85000000  0.75000000  1.10709436
 1.85000000  0.80000000  0.76390422
 1.85000000  0.85000000  0.39305099
 1.85000000  0.90000000  0.04421476
 1.85000000  0.95000000 -0.22305753
 1.85000000  1.00000000 -0.36486403
 1.85000000  1.05000000 -0.38473648
 1.85000000  1.10000000 -0.26385315
 1.85000000  1.15000000 -0.05980359
 1.85000000  1.20000000  0.16447543
 1.85000000  1.25000000  0.36425612
 1.85000000  1.30000000  0.51764766
 1.85000000  1.35000000  0.60149731
 1.85000000  1.40000000  0.62089211
 1.85000000  1.45000000  0.60795962
 1.85000000  1.50000000  0.55965121
 1.85000000  1.55000000  0.50397912
 1.85000000  1.60000000  0.42091441
 1.85000000  1.65000000  0.32299190
 1.85000000  1.70000000  0.24057900
 1.85000000  1.75000000  0.19214967
 1.85000000  1.80000000  0.17745528
 1.85000000  1.85000000  0.21885854
 1.85000000  1.90000000  0.27598245
 1.85000000  1.95000000  0.33681529
 1.85000000  2.00000000  0.37724991
 1.85000000  2.05000000  0.36815573
 1.85000000  2.10000000  0.33930530
 1.85000000  2.15000000  0.29822127
 1.85000000  2.20000000  0.26720318
 1.90000000 -0.25000000  0.78845147
 1.90000000 -0.20000000  0.74386483
 1.90000000 -0.15000000  0.68441785
 1.90000000 -0.10000000  0.63733737
 1.90000000 -0.05000000  0.62807986
 1.90000000  0.00000000  0.64445542
 1.90000000  0.05000000  0.68405557
 1.90000000  0.10000000  0.69580305
 1.90000000  0.15000000  0.69436764
 1.90000000  0.20000000  0.65131706
 1.90000000  0.25000000  0.60180714
 1.90000000  0.30000000  0.57680464
 1.90000000  0.35000000  0.60158978
 1.90000000  0.40000000  0.69557557
 1.90000000  0.45000000  0.86164460
 1.90000000  0.50000000  1.05451592
 1.90000000  0.55000000  1.22861301
 1.90000000  0.60000000  1.34249313
 1.90000000  0.65000000  1.33925792
 1.90000000  0.70000000  1.23747822
 1.90000000  0.75000000  1.02475380
 1.90000000  0.80000000  0.74825073
 1.90000000  0.85000000  0.41958233
 1.90000000  0.90000000  0.13198638
 1.90000000  0.95000000 -0.10076902
 1.90000000  1.00000000 -0.21538300
 1.90000000  1.05000000 -0.22370377
 1.90000000  1.10000000 -0.11679465
 1.90000000  1.15000000  0.05119831
 1.90000000  1.20000000  0.26356734
 1.90000000  1.25000000  0.44929004
 1.90000000  1.30000000  0.59634416
 1.90000000  1.35000000  0.69227098
 1.90000000  1.40000000  0.74317464
 1.90000000  1.45000000  0.74210643
 1.90000000  1.50000000  0.70315258
 1.90000000  1.55000000  0.62281908
 1.90000000  1.60000000  0.49894167
 1.90000000  1.65000000  0.34858722
 1.90000000  1.70000000  0.22137317
 1.90000000  1.75000000  0.14211937
 1.90000000  1.80000000  0.13088794
 1.90000000  1.85000000  0.18557782
 1.90000000  1.90000000  0.29669374
 1.90000000  1.95000000  0.39804104
 1.90000000  2.00000000  0.47721910
 1.90000000  2.05000000  0.51323794
 1.90000000  2.10000000  0.47968102
 1.90000000  2.15000000  0.42564877
 1.90000000  2.20000000  0.36047758
 1.95000000 -0.25000000  0.82453038
 1.95000000 -0.20000000  0.79959112
 1.95000000 -0.15000000  0.77213116
 1.95000000 -0.10000000  0.74544596
 1.95000000 -0.05000000  0.74367556
 1.95000000  0.00000000  0.76371320
 1.95000000  0.05000000  0.79726141
 1.95000000  0.10000000  0.81590340
 1.95000000  0.15000000  0.80658007
 1.95000000  0.20000000  0.76798288
 1.95000000  0.25000000  0.72065883
 1.95000000  0.30000000  0.68229164
 1.95000000  0.35000000  0.68738779
 1.95000000  0.40000000  0.75368445
 1.95000000  0.45000000  0.88384269
 1.95000000  0.50000000  1.04157148
 1.95000000  0.55000000  1.18207813
 1.95000000  0.60000000  1.26685014
 1.95000000  0.65000000  1.26583612
 1.95000000  0.70000000  1.16784913
 1.95000000  0.75000000  0.99437645
 1.95000000  0.80000000  0.75117860
 1.95000000  0.85000000  0.48932523
 1.95000000  0.90000000  0.25513232
 1.95000000  0.95000000  0.07121199
 1.95000000  1.00000000 -0.02396512
 1.95000000  1.05000000 -0.03380870
 1.95000000  1.10000000  0.05171647
 1.95000000  1.15000000  0.19552113
 1.95000000  1.20000000  0.36559970
 1.95000000  1.25000000  0.53244120
 1.95000000  1.30000000  0.66503869
 1.95000000  1.35000000  0.76274336
 1.95000000  1.40000000  0.82452442
 1.95000000  1.45000000  0.82512759
 1.95000000  1.50000000  0.77785665
 1.95000000  1.55000000  0.66820385
 1.95000000  1.60000000  0.50396781
 1.95000000  1.65000000  0.31805398
 1.95000000  1.70000000  0.15828262
 1.95000000  1.75000000  0.06460041
 1.95000000  1.80000000  0.06580473
 1.95000000  1.85000000  0.15273766
 1.95000000  1.90000000  0.29733593
 1.95000000  1.95000000  0.44779866
 1.95000000  2.00000000  0.56781200
 1.95000000  2.05000000  0.62687136
 1.95000000  2.10000000  0.60174699
 1.95000000  2.15000000  0.52191164
 1.95000000  2.20000000  0.41782053
 2.00000000 -0.25000000  0.85991482
 2.00000000 -0.20000000  0.86218608
 2.00000000 -0.15000000  0.85575742
 2.00000000 -0.10000000  0.83745425
 2.00000000 -0.05000000  0.82948493
 2.00000000  0.00000000  0.85087910
 2.00000000  0.05000000  0.87843855
 2.00000000  0.10000000  0.90152899
 2.00000000  0.15000000  0.89016936
 2.00000000  0.20000000  0.86239006
 2.00000000  0.25000000  0.82288304
 2.00000000  0.30000000  0.79248621
 2.00000000  0.35000000  0.80096284
 2.00000000  0.40000000  0.86076473
 2.00000000  0.45000000  0.96928841
 2.00000000  0.50000000  1.09143754
 2.00000000  0.55000000  1.19647989
 2.00000000  0.60000000  1.24869987
 2.00000000  0.65000000  1.23106924
 2.00000000  0.70000000  1.13182762
 2.00000000  0.75000000  0.97049996
 2.00000000  0.80000000  0.77192907
 2.00000000  0.85000000  0.56699217
 2.00000000  0.90000000  0.38380433
 2.00000000  0.95000000  0.25080709
 2.00000000  1.00000000  0.17226495
 2.00000000  1.05000000  0.16912955
 2.00000000  1.10000000  0.23583799
 2.00000000  1.15000000  0.34023754
 2.00000000  1.20000000  0.45982110
 2.00000000  1.25000000  0.57632444
 2.00000000  1.30000000  0.69170896
 2.00000000  1.35000000  0.77099252
 2.00000000  1.40000000  0.82441919
 2.00000000  1.45000000  0.82360458
 2.00000000  1.50000000  0.75654202
 2.00000000  1.55000000  0.62265406
 2.00000000  1.60000000  0.44053553
 2.00000000  1.65000000  0.23849039
 2.00000000  1.70000000  0.06661962
 2.00000000  1.75000000 -0.02440987
 2.00000000  1.80000000  0.00592088
 2.00000000  1.85000000  0.13128805
 2.00000000  1.90000000  0.31671734
 2.00000000  1.95000000  0.51983462
 2.00000000  2.00000000  0.66359378
 2.00000000  2.05000000  0.74702994
 2.00000000  2.10000000  0.72672777
 2.00000000  2.15000000  0.63651610
 2.00000000  2.20000000  0.51030421
 2.05000000 -0.25000000  0.91222771
 2.05000000 -0.20000000  0.92896695
 2.05000000 -0.15000000  0.92059742
 2.05000000 -0.10000000  0.90797966
 2.05000000 -0.05000000  0.88943952
 2.05000000  0.00000000  0.89859395
 2.05000000  0.05000000  0.90076815
 2.05000000  0.10000000  0.91943405
 2.05000000  0.15000000  0.91517916
 2.05000000  0.20000000  0.89487808
 2.05000000  0.25000000  0.87031836
 2.05000000  0.30000000  0.86055508
 2.05000000  0.35000000  0.88427791
 2.05000000  0.40000000  0.95773384
 2.05000000  0.45000000  1.05652909
 2.05000000  0.50000000  1.15962992
 2.05000000  0.55000000  1.22068164
 2.05000000  0.60000000  1.24713180
 2.05000000  0.65000000  1.20464791
 2.05000000  0.70000000  1.09313622
 2.05000000  0.75000000  0.95224915
 2.05000000  0.80000000  0.79505650
 2.05000000  0.85000000  0.63182888
 2.05000000  0.90000000  0.49810755
 2.05000000  0.95000000  0.40467065
 2.05000000  1.00000000  0.35302556
 2.05000000  1.05000000  0.34450802
 2.05000000  1.10000000  0.38276713
 2.05000000  1.15000000  0.44227267
 2.05000000  1.20000000  0.51160315
 2.05000000  1.25000000  0.58856219
 2.05000000  1.30000000  0.64622642
 2.05000000  1.35000000  0.69949096
 2.05000000  1.40000000  0.72625624
 2.05000000  1.45000000  0.71643942
 2.05000000  1.50000000  0.64133052
 2.05000000  1.55000000  0.49862154
 2.05000000  1.60000000  0.31413885
 2.05000000  1.65000000  0.10670833
 2.05000000  1.70000000 -0.05128027
 2.05000000  1.75000000 -0.10092216
 2.05000000  1.80000000 -0.04712461
 2.05000000  1.85000000  0.12497306
 2.05000000  1.90000000  0.36173407
 2.05000000  1.95000000  0.60255449
 2.05000000  2.00000000  0.79690277
 2.05000000  2.05000000  0.88922887
 2.05000000  2.10000000  0.88457011
 2.05000000  2.15000000  0.79753421
 2.05000000  2.20000000  0.65602998
 2.10000000 -0.25000000  0.96677693
 2.10000000 -0.20000000  0.99212836
 2.10000000 -0.15000000  0.97881661
 2.10000000 -0.10000000  0.94815436
 2.10000000 -0.05000000  0.91164909
 2.10000000  0.00000000  0.88365319
 2.10000000  0.05000000  0.87043733
 2.10000000  0.10000000  0.86031571
 2.10000000  0.15000000  0.83611754
 2.10000000  0.20000000  0.82950363
 2.10000000  0.25000000  0.81850544
 2.10000000  0.30000000  0.83035904
 2.10000000  0.35000000  0.88186045
 2.10000000  0.40000000  0.96914250
 2.10000000  0.45000000  1.07230517
 2.10000000  0.50000000  1.17401104
 2.10000000  0.55000000  1.22482194
 2.10000000  0.60000000  1.22078769
 2.10000000  0.65000000  1.15953127
 2.10000000  0.70000000  1.05359222
 2.10000000  0.75000000  0.92342341
 2.10000000  0.80000000  0.79522132
 2.10000000  0.85000000  0.67631197
 2.10000000  0.90000000  0.58380672
 2.10000000  0.95000000  0.51503233
 2.10000000  1.00000000  0.48413889
 2.10000000  1.05000000  0.47666909
 2.10000000  1.10000000  0.48756228
 2.10000000  1.15000000  0.50184674
 2.10000000  1.20000000  0.51628664
 2.10000000  1.25000000  0.52990405
 2.10000000  1.30000000  0.54825826
 2.10000000  1.35000000  0.55915998
 2.10000000  1.40000000  0.56275040
 2.10000000  1.45000000  0.52495350
 2.10000000  1.50000000  0.44080896
 2.10000000  1.55000000  0.30619847
 2.10000000  1.60000000  0.12688981
 2.10000000  1.65000000 -0.04731246
 2.10000000  1.70000000 -0.16487364
 2.10000000  1.75000000 -0.17553684
 2.10000000  1.80000000 -0.07143383
 2.10000000  1.85000000  0.14758023
 2.10000000  1.90000000  0.43090426
 2.10000000  1.95000000  0.71267864
 2.10000000  2.00000000  0.93543627
 2.10000000  2.05000000  1.05945688
 2.10000000  2.10000000  1.07645486
 2.10000000  2.15000000  0.99554722
 2.10000000  2.20000000  0.84470129
 2.15000000 -0.25000000  1.01825841
 2.15000000 -0.20000000  1.03523576
 2.15000000 -0.15000000  1.01193309
 2.15000000 -0.10000000  0.95792752
 2.15000000 -0.05000000  0.89291230
 2.15000000  0.00000000  0.82339228
 2.15000000  0.05000000  0.76663666
 2.15000000  0.10000000  0.71356839
 2.15000000  0.15000000  0.67482590
 2.15000000  0.20000000  0.64855335
 2.15000000  0.25000000  0.64743938
 2.15000000  0.30000000  0.68475076
 2.15000000  0.35000000  0.76806882
 2.15000000  0.40000000  0.88007557
 2.15000000  0.45000000  1.00915632
 2.15000000  0.50000000  1.10792527
 2.15000000  0.55000000  1.15520882
 2.15000000  0.60000000  1.14841616
 2.15000000  0.65000000  1.08618695
 2.15000000  0.70000000  0.98837110
 2.15000000  0.75000000  0.87175311
 2.15000000  0.80000000  0.77336005
 2.15000000  0.85000000  0.69001227
 2.15000000  0.90000000  0.62287848
 2.15000000  0.95000000  0.58634058
 2.15000000  1.00000000  0.55825863
 2.15000000  1.05000000  0.54983541
 2.15000000  1.10000000  0.52668020
 2.15000000  1.15000000  0.49534145
 2.15000000  1.20000000  0.46736497
 2.15000000  1.25000000  0.42842738
 2.15000000  1.30000000  0.38800308
 2.15000000  1.35000000  0.35713746
 2.15000000  1.40000000  0.32876508
 2.15000000  1.45000000  0.27695392
 2.15000000  1.50000000  0.19085576
 2.15000000  1.55000000  0.06631586
 2.15000000  1.60000000 -0.06852260
 2.15000000  1.65000000 -0.19293359
 2.15000000  1.70000000 -0.25860948
 2.15000000  1.75000000 -0.22684316
 2.15000000  1.80000000 -0.07478126
 2.15000000  1.85000000  0.18369984
 2.15000000  1.90000000  0.49686106
 2.15000000  1.95000000  0.80807500
 2.15000000  2.00000000  1.06064362
 2.15000000  2.05000000  1.21392102
 2.15000000  2.10000000  1.25016028
 2.15000000  2.15000000  1.18280090
 2.15000000  2.20000000  1.03431995
 2.20000000 -0.25000000  1.05411102
 2.20000000 -0.20000000  1.07251152
 2.20000000 -0.15000000  1.03631959
 2.20000000 -0.10000000  0.95902495
 2.20000000 -0.05000000  0.85032393
 2.20000000  0.00000000  0.72797407
 2.20000000  0.05000000  0.61913922
 2.20000000  0.10000000  0.51489986
 2.20000000  0.15000000  0.43426861
 2.20000000  0.20000000  0.39778687
 2.20000000  0.25000000  0.38740205
 2.20000000  0.30000000  0.44061638
 2.20000000  0.35000000  0.54941437
 2.20000000  0.40000000  0.68896251
 2.20000000  0.45000000  0.82976809
 2.20000000  0.50000000  0.95357258
 2.20000000  0.55000000  1.01972651
 2.20000000  0.60000000  1.02873409
 2.20000000  0.65000000  0.97762362
 2.20000000  0.70000000  0.90258151
 2.20000000  0.75000000  0.82186407
 2.20000000  0.80000000  0.74969257
 2.20000000  0.85000000  0.68531423
 2.20000000  0.90000000  0.65048301
 2.20000000  0.95000000  0.62482579
 2.20000000  1.00000000  0.60289343
 2.20000000  1.05000000  0.56459867
 2.20000000  1.10000000  0.52738968
 2.20000000  1.15000000  0.46361517
 2.20000000  1.20000000  0.38126277
 2.20000000  1.25000000  0.29405867
 2.20000000  1.30000000  0.20889685
 2.20000000  1.35000000  0.13411191
 2.20000000  1.40000000  0.08036381
 2.20000000  1.45000000  0.01382801
 2.20000000  1.50000000 -0.05219291
 2.20000000  1.55000000 -0.14172994
 2.20000000  1.60000000 -0.23827536
 2.20000000  1.65000000 -0.31425343
 2.20000000  1.70000000 -0.33352806
 2.20000000  1.75000000 -0.24941451
 2.20000000  1.80000000 -0.06489896
 2.20000000  1.85000000  0.20834622
 2.20000000  1.90000000  0.54153396
 2.20000000  1.95000000  0.86819118
 2.20000000  2.00000000  1.13848628
 2.20000000  2.05000000  1.30771005
 2.20000000  2.10000000  1.36180522
 2.20000000  2.15000000  1.31054896
 2.20000000  2.20000000  1.17807508
