LP
[-0.80368230229628246, -3.3071626387816284, -5.210253790645857, -6.1627130882640433, -6.9663953905603258]
myqEI
[-3.9311135779737727, -8.2548746652055023, -8.7992531678109636, -3.7405469919121668, 3.6267929592164645]
PE
[2.0170521853823313, 6.4661369941302418, 11.510519365247131, 16.79872343571197, 21.504285532030938]
BUCB
[2.0170521853823313, 6.4661369941302418, 11.510519365247131, 16.79872343571197, 21.495590253145863]
MLE H=4
[-3.9311135779737727, -7.1239518294244624, -5.106899644042131, -0.082911211355637171, 4.6139556060782558]
H=1
[2.0170521853823313, 7.0410406180688252, 11.737907435502718, 16.761895868189214, 21.458762685623107]
H=2
[-2.7546099339838794, -4.0008816401575, -3.749752050575343, -3.3517804184537132, -3.1006508288715562]
H=3
[2.0170521853823313, 7.0410406180688252, 11.631744952666899, 16.485342303474884, 21.790091631129041]
