Physical State
[[ 0.6   0.95]
 [ 0.6   0.9 ]
 [ 0.6   0.85]
 [ 0.6   0.8 ]]
Locations
[[ 1.    1.  ]
 [ 1.    0.95]
 [ 1.    0.9 ]
 [ 1.    0.85]
 [ 1.    0.8 ]
 [ 0.95  0.8 ]
 [ 0.9   0.8 ]
 [ 0.85  0.8 ]
 [ 0.8   0.8 ]
 [ 0.8   0.85]
 [ 0.8   0.9 ]
 [ 0.8   0.95]
 [ 0.8   1.  ]
 [ 0.75  1.  ]
 [ 0.7   1.  ]
 [ 0.65  1.  ]
 [ 0.6   1.  ]
 [ 0.6   0.95]
 [ 0.6   0.9 ]
 [ 0.6   0.85]
 [ 0.6   0.8 ]]
Measurements
[-0.57287335 -0.65683592 -0.65240963 -0.56622431 -0.40290631 -0.41032104
 -0.40967616 -0.41506869 -0.43649219 -0.8536546  -1.224389   -1.53423114
 -1.77496243 -2.06332538 -2.28201947 -2.39942104 -2.42722809 -2.14807504
 -1.79560946 -1.39223623 -0.94573724]
Total accumulated reward = -24.7908233654
Nodes expanded = 4