Physical State
[[ 0.85  1.2 ]
 [ 0.9   1.2 ]
 [ 0.95  1.2 ]
 [ 1.    1.2 ]]
Locations
[[ 1.    1.  ]
 [ 0.95  1.  ]
 [ 0.9   1.  ]
 [ 0.85  1.  ]
 [ 0.8   1.  ]
 [ 0.8   1.05]
 [ 0.8   1.1 ]
 [ 0.8   1.15]
 [ 0.8   1.2 ]
 [ 0.75  1.2 ]
 [ 0.7   1.2 ]
 [ 0.65  1.2 ]
 [ 0.6   1.2 ]
 [ 0.65  1.2 ]
 [ 0.7   1.2 ]
 [ 0.75  1.2 ]
 [ 0.8   1.2 ]
 [ 0.85  1.2 ]
 [ 0.9   1.2 ]
 [ 0.95  1.2 ]
 [ 1.    1.2 ]]
Measurements
[-0.24804094 -0.01953251  0.22526531  0.47649905  0.71204733  0.94711857
  1.14972476  1.31906212  1.44031443  1.22473673  0.98016665  0.71781795
  0.44277401  0.71781795  0.98016665  1.22473673  1.44031443  1.60205564
  1.69758354  1.69793126  1.58545926]
Total accumulated reward = 20.5620598405
Nodes expanded = 4