-0.25000000 -0.25000000  0.56604147
-0.25000000 -0.20000000  0.65728755
-0.25000000 -0.15000000  0.74008186
-0.25000000 -0.10000000  0.81281582
-0.25000000 -0.05000000  0.85846106
-0.25000000  0.00000000  0.87908171
-0.25000000  0.05000000  0.88281383
-0.25000000  0.10000000  0.87959038
-0.25000000  0.15000000  0.88835524
-0.25000000  0.20000000  0.89673854
-0.25000000  0.25000000  0.89214471
-0.25000000  0.30000000  0.83091031
-0.25000000  0.35000000  0.71373097
-0.25000000  0.40000000  0.51222033
-0.25000000  0.45000000  0.23006542
-0.25000000  0.50000000 -0.10359279
-0.25000000  0.55000000 -0.44716829
-0.25000000  0.60000000 -0.75091107
-0.25000000  0.65000000 -0.96665237
-0.25000000  0.70000000 -1.06743152
-0.25000000  0.75000000 -1.02590729
-0.25000000  0.80000000 -0.85389186
-0.25000000  0.85000000 -0.56667650
-0.25000000  0.90000000 -0.23003839
-0.25000000  0.95000000  0.13150662
-0.25000000  1.00000000  0.46300564
-0.25000000  1.05000000  0.71541465
-0.25000000  1.10000000  0.88651012
-0.25000000  1.15000000  0.96138024
-0.25000000  1.20000000  0.95608482
-0.25000000  1.25000000  0.87744947
-0.25000000  1.30000000  0.71337486
-0.25000000  1.35000000  0.46160553
-0.25000000  1.40000000  0.10767551
-0.25000000  1.45000000 -0.35195308
-0.25000000  1.50000000 -0.88990426
-0.25000000  1.55000000 -1.44928254
-0.25000000  1.60000000 -1.99761200
-0.25000000  1.65000000 -2.44749554
-0.25000000  1.70000000 -2.77621493
-0.25000000  1.75000000 -2.94118300
-0.25000000  1.80000000 -2.96508022
-0.25000000  1.85000000 -2.85073461
-0.25000000  1.90000000 -2.61783001
-0.25000000  1.95000000 -2.29150912
-0.25000000  2.00000000 -1.89025189
-0.25000000  2.05000000 -1.45427071
-0.25000000  2.10000000 -1.03782226
-0.25000000  2.15000000 -0.69850850
-0.25000000  2.20000000 -0.49733405
-0.20000000 -0.25000000  0.60577260
-0.20000000 -0.20000000  0.69358362
-0.20000000 -0.15000000  0.77647539
-0.20000000 -0.10000000  0.84344327
-0.20000000 -0.05000000  0.87167861
-0.20000000  0.00000000  0.86440847
-0.20000000  0.05000000  0.83843295
-0.20000000  0.10000000  0.81331174
-0.20000000  0.15000000  0.80546132
-0.20000000  0.20000000  0.79431334
-0.20000000  0.25000000  0.77617493
-0.20000000  0.30000000  0.72627798
-0.20000000  0.35000000  0.62135866
-0.20000000  0.40000000  0.43090804
-0.20000000  0.45000000  0.17151609
-0.20000000  0.50000000 -0.13417685
-0.20000000  0.55000000 -0.45330171
-0.20000000  0.60000000 -0.72930342
-0.20000000  0.65000000 -0.92629374
-0.20000000  0.70000000 -0.98611363
-0.20000000  0.75000000 -0.91941066
-0.20000000  0.80000000 -0.71239588
-0.20000000  0.85000000 -0.38825635
-0.20000000  0.90000000 -0.00970745
-0.20000000  0.95000000  0.36420358
-0.20000000  1.00000000  0.68118243
-0.20000000  1.05000000  0.91505336
-0.20000000  1.10000000  1.03438327
-0.20000000  1.15000000  1.06057857
-0.20000000  1.20000000  0.99844127
-0.20000000  1.25000000  0.88170446
-0.20000000  1.30000000  0.70452889
-0.20000000  1.35000000  0.45027023
-0.20000000  1.40000000  0.10770509
-0.20000000  1.45000000 -0.31666461
-0.20000000  1.50000000 -0.81065817
-0.20000000  1.55000000 -1.35470739
-0.20000000  1.60000000 -1.88637921
-0.20000000  1.65000000 -2.33474960
-0.20000000  1.70000000 -2.68310537
-0.20000000  1.75000000 -2.87870950
-0.20000000  1.80000000 -2.93124709
-0.20000000  1.85000000 -2.85147043
-0.20000000  1.90000000 -2.65545662
-0.20000000  1.95000000 -2.35827345
-0.20000000  2.00000000 -1.98462655
-0.20000000  2.05000000 -1.57522936
-0.20000000  2.10000000 -1.16857404
-0.20000000  2.15000000 -0.84113430
-0.20000000  2.20000000 -0.64737791
-0.15000000 -0.25000000  0.59495046
-0.15000000 -0.20000000  0.67378840
-0.15000000 -0.15000000  0.74280081
-0.15000000 -0.10000000  0.78360180
-0.15000000 -0.05000000  0.78696520
-0.15000000  0.00000000  0.74833230
-0.15000000  0.05000000  0.69035071
-0.15000000  0.10000000  0.64261046
-0.15000000  0.15000000  0.60963193
-0.15000000  0.20000000  0.59958718
-0.15000000  0.25000000  0.58205848
-0.15000000  0.30000000  0.54504945
-0.15000000  0.35000000  0.45496562
-0.15000000  0.40000000  0.31551122
-0.15000000  0.45000000  0.10453815
-0.15000000  0.50000000 -0.14579139
-0.15000000  0.55000000 -0.39159844
-0.15000000  0.60000000 -0.59911067
-0.15000000  0.65000000 -0.73660009
-0.15000000  0.70000000 -0.74659795
-0.15000000  0.75000000 -0.62147416
-0.15000000  0.80000000 -0.36355253
-0.15000000  0.85000000 -0.01792071
-0.15000000  0.90000000  0.38563746
-0.15000000  0.95000000  0.75533885
-0.15000000  1.00000000  1.04293967
-0.15000000  1.05000000  1.21896441
-0.15000000  1.10000000  1.27993281
-0.15000000  1.15000000  1.22422878
-0.15000000  1.20000000  1.08999736
-0.15000000  1.25000000  0.90249864
-0.15000000  1.30000000  0.69012724
-0.15000000  1.35000000  0.43236073
-0.15000000  1.40000000  0.11862355
-0.15000000  1.45000000 -0.26111250
-0.15000000  1.50000000 -0.72152326
-0.15000000  1.55000000 -1.21949309
-0.15000000  1.60000000 -1.71126140
-0.15000000  1.65000000 -2.15091164
-0.15000000  1.70000000 -2.48689174
-0.15000000  1.75000000 -2.71089898
-0.15000000  1.80000000 -2.80135974
-0.15000000  1.85000000 -2.76880857
-0.15000000  1.90000000 -2.61628233
-0.15000000  1.95000000 -2.35970375
-0.15000000  2.00000000 -2.02739747
-0.15000000  2.05000000 -1.64667530
-0.15000000  2.10000000 -1.26496604
-0.15000000  2.15000000 -0.94083797
-0.15000000  2.20000000 -0.74565757
-0.10000000 -0.25000000  0.53153619
-0.10000000 -0.20000000  0.58934939
-0.10000000 -0.15000000  0.63415736
-0.10000000 -0.10000000  0.65569850
-0.10000000 -0.05000000  0.62154794
-0.10000000  0.00000000  0.54421123
-0.10000000  0.05000000  0.45782176
-0.10000000  0.10000000  0.38259075
-0.10000000  0.15000000  0.33609809
-0.10000000  0.20000000  0.31067032
-0.10000000  0.25000000  0.31106690
-0.10000000  0.30000000  0.29593584
-0.10000000  0.35000000  0.25008800
-0.10000000  0.40000000  0.15855625
-0.10000000  0.45000000  0.02155690
-0.10000000  0.50000000 -0.13371014
-0.10000000  0.55000000 -0.29349774
-0.10000000  0.60000000 -0.40814315
-0.10000000  0.65000000 -0.45185026
-0.10000000  0.70000000 -0.38837383
-0.10000000  0.75000000 -0.20490937
-0.10000000  0.80000000  0.09841072
-0.10000000  0.85000000  0.47517021
-0.10000000  0.90000000  0.88461122
-0.10000000  0.95000000  1.24749491
-0.10000000  1.00000000  1.50546775
-0.10000000  1.05000000  1.61707423
-0.10000000  1.10000000  1.57561942
-0.10000000  1.15000000  1.41980079
-0.10000000  1.20000000  1.19707605
-0.10000000  1.25000000  0.93884008
-0.10000000  1.30000000  0.69516433
-0.10000000  1.35000000  0.43472386
-0.10000000  1.40000000  0.14374302
-0.10000000  1.45000000 -0.19397521
-0.10000000  1.50000000 -0.57970926
-0.10000000  1.55000000 -1.02160878
-0.10000000  1.60000000 -1.46880035
-0.10000000  1.65000000 -1.88104361
-0.10000000  1.70000000 -2.22319220
-0.10000000  1.75000000 -2.45763781
-0.10000000  1.80000000 -2.57935305
-0.10000000  1.85000000 -2.58917709
-0.10000000  1.90000000 -2.50208517
-0.10000000  1.95000000 -2.29432992
-0.10000000  2.00000000 -2.01298357
-0.10000000  2.05000000 -1.65374863
-0.10000000  2.10000000 -1.29541695
-0.10000000  2.15000000 -0.97028075
-0.10000000  2.20000000 -0.74852291
-0.05000000 -0.25000000  0.43334601
-0.05000000 -0.20000000  0.46863371
-0.05000000 -0.15000000  0.48674461
-0.05000000 -0.10000000  0.47416238
-0.05000000 -0.05000000  0.40991164
-0.05000000  0.00000000  0.29753909
-0.05000000  0.05000000  0.16978163
-0.05000000  0.10000000  0.06307263
-0.05000000  0.15000000  0.00628457
-0.05000000  0.20000000 -0.01191663
-0.05000000  0.25000000  0.00414195
-0.05000000  0.30000000  0.02513177
-0.05000000  0.35000000  0.01719222
-0.05000000  0.40000000 -0.01012119
-0.05000000  0.45000000 -0.05713454
-0.05000000  0.50000000 -0.12554247
-0.05000000  0.55000000 -0.17859704
-0.05000000  0.60000000 -0.19047176
-0.05000000  0.65000000 -0.13577345
-0.05000000  0.70000000  0.00512456
-0.05000000  0.75000000  0.25488187
-0.05000000  0.80000000  0.59846450
-0.05000000  0.85000000  1.00783017
-0.05000000  0.90000000  1.41314162
-0.05000000  0.95000000  1.75905322
-0.05000000  1.00000000  1.97092226
-0.05000000  1.05000000  2.01034881
-0.05000000  1.10000000  1.88329890
-0.05000000  1.15000000  1.63341229
-0.05000000  1.20000000  1.32169875
-0.05000000  1.25000000  0.99405902
-0.05000000  1.30000000  0.70859740
-0.05000000  1.35000000  0.44845925
-0.05000000  1.40000000  0.19277611
-0.05000000  1.45000000 -0.09723919
-0.05000000  1.50000000 -0.42489642
-0.05000000  1.55000000 -0.79651369
-0.05000000  1.60000000 -1.19041797
-0.05000000  1.65000000 -1.56575689
-0.05000000  1.70000000 -1.88537874
-0.05000000  1.75000000 -2.14316112
-0.05000000  1.80000000 -2.30207348
-0.05000000  1.85000000 -2.36626873
-0.05000000  1.90000000 -2.32647189
-0.05000000  1.95000000 -2.18500964
-0.05000000  2.00000000 -1.94030379
-0.05000000  2.05000000 -1.61616553
-0.05000000  2.10000000 -1.25446037
-0.05000000  2.15000000 -0.91631350
-0.05000000  2.20000000 -0.65497391
 0.00000000 -0.25000000  0.34208621
 0.00000000 -0.20000000  0.34238443
 0.00000000 -0.15000000  0.33753646
 0.00000000 -0.10000000  0.28471195
 0.00000000 -0.05000000  0.18059288
 0.00000000  0.00000000  0.03479227
 0.00000000  0.05000000 -0.12576516
 0.00000000  0.10000000 -0.25288191
 0.00000000  0.15000000 -0.31926608
 0.00000000  0.20000000 -0.33226092
 0.00000000  0.25000000 -0.30279756
 0.00000000  0.30000000 -0.24243427
 0.00000000  0.35000000 -0.19317577
 0.00000000  0.40000000 -0.16285280
 0.00000000  0.45000000 -0.14616023
 0.00000000  0.50000000 -0.11350791
 0.00000000  0.55000000 -0.06958682
 0.00000000  0.60000000  0.01367188
 0.00000000  0.65000000  0.14950148
 0.00000000  0.70000000  0.35640642
 0.00000000  0.75000000  0.66153668
 0.00000000  0.80000000  1.03436788
 0.00000000  0.85000000  1.44962469
 0.00000000  0.90000000  1.86108730
 0.00000000  0.95000000  2.17373681
 0.00000000  1.00000000  2.33963809
 0.00000000  1.05000000  2.31717323
 0.00000000  1.10000000  2.12131256
 0.00000000  1.15000000  1.79286144
 0.00000000  1.20000000  1.40443628
 0.00000000  1.25000000  1.03541276
 0.00000000  1.30000000  0.72741841
 0.00000000  1.35000000  0.46949753
 0.00000000  1.40000000  0.24216284
 0.00000000  1.45000000  0.00791077
 0.00000000  1.50000000 -0.25475043
 0.00000000  1.55000000 -0.56073248
 0.00000000  1.60000000 -0.90041755
 0.00000000  1.65000000 -1.24249603
 0.00000000  1.70000000 -1.55425847
 0.00000000  1.75000000 -1.82145592
 0.00000000  1.80000000 -2.01413724
 0.00000000  1.85000000 -2.13090884
 0.00000000  1.90000000 -2.14366502
 0.00000000  1.95000000 -2.05017443
 0.00000000  2.00000000 -1.83802409
 0.00000000  2.05000000 -1.53271545
 0.00000000  2.10000000 -1.16430255
 0.00000000  2.15000000 -0.79375992
 0.00000000  2.20000000 -0.48118331
 0.05000000 -0.25000000  0.28096358
 0.05000000 -0.20000000  0.24086045
 0.05000000 -0.15000000  0.20071700
 0.05000000 -0.10000000  0.12519933
 0.05000000 -0.05000000 -0.02624218
 0.05000000  0.00000000 -0.20417752
 0.05000000  0.05000000 -0.38115310
 0.05000000  0.10000000 -0.52729325
 0.05000000  0.15000000 -0.60187451
 0.05000000  0.20000000 -0.60737249
 0.05000000  0.25000000 -0.54455854
 0.05000000  0.30000000 -0.46442768
 0.05000000  0.35000000 -0.36969515
 0.05000000  0.40000000 -0.28236142
 0.05000000  0.45000000 -0.19793698
 0.05000000  0.50000000 -0.10301958
 0.05000000  0.55000000  0.01120749
 0.05000000  0.60000000  0.16469896
 0.05000000  0.65000000  0.35227988
 0.05000000  0.70000000  0.61560675
 0.05000000  0.75000000  0.94474659
 0.05000000  0.80000000  1.33171563
 0.05000000  0.85000000  1.74607162
 0.05000000  0.90000000  2.12877965
 0.05000000  0.95000000  2.42627416
 0.05000000  1.00000000  2.54390747
 0.05000000  1.05000000  2.48006919
 0.05000000  1.10000000  2.22786760
 0.05000000  1.15000000  1.85270855
 0.05000000  1.20000000  1.42435059
 0.05000000  1.25000000  1.01938727
 0.05000000  1.30000000  0.70217277
 0.05000000  1.35000000  0.45699058
 0.05000000  1.40000000  0.25507828
 0.05000000  1.45000000  0.08540654
 0.05000000  1.50000000 -0.11802097
 0.05000000  1.55000000 -0.36624816
 0.05000000  1.60000000 -0.64652037
 0.05000000  1.65000000 -0.94768449
 0.05000000  1.70000000 -1.24649302
 0.05000000  1.75000000 -1.53340209
 0.05000000  1.80000000 -1.75822237
 0.05000000  1.85000000 -1.91796048
 0.05000000  1.90000000 -1.98256800
 0.05000000  1.95000000 -1.92551611
 0.05000000  2.00000000 -1.74123440
 0.05000000  2.05000000 -1.43190969
 0.05000000  2.10000000 -1.03497515
 0.05000000  2.15000000 -0.61847135
 0.05000000  2.20000000 -0.24248767
 0.10000000 -0.25000000  0.24811421
 0.10000000 -0.20000000  0.17800647
 0.10000000 -0.15000000  0.10541735
 0.10000000 -0.10000000 -0.01245177
 0.10000000 -0.05000000 -0.18259709
 0.10000000  0.00000000 -0.39294109
 0.10000000  0.05000000 -0.59322675
 0.10000000  0.10000000 -0.73416588
 0.10000000  0.15000000 -0.80071810
 0.10000000  0.20000000 -0.79059598
 0.10000000  0.25000000 -0.71528301
 0.10000000  0.30000000 -0.59516183
 0.10000000  0.35000000 -0.47264446
 0.10000000  0.40000000 -0.34434150
 0.10000000  0.45000000 -0.21881573
 0.10000000  0.50000000 -0.08048441
 0.10000000  0.55000000  0.06917468
 0.10000000  0.60000000  0.25783934
 0.10000000  0.65000000  0.47293035
 0.10000000  0.70000000  0.74266492
 0.10000000  0.75000000  1.06307838
 0.10000000  0.80000000  1.44404510
 0.10000000  0.85000000  1.83805774
 0.10000000  0.90000000  2.18982389
 0.10000000  0.95000000  2.44743753
 0.10000000  1.00000000  2.53760998
 0.10000000  1.05000000  2.43180490
 0.10000000  1.10000000  2.15657700
 0.10000000  1.15000000  1.76222287
 0.10000000  1.20000000  1.32149535
 0.10000000  1.25000000  0.92518205
 0.10000000  1.30000000  0.61439389
 0.10000000  1.35000000  0.39104804
 0.10000000  1.40000000  0.23426793
 0.10000000  1.45000000  0.10496179
 0.10000000  1.50000000 -0.04766486
 0.10000000  1.55000000 -0.23665621
 0.10000000  1.60000000 -0.45960859
 0.10000000  1.65000000 -0.73268097
 0.10000000  1.70000000 -1.01645492
 0.10000000  1.75000000 -1.31469572
 0.10000000  1.80000000 -1.56888568
 0.10000000  1.85000000 -1.77214275
 0.10000000  1.90000000 -1.86992722
 0.10000000  1.95000000 -1.83421496
 0.10000000  2.00000000 -1.65169399
 0.10000000  2.05000000 -1.33882941
 0.10000000  2.10000000 -0.92052978
 0.10000000  2.15000000 -0.45555052
 0.10000000  2.20000000 -0.01963550
 0.15000000 -0.25000000  0.22644254
 0.15000000 -0.20000000  0.12579381
 0.15000000 -0.15000000  0.02019356
 0.15000000 -0.10000000 -0.12538405
 0.15000000 -0.05000000 -0.30472010
 0.15000000  0.00000000 -0.51804526
 0.15000000  0.05000000 -0.72016532
 0.15000000  0.10000000 -0.86422547
 0.15000000  0.15000000 -0.92260409
 0.15000000  0.20000000 -0.89095191
 0.15000000  0.25000000 -0.78319740
 0.15000000  0.30000000 -0.64770079
 0.15000000  0.35000000 -0.48518730
 0.15000000  0.40000000 -0.33737358
 0.15000000  0.45000000 -0.18685640
 0.15000000  0.50000000 -0.03681641
 0.15000000  0.55000000  0.11922309
 0.15000000  0.60000000  0.30110329
 0.15000000  0.65000000  0.50369389
 0.15000000  0.70000000  0.74674829
 0.15000000  0.75000000  1.03145870
 0.15000000  0.80000000  1.36707287
 0.15000000  0.85000000  1.71186564
 0.15000000  0.90000000  2.02608728
 0.15000000  0.95000000  2.23764853
 0.15000000  1.00000000  2.29963748
 0.15000000  1.05000000  2.17811727
 0.15000000  1.10000000  1.90597388
 0.15000000  1.15000000  1.51235681
 0.15000000  1.20000000  1.10021975
 0.15000000  1.25000000  0.71905696
 0.15000000  1.30000000  0.43525316
 0.15000000  1.35000000  0.23895649
 0.15000000  1.40000000  0.12224797
 0.15000000  1.45000000  0.03750811
 0.15000000  1.50000000 -0.05302636
 0.15000000  1.55000000 -0.18343325
 0.15000000  1.60000000 -0.37187322
 0.15000000  1.65000000 -0.60751908
 0.15000000  1.70000000 -0.88424250
 0.15000000  1.75000000 -1.17751543
 0.15000000  1.80000000 -1.46164961
 0.15000000  1.85000000 -1.67789335
 0.15000000  1.90000000 -1.79919820
 0.15000000  1.95000000 -1.78865368
 0.15000000  2.00000000 -1.60753792
 0.15000000  2.05000000 -1.27418969
 0.15000000  2.10000000 -0.82638925
 0.15000000  2.15000000 -0.33358584
 0.15000000  2.20000000  0.15287236
 0.20000000 -0.25000000  0.19350534
 0.20000000 -0.20000000  0.06752629
 0.20000000 -0.15000000 -0.06006111
 0.20000000 -0.10000000 -0.21599530
 0.20000000 -0.05000000 -0.41048582
 0.20000000  0.00000000 -0.60992118
 0.20000000  0.05000000 -0.79982710
 0.20000000  0.10000000 -0.93134217
 0.20000000  0.15000000 -0.96772428
 0.20000000  0.20000000 -0.90956724
 0.20000000  0.25000000 -0.78456738
 0.20000000  0.30000000 -0.61235403
 0.20000000  0.35000000 -0.44132452
 0.20000000  0.40000000 -0.26572953
 0.20000000  0.45000000 -0.12231921
 0.20000000  0.50000000  0.02685565
 0.20000000  0.55000000  0.16496490
 0.20000000  0.60000000  0.31027178
 0.20000000  0.65000000  0.46470923
 0.20000000  0.70000000  0.64057400
 0.20000000  0.75000000  0.87020989
 0.20000000  0.80000000  1.13453703
 0.20000000  0.85000000  1.40600651
 0.20000000  0.90000000  1.66436649
 0.20000000  0.95000000  1.82711409
 0.20000000  1.00000000  1.86730324
 0.20000000  1.05000000  1.75399277
 0.20000000  1.10000000  1.49028299
 0.20000000  1.15000000  1.12883227
 0.20000000  1.20000000  0.75072342
 0.20000000  1.25000000  0.41647572
 0.20000000  1.30000000  0.16424540
 0.20000000  1.35000000  0.00669785
 0.20000000  1.40000000 -0.06381353
 0.20000000  1.45000000 -0.10078167
 0.20000000  1.50000000 -0.13312470
 0.20000000  1.55000000 -0.21421190
 0.20000000  1.60000000 -0.34685481
 0.20000000  1.65000000 -0.54527447
 0.20000000  1.70000000 -0.80786089
 0.20000000  1.75000000 -1.11032149
 0.20000000  1.80000000 -1.40340585
 0.20000000  1.85000000 -1.63517695
 0.20000000  1.90000000 -1.77259453
 0.20000000  1.95000000 -1.76073934
 0.20000000  2.00000000 -1.57740581
 0.20000000  2.05000000 -1.24390693
 0.20000000  2.10000000 -0.79210898
 0.20000000  2.15000000 -0.27931817
 0.20000000  2.20000000  0.23705396
 0.25000000 -0.25000000  0.12447387
 0.25000000 -0.20000000 -0.01623536
 0.25000000 -0.15000000 -0.15374073
 0.25000000 -0.10000000 -0.32298124
 0.25000000 -0.05000000 -0.49932077
 0.25000000  0.00000000 -0.68963755
 0.25000000  0.05000000 -0.85386839
 0.25000000  0.10000000 -0.95893475
 0.25000000  0.15000000 -0.96665075
 0.25000000  0.20000000 -0.88588750
 0.25000000  0.25000000 -0.73659960
 0.25000000  0.30000000 -0.54550217
 0.25000000  0.35000000 -0.35025947
 0.25000000  0.40000000 -0.17627753
 0.25000000  0.45000000 -0.02370377
 0.25000000  0.50000000  0.09473804
 0.25000000  0.55000000  0.19464000
 0.25000000  0.60000000  0.28091716
 0.25000000  0.65000000  0.35536090
 0.25000000  0.70000000  0.46449461
 0.25000000  0.75000000  0.61115168
 0.25000000  0.80000000  0.78601065
 0.25000000  0.85000000  0.98174852
 0.25000000  0.90000000  1.16757526
 0.25000000  0.95000000  1.29124517
 0.25000000  1.00000000  1.31055830
 0.25000000  1.05000000  1.19869310
 0.25000000  1.10000000  0.96431921
 0.25000000  1.15000000  0.66156804
 0.25000000  1.20000000  0.32749584
 0.25000000  1.25000000  0.04358916
 0.25000000  1.30000000 -0.16288410
 0.25000000  1.35000000 -0.26584555
 0.25000000  1.40000000 -0.29131776
 0.25000000  1.45000000 -0.27366677
 0.25000000  1.50000000 -0.25494566
 0.25000000  1.55000000 -0.27262885
 0.25000000  1.60000000 -0.35730209
 0.25000000  1.65000000 -0.52670339
 0.25000000  1.70000000 -0.76914181
 0.25000000  1.75000000 -1.06444462
 0.25000000  1.80000000 -1.36361212
 0.25000000  1.85000000 -1.60870636
 0.25000000  1.90000000 -1.75006433
 0.25000000  1.95000000 -1.74579009
 0.25000000  2.00000000 -1.57797251
 0.25000000  2.05000000 -1.25660317
 0.25000000  2.10000000 -0.81024974
 0.25000000  2.15000000 -0.31541986
 0.25000000  2.20000000  0.17944125
 0.30000000 -0.25000000  0.01053859
 0.30000000 -0.20000000 -0.15156562
 0.30000000 -0.15000000 -0.29689308
 0.30000000 -0.10000000 -0.45207138
 0.30000000 -0.05000000 -0.61616313
 0.30000000  0.00000000 -0.78156714
 0.30000000  0.05000000 -0.91929743
 0.30000000  0.10000000 -0.98952511
 0.30000000  0.15000000 -0.97329604
 0.30000000  0.20000000 -0.87233437
 0.30000000  0.25000000 -0.69044356
 0.30000000  0.30000000 -0.48053196
 0.30000000  0.35000000 -0.27152453
 0.30000000  0.40000000 -0.09179742
 0.30000000  0.45000000  0.04611149
 0.30000000  0.50000000  0.14532491
 0.30000000  0.55000000  0.19423084
 0.30000000  0.60000000  0.21279050
 0.30000000  0.65000000  0.21842345
 0.30000000  0.70000000  0.24636383
 0.30000000  0.75000000  0.28537903
 0.30000000  0.80000000  0.37734992
 0.30000000  0.85000000  0.49357915
 0.30000000  0.90000000  0.61685969
 0.30000000  0.95000000  0.69829559
 0.30000000  1.00000000  0.71028760
 0.30000000  1.05000000  0.60983658
 0.30000000  1.10000000  0.42201168
 0.30000000  1.15000000  0.16308678
 0.30000000  1.20000000 -0.10667049
 0.30000000  1.25000000 -0.34162474
 0.30000000  1.30000000 -0.50084188
 0.30000000  1.35000000 -0.56017312
 0.30000000  1.40000000 -0.53572899
 0.30000000  1.45000000 -0.46029411
 0.30000000  1.50000000 -0.38155290
 0.30000000  1.55000000 -0.33764337
 0.30000000  1.60000000 -0.37160166
 0.30000000  1.65000000 -0.50198826
 0.30000000  1.70000000 -0.72553932
 0.30000000  1.75000000 -1.01368512
 0.30000000  1.80000000 -1.30745977
 0.30000000  1.85000000 -1.56176840
 0.30000000  1.90000000 -1.71612264
 0.30000000  1.95000000 -1.72261173
 0.30000000  2.00000000 -1.56558313
 0.30000000  2.05000000 -1.28088330
 0.30000000  2.10000000 -0.88665346
 0.30000000  2.15000000 -0.42931149
 0.30000000  2.20000000  0.03036015
 0.35000000 -0.25000000 -0.14701953
 0.35000000 -0.20000000 -0.32005714
 0.35000000 -0.15000000 -0.46711812
 0.35000000 -0.10000000 -0.62007495
 0.35000000 -0.05000000 -0.77259254
 0.35000000  0.00000000 -0.90724428
 0.35000000  0.05000000 -1.01950602
 0.35000000  0.10000000 -1.07046880
 0.35000000  0.15000000 -1.02922024
 0.35000000  0.20000000 -0.89573543
 0.35000000  0.25000000 -0.69558379
 0.35000000  0.30000000 -0.47168039
 0.35000000  0.35000000 -0.25279469
 0.35000000  0.40000000 -0.07133093
 0.35000000  0.45000000  0.05643953
 0.35000000  0.50000000  0.12708186
 0.35000000  0.55000000  0.12641839
 0.35000000  0.60000000  0.08784286
 0.35000000  0.65000000  0.02448477
 0.35000000  0.70000000 -0.02794733
 0.35000000  0.75000000 -0.06030548
 0.35000000  0.80000000 -0.04215313
 0.35000000  0.85000000  0.01385088
 0.35000000  0.90000000  0.08042469
 0.35000000  0.95000000  0.14410370
 0.35000000  1.00000000  0.14744623
 0.35000000  1.05000000  0.07801215
 0.35000000  1.10000000 -0.07026701
 0.35000000  1.15000000 -0.28996496
 0.35000000  1.20000000 -0.50745400
 0.35000000  1.25000000 -0.69706072
 0.35000000  1.30000000 -0.79421548
 0.35000000  1.35000000 -0.81435768
 0.35000000  1.40000000 -0.73882648
 0.35000000  1.45000000 -0.61098730
 0.35000000  1.50000000 -0.46968521
 0.35000000  1.55000000 -0.36915603
 0.35000000  1.60000000 -0.35864456
 0.35000000  1.65000000 -0.45390817
 0.35000000  1.70000000 -0.66111356
 0.35000000  1.75000000 -0.93793687
 0.35000000  1.80000000 -1.23357682
 0.35000000  1.85000000 -1.48499747
 0.35000000  1.90000000 -1.64006885
 0.35000000  1.95000000 -1.66335200
 0.35000000  2.00000000 -1.53386052
 0.35000000  2.05000000 -1.28933102
 0.35000000  2.10000000 -0.96567275
 0.35000000  2.15000000 -0.59123609
 0.35000000  2.20000000 -0.21108128
 0.40000000 -0.25000000 -0.33012560
 0.40000000 -0.20000000 -0.50934740
 0.40000000 -0.15000000 -0.66469066
 0.40000000 -0.10000000 -0.80856057
 0.40000000 -0.05000000 -0.94780033
 0.40000000  0.00000000 -1.07657286
 0.40000000  0.05000000 -1.17088382
 0.40000000  0.10000000 -1.20177443
 0.40000000  0.15000000 -1.14503137
 0.40000000  0.20000000 -0.99589439
 0.40000000  0.25000000 -0.78343900
 0.40000000  0.30000000 -0.53742160
 0.40000000  0.35000000 -0.30765767
 0.40000000  0.40000000 -0.12245379
 0.40000000  0.45000000 -0.01802075
 0.40000000  0.50000000  0.02611360
 0.40000000  0.55000000 -0.01104142
 0.40000000  0.60000000 -0.10423564
 0.40000000  0.65000000 -0.22357966
 0.40000000  0.70000000 -0.33520494
 0.40000000  0.75000000 -0.41529404
 0.40000000  0.80000000 -0.45027271
 0.40000000  0.85000000 -0.43118828
 0.40000000  0.90000000 -0.37704506
 0.40000000  0.95000000 -0.32733218
 0.40000000  1.00000000 -0.31152613
 0.40000000  1.05000000 -0.33707342
 0.40000000  1.10000000 -0.46562272
 0.40000000  1.15000000 -0.63433395
 0.40000000  1.20000000 -0.80574913
 0.40000000  1.25000000 -0.94795550
 0.40000000  1.30000000 -1.02581724
 0.40000000  1.35000000 -0.99746198
 0.40000000  1.40000000 -0.87623685
 0.40000000  1.45000000 -0.70073638
 0.40000000  1.50000000 -0.50518764
 0.40000000  1.55000000 -0.35681101
 0.40000000  1.60000000 -0.30736834
 0.40000000  1.65000000 -0.36945037
 0.40000000  1.70000000 -0.56260074
 0.40000000  1.75000000 -0.82590855
 0.40000000  1.80000000 -1.11752778
 0.40000000  1.85000000 -1.36772537
 0.40000000  1.90000000 -1.52835652
 0.40000000  1.95000000 -1.55539174
 0.40000000  2.00000000 -1.45773540
 0.40000000  2.05000000 -1.26827455
 0.40000000  2.10000000 -1.02116836
 0.40000000  2.15000000 -0.74768699
 0.40000000  2.20000000 -0.44799815
 0.45000000 -0.25000000 -0.50856176
 0.45000000 -0.20000000 -0.70078992
 0.45000000 -0.15000000 -0.86188448
 0.45000000 -0.10000000 -1.00142210
 0.45000000 -0.05000000 -1.13849250
 0.45000000  0.00000000 -1.26597559
 0.45000000  0.05000000 -1.35791048
 0.45000000  0.10000000 -1.37595315
 0.45000000  0.15000000 -1.30419130
 0.45000000  0.20000000 -1.14158382
 0.45000000  0.25000000 -0.92160205
 0.45000000  0.30000000 -0.67701304
 0.45000000  0.35000000 -0.43937961
 0.45000000  0.40000000 -0.26162864
 0.45000000  0.45000000 -0.17548311
 0.45000000  0.50000000 -0.17081579
 0.45000000  0.55000000 -0.23556394
 0.45000000  0.60000000 -0.35783935
 0.45000000  0.65000000 -0.51810140
 0.45000000  0.70000000 -0.66025020
 0.45000000  0.75000000 -0.76518861
 0.45000000  0.80000000 -0.80339487
 0.45000000  0.85000000 -0.78969984
 0.45000000  0.90000000 -0.72847644
 0.45000000  0.95000000 -0.65393959
 0.45000000  1.00000000 -0.60972151
 0.45000000  1.05000000 -0.61425494
 0.45000000  1.10000000 -0.69540821
 0.45000000  1.15000000 -0.82430041
 0.45000000  1.20000000 -0.97905712
 0.45000000  1.25000000 -1.09871142
 0.45000000  1.30000000 -1.14964203
 0.45000000  1.35000000 -1.09309748
 0.45000000  1.40000000 -0.94103073
 0.45000000  1.45000000 -0.71945407
 0.45000000  1.50000000 -0.48687962
 0.45000000  1.55000000 -0.30111079
 0.45000000  1.60000000 -0.22124219
 0.45000000  1.65000000 -0.27319200
 0.45000000  1.70000000 -0.44854680
 0.45000000  1.75000000 -0.71359734
 0.45000000  1.80000000 -0.98484631
 0.45000000  1.85000000 -1.22705231
 0.45000000  1.90000000 -1.37000618
 0.45000000  1.95000000 -1.39845112
 0.45000000  2.00000000 -1.33418847
 0.45000000  2.05000000 -1.18759788
 0.45000000  2.10000000 -1.01336541
 0.45000000  2.15000000 -0.83075460
 0.45000000  2.20000000 -0.63081485
 0.50000000 -0.25000000 -0.67007066
 0.50000000 -0.20000000 -0.86178717
 0.50000000 -0.15000000 -1.02548944
 0.50000000 -0.10000000 -1.17447771
 0.50000000 -0.05000000 -1.30969351
 0.50000000  0.00000000 -1.43760206
 0.50000000  0.05000000 -1.52780919
 0.50000000  0.10000000 -1.54315093
 0.50000000  0.15000000 -1.47118253
 0.50000000  0.20000000 -1.30285800
 0.50000000  0.25000000 -1.07756305
 0.50000000  0.30000000 -0.82711382
 0.50000000  0.35000000 -0.61234233
 0.50000000  0.40000000 -0.45868015
 0.50000000  0.45000000 -0.39304712
 0.50000000  0.50000000 -0.42501420
 0.50000000  0.55000000 -0.52306833
 0.50000000  0.60000000 -0.67657892
 0.50000000  0.65000000 -0.84358807
 0.50000000  0.70000000 -0.99256913
 0.50000000  0.75000000 -1.07919192
 0.50000000  0.80000000 -1.10381506
 0.50000000  0.85000000 -1.05021628
 0.50000000  0.90000000 -0.94936769
 0.50000000  0.95000000 -0.83694386
 0.50000000  1.00000000 -0.74114074
 0.50000000  1.05000000 -0.71659044
 0.50000000  1.10000000 -0.75855436
 0.50000000  1.15000000 -0.87150526
 0.50000000  1.20000000 -1.00059321
 0.50000000  1.25000000 -1.11225995
 0.50000000  1.30000000 -1.15094710
 0.50000000  1.35000000 -1.08407575
 0.50000000  1.40000000 -0.91896522
 0.50000000  1.45000000 -0.67994454
 0.50000000  1.50000000 -0.42305294
 0.50000000  1.55000000 -0.22693210
 0.50000000  1.60000000 -0.12627745
 0.50000000  1.65000000 -0.17284801
 0.50000000  1.70000000 -0.33903913
 0.50000000  1.75000000 -0.58247841
 0.50000000  1.80000000 -0.84097886
 0.50000000  1.85000000 -1.05735111
 0.50000000  1.90000000 -1.18103558
 0.50000000  1.95000000 -1.20070172
 0.50000000  2.00000000 -1.13436908
 0.50000000  2.05000000 -1.02467067
 0.50000000  2.10000000 -0.91860055
 0.50000000  2.15000000 -0.81921860
 0.50000000  2.20000000 -0.71579180
 0.55000000 -0.25000000 -0.77555671
 0.55000000 -0.20000000 -0.96602480
 0.55000000 -0.15000000 -1.12603171
 0.55000000 -0.10000000 -1.27435591
 0.55000000 -0.05000000 -1.41607071
 0.55000000  0.00000000 -1.54181316
 0.55000000  0.05000000 -1.63230309
 0.55000000  0.10000000 -1.64426948
 0.55000000  0.15000000 -1.57669247
 0.55000000  0.20000000 -1.41312955
 0.55000000  0.25000000 -1.18885523
 0.55000000  0.30000000 -0.96368941
 0.55000000  0.35000000 -0.76333244
 0.55000000  0.40000000 -0.64985687
 0.55000000  0.45000000 -0.63023691
 0.55000000  0.50000000 -0.70170083
 0.55000000  0.55000000 -0.83794877
 0.55000000  0.60000000 -1.00830168
 0.55000000  0.65000000 -1.17849478
 0.55000000  0.70000000 -1.30234828
 0.55000000  0.75000000 -1.35458518
 0.55000000  0.80000000 -1.31985705
 0.55000000  0.85000000 -1.21497105
 0.55000000  0.90000000 -1.05791106
 0.55000000  0.95000000 -0.87521631
 0.55000000  1.00000000 -0.73274920
 0.55000000  1.05000000 -0.66321544
 0.55000000  1.10000000 -0.67126277
 0.55000000  1.15000000 -0.76295831
 0.55000000  1.20000000 -0.89179077
 0.55000000  1.25000000 -1.00151216
 0.55000000  1.30000000 -1.03920069
 0.55000000  1.35000000 -0.97972620
 0.55000000  1.40000000 -0.81758655
 0.55000000  1.45000000 -0.58366136
 0.55000000  1.50000000 -0.33348243
 0.55000000  1.55000000 -0.13787135
 0.55000000  1.60000000 -0.04962909
 0.55000000  1.65000000 -0.09030502
 0.55000000  1.70000000 -0.24571436
 0.55000000  1.75000000 -0.47172843
 0.55000000  1.80000000 -0.69506537
 0.55000000  1.85000000 -0.87309366
 0.55000000  1.90000000 -0.95447003
 0.55000000  1.95000000 -0.94332638
 0.55000000  2.00000000 -0.87479455
 0.55000000  2.05000000 -0.79702631
 0.55000000  2.10000000 -0.72410347
 0.55000000  2.15000000 -0.68735586
 0.55000000  2.20000000 -0.66662782
 0.60000000 -0.25000000 -0.82068676
 0.60000000 -0.20000000 -0.98900879
 0.60000000 -0.15000000 -1.14124532
 0.60000000 -0.10000000 -1.27040749
 0.60000000 -0.05000000 -1.40461493
 0.60000000  0.00000000 -1.52428876
 0.60000000  0.05000000 -1.61351510
 0.60000000  0.10000000 -1.62824884
 0.60000000  0.15000000 -1.56399089
 0.60000000  0.20000000 -1.41868977
 0.60000000  0.25000000 -1.21298457
 0.60000000  0.30000000 -1.01940814
 0.60000000  0.35000000 -0.86926117
 0.60000000  0.40000000 -0.79696068
 0.60000000  0.45000000 -0.83939979
 0.60000000  0.50000000 -0.95874959
 0.60000000  0.55000000 -1.13333620
 0.60000000  0.60000000 -1.32053260
 0.60000000  0.65000000 -1.48111330
 0.60000000  0.70000000 -1.57263382
 0.60000000  0.75000000 -1.57608666
 0.60000000  0.80000000 -1.48408239
 0.60000000  0.85000000 -1.29366058
 0.60000000  0.90000000 -1.05488956
 0.60000000  0.95000000 -0.80934975
 0.60000000  1.00000000 -0.60389665
 0.60000000  1.05000000 -0.48717022
 0.60000000  1.10000000 -0.47330141
 0.60000000  1.15000000 -0.55134843
 0.60000000  1.20000000 -0.66761521
 0.60000000  1.25000000 -0.77581288
 0.60000000  1.30000000 -0.83797129
 0.60000000  1.35000000 -0.79810774
 0.60000000  1.40000000 -0.65290178
 0.60000000  1.45000000 -0.44557332
 0.60000000  1.50000000 -0.21869128
 0.60000000  1.55000000 -0.04533974
 0.60000000  1.60000000  0.02249630
 0.60000000  1.65000000 -0.01878670
 0.60000000  1.70000000 -0.16124807
 0.60000000  1.75000000 -0.34994054
 0.60000000  1.80000000 -0.53911385
 0.60000000  1.85000000 -0.65928572
 0.60000000  1.90000000 -0.68760908
 0.60000000  1.95000000 -0.64364604
 0.60000000  2.00000000 -0.55630379
 0.60000000  2.05000000 -0.48869826
 0.60000000  2.10000000 -0.44754582
 0.60000000  2.15000000 -0.45854223
 0.60000000  2.20000000 -0.49929452
 0.65000000 -0.25000000 -0.78114739
 0.65000000 -0.20000000 -0.91513600
 0.65000000 -0.15000000 -1.03695713
 0.65000000 -0.10000000 -1.13905850
 0.65000000 -0.05000000 -1.25766270
 0.65000000  0.00000000 -1.35972509
 0.65000000  0.05000000 -1.43803997
 0.65000000  0.10000000 -1.45667953
 0.65000000  0.15000000 -1.40282941
 0.65000000  0.20000000 -1.28040060
 0.65000000  0.25000000 -1.12987714
 0.65000000  0.30000000 -0.97585223
 0.65000000  0.35000000 -0.88591566
 0.65000000  0.40000000 -0.88633492
 0.65000000  0.45000000 -0.97905760
 0.65000000  0.50000000 -1.16018174
 0.65000000  0.55000000 -1.36903880
 0.65000000  0.60000000 -1.57418098
 0.65000000  0.65000000 -1.72170527
 0.65000000  0.70000000 -1.78882808
 0.65000000  0.75000000 -1.74486597
 0.65000000  0.80000000 -1.56797872
 0.65000000  0.85000000 -1.31532372
 0.65000000  0.90000000 -0.99761843
 0.65000000  0.95000000 -0.68812934
 0.65000000  1.00000000 -0.42495613
 0.65000000  1.05000000 -0.26560304
 0.65000000  1.10000000 -0.22585219
 0.65000000  1.15000000 -0.27768883
 0.65000000  1.20000000 -0.39297534
 0.65000000  1.25000000 -0.51105417
 0.65000000  1.30000000 -0.57187387
 0.65000000  1.35000000 -0.54928029
 0.65000000  1.40000000 -0.43753673
 0.65000000  1.45000000 -0.27025145
 0.65000000  1.50000000 -0.08986838
 0.65000000  1.55000000  0.05511128
 0.65000000  1.60000000  0.09980940
 0.65000000  1.65000000  0.05734754
 0.65000000  1.70000000 -0.06265199
 0.65000000  1.75000000 -0.21374818
 0.65000000  1.80000000 -0.35087291
 0.65000000  1.85000000 -0.41064581
 0.65000000  1.90000000 -0.38492255
 0.65000000  1.95000000 -0.30184996
 0.65000000  2.00000000 -0.19230254
 0.65000000  2.05000000 -0.12600201
 0.65000000  2.10000000 -0.10928727
 0.65000000  2.15000000 -0.15770560
 0.65000000  2.20000000 -0.24113164
 0.70000000 -0.25000000 -0.66536493
 0.70000000 -0.20000000 -0.74232955
 0.70000000 -0.15000000 -0.81016173
 0.70000000 -0.10000000 -0.87844711
 0.70000000 -0.05000000 -0.95310787
 0.70000000  0.00000000 -1.03555759
 0.70000000  0.05000000 -1.10228762
 0.70000000  0.10000000 -1.13271579
 0.70000000  0.15000000 -1.10137732
 0.70000000  0.20000000 -1.02760106
 0.70000000  0.25000000 -0.92356349
 0.70000000  0.30000000 -0.84196902
 0.70000000  0.35000000 -0.83481833
 0.70000000  0.40000000 -0.90393612
 0.70000000  0.45000000 -1.06536126
 0.70000000  0.50000000 -1.29363658
 0.70000000  0.55000000 -1.54626494
 0.70000000  0.60000000 -1.76464435
 0.70000000  0.65000000 -1.90914697
 0.70000000  0.70000000 -1.94868177
 0.70000000  0.75000000 -1.84146011
 0.70000000  0.80000000 -1.61730111
 0.70000000  0.85000000 -1.29883230
 0.70000000  0.90000000 -0.92645957
 0.70000000  0.95000000 -0.55081896
 0.70000000  1.00000000 -0.24871070
 0.70000000  1.05000000 -0.05464826
 0.70000000  1.10000000  0.00656617
 0.70000000  1.15000000 -0.02578994
 0.70000000  1.20000000 -0.11939043
 0.70000000  1.25000000 -0.22605240
 0.70000000  1.30000000 -0.29112341
 0.70000000  1.35000000 -0.27879791
 0.70000000  1.40000000 -0.19782793
 0.70000000  1.45000000 -0.06565120
 0.70000000  1.50000000  0.07342588
 0.70000000  1.55000000  0.17508424
 0.70000000  1.60000000  0.19871043
 0.70000000  1.65000000  0.16094326
 0.70000000  1.70000000  0.05937093
 0.70000000  1.75000000 -0.04366028
 0.70000000  1.80000000 -0.10990881
 0.70000000  1.85000000 -0.10854953
 0.70000000  1.90000000 -0.04145690
 0.70000000  1.95000000  0.08084947
 0.70000000  2.00000000  0.19265928
 0.70000000  2.05000000  0.25613611
 0.70000000  2.10000000  0.24817655
 0.70000000  2.15000000  0.16209216
 0.70000000  2.20000000  0.04022357
 0.75000000 -0.25000000 -0.45269100
 0.75000000 -0.20000000 -0.47081928
 0.75000000 -0.15000000 -0.47984994
 0.75000000 -0.10000000 -0.49628633
 0.75000000 -0.05000000 -0.52811280
 0.75000000  0.00000000 -0.58016885
 0.75000000  0.05000000 -0.63992450
 0.75000000  0.10000000 -0.68711233
 0.75000000  0.15000000 -0.70720388
 0.75000000  0.20000000 -0.68747182
 0.75000000  0.25000000 -0.66752674
 0.75000000  0.30000000 -0.67130295
 0.75000000  0.35000000 -0.73120426
 0.75000000  0.40000000 -0.88513445
 0.75000000  0.45000000 -1.11130629
 0.75000000  0.50000000 -1.38201809
 0.75000000  0.55000000 -1.66534047
 0.75000000  0.60000000 -1.89941557
 0.75000000  0.65000000 -2.04249640
 0.75000000  0.70000000 -2.05275027
 0.75000000  0.75000000 -1.91544549
 0.75000000  0.80000000 -1.64831172
 0.75000000  0.85000000 -1.27691556
 0.75000000  0.90000000 -0.85106661
 0.75000000  0.95000000 -0.44799778
 0.75000000  1.00000000 -0.12496260
 0.75000000  1.05000000  0.08852760
 0.75000000  1.10000000  0.18017982
 0.75000000  1.15000000  0.16662268
 0.75000000  1.20000000  0.09734304
 0.75000000  1.25000000  0.02069643
 0.75000000  1.30000000 -0.02089072
 0.75000000  1.35000000 -0.00629051
 0.75000000  1.40000000  0.06041418
 0.75000000  1.45000000  0.15938565
 0.75000000  1.50000000  0.26357652
 0.75000000  1.55000000  0.32602190
 0.75000000  1.60000000  0.34468561
 0.75000000  1.65000000  0.30681773
 0.75000000  1.70000000  0.24371485
 0.75000000  1.75000000  0.18569611
 0.75000000  1.80000000  0.17341946
 0.75000000  1.85000000  0.22332160
 0.75000000  1.90000000  0.34008160
 0.75000000  1.95000000  0.48112683
 0.75000000  2.00000000  0.58694969
 0.75000000  2.05000000  0.62517283
 0.75000000  2.10000000  0.58917395
 0.75000000  2.15000000  0.47329664
 0.75000000  2.20000000  0.31534808
 0.80000000 -0.25000000 -0.19672237
 0.80000000 -0.20000000 -0.13816119
 0.80000000 -0.15000000 -0.06481560
 0.80000000 -0.10000000 -0.02288484
 0.80000000 -0.05000000 -0.00891479
 0.80000000  0.00000000 -0.04836557
 0.80000000  0.05000000 -0.10603977
 0.80000000  0.10000000 -0.18932480
 0.80000000  0.15000000 -0.26470146
 0.80000000  0.20000000 -0.32496645
 0.80000000  0.25000000 -0.39390433
 0.80000000  0.30000000 -0.48725697
 0.80000000  0.35000000 -0.63799404
 0.80000000  0.40000000 -0.85867752
 0.80000000  0.45000000 -1.13818527
 0.80000000  0.50000000 -1.45233605
 0.80000000  0.55000000 -1.75562196
 0.80000000  0.60000000 -2.00520112
 0.80000000  0.65000000 -2.13907328
 0.80000000  0.70000000 -2.13976536
 0.80000000  0.75000000 -1.97800404
 0.80000000  0.80000000 -1.66963729
 0.80000000  0.85000000 -1.27188599
 0.80000000  0.90000000 -0.82941172
 0.80000000  0.95000000 -0.40445289
 0.80000000  1.00000000 -0.06931541
 0.80000000  1.05000000  0.15504229
 0.80000000  1.10000000  0.25389476
 0.80000000  1.15000000  0.26467744
 0.80000000  1.20000000  0.24286218
 0.80000000  1.25000000  0.20485622
 0.80000000  1.30000000  0.20632465
 0.80000000  1.35000000  0.25066737
 0.80000000  1.40000000  0.33186644
 0.80000000  1.45000000  0.41202364
 0.80000000  1.50000000  0.49158216
 0.80000000  1.55000000  0.54296412
 0.80000000  1.60000000  0.53945912
 0.80000000  1.65000000  0.52016606
 0.80000000  1.70000000  0.47522529
 0.80000000  1.75000000  0.45861406
 0.80000000  1.80000000  0.49227897
 0.80000000  1.85000000  0.58315794
 0.80000000  1.90000000  0.72583921
 0.80000000  1.95000000  0.86737588
 0.80000000  2.00000000  0.96574695
 0.80000000  2.05000000  0.98864942
 0.80000000  2.10000000  0.89964088
 0.80000000  2.15000000  0.73864012
 0.80000000  2.20000000  0.54241751
 0.85000000 -0.25000000  0.07619809
 0.85000000 -0.20000000  0.21803918
 0.85000000 -0.15000000  0.35278440
 0.85000000 -0.10000000  0.47021405
 0.85000000 -0.05000000  0.52348179
 0.85000000  0.00000000  0.51971871
 0.85000000  0.05000000  0.43707962
 0.85000000  0.10000000  0.32320489
 0.85000000  0.15000000  0.17499199
 0.85000000  0.20000000  0.02272668
 0.85000000  0.25000000 -0.13798724
 0.85000000  0.30000000 -0.32860888
 0.85000000  0.35000000 -0.56301777
 0.85000000  0.40000000 -0.84622653
 0.85000000  0.45000000 -1.17379519
 0.85000000  0.50000000 -1.52874211
 0.85000000  0.55000000 -1.85271143
 0.85000000  0.60000000 -2.10729780
 0.85000000  0.65000000 -2.24197370
 0.85000000  0.70000000 -2.22276347
 0.85000000  0.75000000 -2.04436505
 0.85000000  0.80000000 -1.71373101
 0.85000000  0.85000000 -1.29375892
 0.85000000  0.90000000 -0.83615187
 0.85000000  0.95000000 -0.41526061
 0.85000000  1.00000000 -0.08161326
 0.85000000  1.05000000  0.12674407
 0.85000000  1.10000000  0.24492763
 0.85000000  1.15000000  0.28821460
 0.85000000  1.20000000  0.30294996
 0.85000000  1.25000000  0.33745430
 0.85000000  1.30000000  0.39240636
 0.85000000  1.35000000  0.48864553
 0.85000000  1.40000000  0.59029205
 0.85000000  1.45000000  0.68135900
 0.85000000  1.50000000  0.75517890
 0.85000000  1.55000000  0.78836572
 0.85000000  1.60000000  0.78634705
 0.85000000  1.65000000  0.76938218
 0.85000000  1.70000000  0.74785314
 0.85000000  1.75000000  0.75498250
 0.85000000  1.80000000  0.82145772
 0.85000000  1.85000000  0.93876682
 0.85000000  1.90000000  1.08431526
 0.85000000  1.95000000  1.23243325
 0.85000000  2.00000000  1.31055301
 0.85000000  2.05000000  1.29763933
 0.85000000  2.10000000  1.17536725
 0.85000000  2.15000000  0.97034709
 0.85000000  2.20000000  0.73089819
 0.90000000 -0.25000000  0.31898905
 0.90000000 -0.20000000  0.53863967
 0.90000000 -0.15000000  0.75887053
 0.90000000 -0.10000000  0.93326121
 0.90000000 -0.05000000  1.03733135
 0.90000000  0.00000000  1.03833364
 0.90000000  0.05000000  0.95114589
 0.90000000  0.10000000  0.78231820
 0.90000000  0.15000000  0.56173736
 0.90000000  0.20000000  0.32408686
 0.90000000  0.25000000  0.07603490
 0.90000000  0.30000000 -0.20599383
 0.90000000  0.35000000 -0.50181303
 0.90000000  0.40000000 -0.85217545
 0.90000000  0.45000000 -1.22581078
 0.90000000  0.50000000 -1.61179077
 0.90000000  0.55000000 -1.95679566
 0.90000000  0.60000000 -2.22343021
 0.90000000  0.65000000 -2.36475255
 0.90000000  0.70000000 -2.33804989
 0.90000000  0.75000000 -2.13942857
 0.90000000  0.80000000 -1.78984713
 0.90000000  0.85000000 -1.35596764
 0.90000000  0.90000000 -0.89623808
 0.90000000  0.95000000 -0.48426584
 0.90000000  1.00000000 -0.16667568
 0.90000000  1.05000000  0.03656243
 0.90000000  1.10000000  0.15684454
 0.90000000  1.15000000  0.23167169
 0.90000000  1.20000000  0.30936942
 0.90000000  1.25000000  0.41220251
 0.90000000  1.30000000  0.55020818
 0.90000000  1.35000000  0.70031626
 0.90000000  1.40000000  0.84549532
 0.90000000  1.45000000  0.95679649
 0.90000000  1.50000000  1.03325513
 0.90000000  1.55000000  1.05000446
 0.90000000  1.60000000  1.04742487
 0.90000000  1.65000000  1.02518558
 0.90000000  1.70000000  1.01806125
 0.90000000  1.75000000  1.04051011
 0.90000000  1.80000000  1.11619350
 0.90000000  1.85000000  1.24344829
 0.90000000  1.90000000  1.40307469
 0.90000000  1.95000000  1.54191860
 0.90000000  2.00000000  1.60684620
 0.90000000  2.05000000  1.56008112
 0.90000000  2.10000000  1.40358061
 0.90000000  2.15000000  1.17534696
 0.90000000  2.20000000  0.89384544
 0.95000000 -0.25000000  0.50937457
 0.95000000 -0.20000000  0.80248387
 0.95000000 -0.15000000  1.08699405
 0.95000000 -0.10000000  1.32304414
 0.95000000 -0.05000000  1.45979737
 0.95000000  0.00000000  1.48369513
 0.95000000  0.05000000  1.37035378
 0.95000000  0.10000000  1.16720927
 0.95000000  0.15000000  0.89465499
 0.95000000  0.20000000  0.57650819
 0.95000000  0.25000000  0.25512364
 0.95000000  0.30000000 -0.08609591
 0.95000000  0.35000000 -0.45558941
 0.95000000  0.40000000 -0.85412520
 0.95000000  0.45000000 -1.28040639
 0.95000000  0.50000000 -1.69539970
 0.95000000  0.55000000 -2.08251356
 0.95000000  0.60000000 -2.36719089
 0.95000000  0.65000000 -2.51335147
 0.95000000  0.70000000 -2.47908156
 0.95000000  0.75000000 -2.26603758
 0.95000000  0.80000000 -1.89794708
 0.95000000  0.85000000 -1.46029183
 0.95000000  0.90000000 -0.99143203
 0.95000000  0.95000000 -0.59286277
 0.95000000  1.00000000 -0.29131239
 0.95000000  1.05000000 -0.10085369
 0.95000000  1.10000000  0.03335854
 0.95000000  1.15000000  0.14867467
 0.95000000  1.20000000  0.28722092
 0.95000000  1.25000000  0.46841086
 0.95000000  1.30000000  0.68502497
 0.95000000  1.35000000  0.90060408
 0.95000000  1.40000000  1.08870205
 0.95000000  1.45000000  1.21810066
 0.95000000  1.50000000  1.28557008
 0.95000000  1.55000000  1.30354744
 0.95000000  1.60000000  1.28425142
 0.95000000  1.65000000  1.25201909
 0.95000000  1.70000000  1.23639629
 0.95000000  1.75000000  1.26910963
 0.95000000  1.80000000  1.34611218
 0.95000000  1.85000000  1.48576538
 0.95000000  1.90000000  1.63341895
 0.95000000  1.95000000  1.77398818
 0.95000000  2.00000000  1.84079353
 0.95000000  2.05000000  1.78401958
 0.95000000  2.10000000  1.61310045
 0.95000000  2.15000000  1.35438039
 0.95000000  2.20000000  1.04469513
 1.00000000 -0.25000000  0.62259301
 1.00000000 -0.20000000  0.97212837
 1.00000000 -0.15000000  1.32490462
 1.00000000 -0.10000000  1.60923440
 1.00000000 -0.05000000  1.79054213
 1.00000000  0.00000000  1.81523511
 1.00000000  0.05000000  1.70726890
 1.00000000  0.10000000  1.46915360
 1.00000000  0.15000000  1.15139649
 1.00000000  0.20000000  0.79783079
 1.00000000  0.25000000  0.41736898
 1.00000000  0.30000000  0.02129650
 1.00000000  0.35000000 -0.38391549
 1.00000000  0.40000000 -0.83586841
 1.00000000  0.45000000 -1.31037964
 1.00000000  0.50000000 -1.77807504
 1.00000000  0.55000000 -2.19505874
 1.00000000  0.60000000 -2.50988568
 1.00000000  0.65000000 -2.67223534
 1.00000000  0.70000000 -2.63440003
 1.00000000  0.75000000 -2.42562308
 1.00000000  0.80000000 -2.05109181
 1.00000000  0.85000000 -1.59332432
 1.00000000  0.90000000 -1.13296120
 1.00000000  0.95000000 -0.74304312
 1.00000000  1.00000000 -0.45359257
 1.00000000  1.05000000 -0.24476767
 1.00000000  1.10000000 -0.09463167
 1.00000000  1.15000000  0.06205431
 1.00000000  1.20000000  0.26878746
 1.00000000  1.25000000  0.52048253
 1.00000000  1.30000000  0.81584904
 1.00000000  1.35000000  1.08306574
 1.00000000  1.40000000  1.31334053
 1.00000000  1.45000000  1.44781630
 1.00000000  1.50000000  1.50638154
 1.00000000  1.55000000  1.50063167
 1.00000000  1.60000000  1.45665339
 1.00000000  1.65000000  1.40299990
 1.00000000  1.70000000  1.37229874
 1.00000000  1.75000000  1.39536890
 1.00000000  1.80000000  1.48253176
 1.00000000  1.85000000  1.62259945
 1.00000000  1.90000000  1.79673730
 1.00000000  1.95000000  1.94387436
 1.00000000  2.00000000  2.01296162
 1.00000000  2.05000000  1.96565842
 1.00000000  2.10000000  1.78512108
 1.00000000  2.15000000  1.51885075
 1.00000000  2.20000000  1.19714446
 1.05000000 -0.25000000  0.66008199
 1.05000000 -0.20000000  1.04658245
 1.05000000 -0.15000000  1.44329989
 1.05000000 -0.10000000  1.77492689
 1.05000000 -0.05000000  1.97764310
 1.05000000  0.00000000  2.02113220
 1.05000000  0.05000000  1.91386506
 1.05000000  0.10000000  1.66860450
 1.05000000  0.15000000  1.34206385
 1.05000000  0.20000000  0.95493082
 1.05000000  0.25000000  0.55735769
 1.05000000  0.30000000  0.13972710
 1.05000000  0.35000000 -0.31080392
 1.05000000  0.40000000 -0.79051997
 1.05000000  0.45000000 -1.31292568
 1.05000000  0.50000000 -1.82682779
 1.05000000  0.55000000 -2.28895203
 1.05000000  0.60000000 -2.64323469
 1.05000000  0.65000000 -2.81886043
 1.05000000  0.70000000 -2.79465151
 1.05000000  0.75000000 -2.57825502
 1.05000000  0.80000000 -2.20258121
 1.05000000  0.85000000 -1.75039208
 1.05000000  0.90000000 -1.29232937
 1.05000000  0.95000000 -0.90242234
 1.05000000  1.00000000 -0.60244204
 1.05000000  1.05000000 -0.38932396
 1.05000000  1.10000000 -0.20378706
 1.05000000  1.15000000 -0.00727726
 1.05000000  1.20000000  0.26682667
 1.05000000  1.25000000  0.58981468
 1.05000000  1.30000000  0.93313205
 1.05000000  1.35000000  1.24654615
 1.05000000  1.40000000  1.48250351
 1.05000000  1.45000000  1.62039531
 1.05000000  1.50000000  1.65221959
 1.05000000  1.55000000  1.61609847
 1.05000000  1.60000000  1.53922565
 1.05000000  1.65000000  1.45862134
 1.05000000  1.70000000  1.41696558
 1.05000000  1.75000000  1.43097574
 1.05000000  1.80000000  1.51705636
 1.05000000  1.85000000  1.66924933
 1.05000000  1.90000000  1.86010039
 1.05000000  1.95000000  2.02502990
 1.05000000  2.00000000  2.11843035
 1.05000000  2.05000000  2.09405807
 1.05000000  2.10000000  1.93668621
 1.05000000  2.15000000  1.66307524
 1.05000000  2.20000000  1.33445062
 1.10000000 -0.25000000  0.61328669
 1.10000000 -0.20000000  1.04765829
 1.10000000 -0.15000000  1.47347164
 1.10000000 -0.10000000  1.81719874
 1.10000000 -0.05000000  2.04094424
 1.10000000  0.00000000  2.10753910
 1.10000000  0.05000000  2.00566817
 1.10000000  0.10000000  1.76265096
 1.10000000  0.15000000  1.43768581
 1.10000000  0.20000000  1.05614862
 1.10000000  0.25000000  0.65705332
 1.10000000  0.30000000  0.22041672
 1.10000000  0.35000000 -0.23062802
 1.10000000  0.40000000 -0.74550691
 1.10000000  0.45000000 -1.29116699
 1.10000000  0.50000000 -1.83811638
 1.10000000  0.55000000 -2.33816153
 1.10000000  0.60000000 -2.72209702
 1.10000000  0.65000000 -2.93142312
 1.10000000  0.70000000 -2.92578248
 1.10000000  0.75000000 -2.71852409
 1.10000000  0.80000000 -2.36057096
 1.10000000  0.85000000 -1.91047271
 1.10000000  0.90000000 -1.46098824
 1.10000000  0.95000000 -1.06773098
 1.10000000  1.00000000 -0.77012315
 1.10000000  1.05000000 -0.52572824
 1.10000000  1.10000000 -0.30586218
 1.10000000  1.15000000 -0.04833752
 1.10000000  1.20000000  0.27031390
 1.10000000  1.25000000  0.64476850
 1.10000000  1.30000000  1.02296371
 1.10000000  1.35000000  1.35758678
 1.10000000  1.40000000  1.58776644
 1.10000000  1.45000000  1.69974473
 1.10000000  1.50000000  1.70635655
 1.10000000  1.55000000  1.61839451
 1.10000000  1.60000000  1.51136379
 1.10000000  1.65000000  1.40330358
 1.10000000  1.70000000  1.35361952
 1.10000000  1.75000000  1.36851780
 1.10000000  1.80000000  1.46080267
 1.10000000  1.85000000  1.63182461
 1.10000000  1.90000000  1.83758589
 1.10000000  1.95000000  2.03999136
 1.10000000  2.00000000  2.15555293
 1.10000000  2.05000000  2.15701974
 1.10000000  2.10000000  2.01006885
 1.10000000  2.15000000  1.75323750
 1.10000000  2.20000000  1.43237115
 1.15000000 -0.25000000  0.50688707
 1.15000000 -0.20000000  0.95002314
 1.15000000 -0.15000000  1.39263442
 1.15000000 -0.10000000  1.77129923
 1.15000000 -0.05000000  2.00144889
 1.15000000  0.00000000  2.07196847
 1.15000000  0.05000000  1.98702136
 1.15000000  0.10000000  1.75957086
 1.15000000  0.15000000  1.44268857
 1.15000000  0.20000000  1.07706534
 1.15000000  0.25000000  0.68846168
 1.15000000  0.30000000  0.26998420
 1.15000000  0.35000000 -0.18985380
 1.15000000  0.40000000 -0.69995577
 1.15000000  0.45000000 -1.25899522
 1.15000000  0.50000000 -1.82123120
 1.15000000  0.55000000 -2.35116437
 1.15000000  0.60000000 -2.74640204
 1.15000000  0.65000000 -2.96801983
 1.15000000  0.70000000 -2.98510781
 1.15000000  0.75000000 -2.79940716
 1.15000000  0.80000000 -2.45695933
 1.15000000  0.85000000 -2.03050003
 1.15000000  0.90000000 -1.60150483
 1.15000000  0.95000000 -1.22389210
 1.15000000  1.00000000 -0.90796206
 1.15000000  1.05000000 -0.64313905
 1.15000000  1.10000000 -0.37775012
 1.15000000  1.15000000 -0.07716242
 1.15000000  1.20000000  0.28591290
 1.15000000  1.25000000  0.68730958
 1.15000000  1.30000000  1.07111411
 1.15000000  1.35000000  1.39905402
 1.15000000  1.40000000  1.61321598
 1.15000000  1.45000000  1.69407962
 1.15000000  1.50000000  1.64672540
 1.15000000  1.55000000  1.53326995
 1.15000000  1.60000000  1.38945102
 1.15000000  1.65000000  1.26536653
 1.15000000  1.70000000  1.20583817
 1.15000000  1.75000000  1.22519887
 1.15000000  1.80000000  1.33517120
 1.15000000  1.85000000  1.52979213
 1.15000000  1.90000000  1.74903669
 1.15000000  1.95000000  1.97492419
 1.15000000  2.00000000  2.11620638
 1.15000000  2.05000000  2.14177643
 1.15000000  2.10000000  2.02002464
 1.15000000  2.15000000  1.78669381
 1.15000000  2.20000000  1.47545013
 1.20000000 -0.25000000  0.34321239
 1.20000000 -0.20000000  0.80089119
 1.20000000 -0.15000000  1.24872356
 1.20000000 -0.10000000  1.63170027
 1.20000000 -0.05000000  1.87240119
 1.20000000  0.00000000  1.94553048
 1.20000000  0.05000000  1.87167493
 1.20000000  0.10000000  1.66041595
 1.20000000  0.15000000  1.36240646
 1.20000000  0.20000000  1.02527878
 1.20000000  0.25000000  0.64441087
 1.20000000  0.30000000  0.24233895
 1.20000000  0.35000000 -0.19952186
 1.20000000  0.40000000 -0.69962393
 1.20000000  0.45000000 -1.24712154
 1.20000000  0.50000000 -1.79135332
 1.20000000  0.55000000 -2.30005791
 1.20000000  0.60000000 -2.68907841
 1.20000000  0.65000000 -2.91934922
 1.20000000  0.70000000 -2.94611784
 1.20000000  0.75000000 -2.78907131
 1.20000000  0.80000000 -2.46757816
 1.20000000  0.85000000 -2.08752701
 1.20000000  0.90000000 -1.68398081
 1.20000000  0.95000000 -1.32443165
 1.20000000  1.00000000 -1.00999956
 1.20000000  1.05000000 -0.73002794
 1.20000000  1.10000000 -0.42818338
 1.20000000  1.15000000 -0.09622837
 1.20000000  1.20000000  0.28415332
 1.20000000  1.25000000  0.69520805
 1.20000000  1.30000000  1.06950807
 1.20000000  1.35000000  1.36907506
 1.20000000  1.40000000  1.54167834
 1.20000000  1.45000000  1.58533240
 1.20000000  1.50000000  1.50971672
 1.20000000  1.55000000  1.35906291
 1.20000000  1.60000000  1.19697209
 1.20000000  1.65000000  1.06834457
 1.20000000  1.70000000  1.01014293
 1.20000000  1.75000000  1.04382770
 1.20000000  1.80000000  1.17206757
 1.20000000  1.85000000  1.37001851
 1.20000000  1.90000000  1.62308694
 1.20000000  1.95000000  1.85465514
 1.20000000  2.00000000  2.00958418
 1.20000000  2.05000000  2.05159535
 1.20000000  2.10000000  1.95467484
 1.20000000  2.15000000  1.73667572
 1.20000000  2.20000000  1.43243510
 1.25000000 -0.25000000  0.14095071
 1.25000000 -0.20000000  0.59693080
 1.25000000 -0.15000000  1.05426946
 1.25000000 -0.10000000  1.42827062
 1.25000000 -0.05000000  1.67868203
 1.25000000  0.00000000  1.76330831
 1.25000000  0.05000000  1.69186652
 1.25000000  0.10000000  1.49452163
 1.25000000  0.15000000  1.21370952
 1.25000000  0.20000000  0.87086586
 1.25000000  0.25000000  0.51958025
 1.25000000  0.30000000  0.12847823
 1.25000000  0.35000000 -0.28314505
 1.25000000  0.40000000 -0.74746282
 1.25000000  0.45000000 -1.24658577
 1.25000000  0.50000000 -1.74647017
 1.25000000  0.55000000 -2.20308048
 1.25000000  0.60000000 -2.56405276
 1.25000000  0.65000000 -2.76075184
 1.25000000  0.70000000 -2.79082573
 1.25000000  0.75000000 -2.65218732
 1.25000000  0.80000000 -2.37796649
 1.25000000  0.85000000 -2.03960890
 1.25000000  0.90000000 -1.68749792
 1.25000000  0.95000000 -1.35158735
 1.25000000  1.00000000 -1.04691349
 1.25000000  1.05000000 -0.75385176
 1.25000000  1.10000000 -0.44247707
 1.25000000  1.15000000 -0.09629529
 1.25000000  1.20000000  0.28221251
 1.25000000  1.25000000  0.65839139
 1.25000000  1.30000000  0.99905568
 1.25000000  1.35000000  1.26217680
 1.25000000  1.40000000  1.39367995
 1.25000000  1.45000000  1.40181745
 1.25000000  1.50000000  1.30734721
 1.25000000  1.55000000  1.15188973
 1.25000000  1.60000000  0.98634377
 1.25000000  1.65000000  0.87304718
 1.25000000  1.70000000  0.81710296
 1.25000000  1.75000000  0.87225989
 1.25000000  1.80000000  1.00799308
 1.25000000  1.85000000  1.21605422
 1.25000000  1.90000000  1.46365010
 1.25000000  1.95000000  1.69039489
 1.25000000  2.00000000  1.85188974
 1.25000000  2.05000000  1.90388724
 1.25000000  2.10000000  1.81495506
 1.25000000  2.15000000  1.60754485
 1.25000000  2.20000000  1.31901092
 1.30000000 -0.25000000 -0.07590322
 1.30000000 -0.20000000  0.37570851
 1.30000000 -0.15000000  0.82336281
 1.30000000 -0.10000000  1.20251265
 1.30000000 -0.05000000  1.44943172
 1.30000000  0.00000000  1.53922559
 1.30000000  0.05000000  1.47591301
 1.30000000  0.10000000  1.28242319
 1.30000000  0.15000000  0.99956833
 1.30000000  0.20000000  0.67186159
 1.30000000  0.25000000  0.32899823
 1.30000000  0.30000000 -0.03758419
 1.30000000  0.35000000 -0.42060520
 1.30000000  0.40000000 -0.83199299
 1.30000000  0.45000000 -1.26098161
 1.30000000  0.50000000 -1.68418236
 1.30000000  0.55000000 -2.05709020
 1.30000000  0.60000000 -2.34682826
 1.30000000  0.65000000 -2.50917366
 1.30000000  0.70000000 -2.52171695
 1.30000000  0.75000000 -2.39855723
 1.30000000  0.80000000 -2.16758567
 1.30000000  0.85000000 -1.88102577
 1.30000000  0.90000000 -1.57504784
 1.30000000  0.95000000 -1.27533851
 1.30000000  1.00000000 -1.00142076
 1.30000000  1.05000000 -0.70174955
 1.30000000  1.10000000 -0.40020149
 1.30000000  1.15000000 -0.07262304
 1.30000000  1.20000000  0.27774482
 1.30000000  1.25000000  0.60049362
 1.30000000  1.30000000  0.89035172
 1.30000000  1.35000000  1.09389226
 1.30000000  1.40000000  1.19763780
 1.30000000  1.45000000  1.18527919
 1.30000000  1.50000000  1.09167943
 1.30000000  1.55000000  0.94084702
 1.30000000  1.60000000  0.80415917
 1.30000000  1.65000000  0.69910514
 1.30000000  1.70000000  0.68017667
 1.30000000  1.75000000  0.74095074
 1.30000000  1.80000000  0.88220761
 1.30000000  1.85000000  1.09230598
 1.30000000  1.90000000  1.31894094
 1.30000000  1.95000000  1.53371375
 1.30000000  2.00000000  1.68032697
 1.30000000  2.05000000  1.71891261
 1.30000000  2.10000000  1.63277590
 1.30000000  2.15000000  1.43631863
 1.30000000  2.20000000  1.16109685
 1.35000000 -0.25000000 -0.27789473
 1.35000000 -0.20000000  0.15862706
 1.35000000 -0.15000000  0.59628231
 1.35000000 -0.10000000  0.95960612
 1.35000000 -0.05000000  1.20896684
 1.35000000  0.00000000  1.29923340
 1.35000000  0.05000000  1.23163544
 1.35000000  0.10000000  1.04115609
 1.35000000  0.15000000  0.75726796
 1.35000000  0.20000000  0.43253969
 1.35000000  0.25000000  0.08968676
 1.35000000  0.30000000 -0.25145595
 1.35000000  0.35000000 -0.58373058
 1.35000000  0.40000000 -0.93192760
 1.35000000  0.45000000 -1.27294163
 1.35000000  0.50000000 -1.59670848
 1.35000000  0.55000000 -1.87524552
 1.35000000  0.60000000 -2.07662997
 1.35000000  0.65000000 -2.17639806
 1.35000000  0.70000000 -2.16553710
 1.35000000  0.75000000 -2.04680703
 1.35000000  0.80000000 -1.85292298
 1.35000000  0.85000000 -1.62791964
 1.35000000  0.90000000 -1.37587340
 1.35000000  0.95000000 -1.12081201
 1.35000000  1.00000000 -0.86324671
 1.35000000  1.05000000 -0.59777471
 1.35000000  1.10000000 -0.31345772
 1.35000000  1.15000000 -0.01470657
 1.35000000  1.20000000  0.27701474
 1.35000000  1.25000000  0.54303288
 1.35000000  1.30000000  0.75635708
 1.35000000  1.35000000  0.90831138
 1.35000000  1.40000000  0.97831812
 1.35000000  1.45000000  0.97086795
 1.35000000  1.50000000  0.90098345
 1.35000000  1.55000000  0.79538321
 1.35000000  1.60000000  0.68848583
 1.35000000  1.65000000  0.62378842
 1.35000000  1.70000000  0.62568202
 1.35000000  1.75000000  0.69903238
 1.35000000  1.80000000  0.83236061
 1.35000000  1.85000000  1.01715329
 1.35000000  1.90000000  1.21967593
 1.35000000  1.95000000  1.40371807
 1.35000000  2.00000000  1.52515349
 1.35000000  2.05000000  1.54238243
 1.35000000  2.10000000  1.44670757
 1.35000000  2.15000000  1.24413338
 1.35000000  2.20000000  0.97500956
 1.40000000 -0.25000000 -0.43138009
 1.40000000 -0.20000000 -0.03642343
 1.40000000 -0.15000000  0.37056419
 1.40000000 -0.10000000  0.71821282
 1.40000000 -0.05000000  0.95238473
 1.40000000  0.00000000  1.04315519
 1.40000000  0.05000000  0.97962053
 1.40000000  0.10000000  0.78225309
 1.40000000  0.15000000  0.50217127
 1.40000000  0.20000000  0.18238382
 1.40000000  0.25000000 -0.15369575
 1.40000000  0.30000000 -0.46294167
 1.40000000  0.35000000 -0.74746290
 1.40000000  0.40000000 -1.02540408
 1.40000000  0.45000000 -1.28580279
 1.40000000  0.50000000 -1.49289584
 1.40000000  0.55000000 -1.66763422
 1.40000000  0.60000000 -1.77579258
 1.40000000  0.65000000 -1.80219046
 1.40000000  0.70000000 -1.75695379
 1.40000000  0.75000000 -1.64897246
 1.40000000  0.80000000 -1.49288754
 1.40000000  0.85000000 -1.30688586
 1.40000000  0.90000000 -1.10882208
 1.40000000  0.95000000 -0.89956219
 1.40000000  1.00000000 -0.68557372
 1.40000000  1.05000000 -0.44594029
 1.40000000  1.10000000 -0.19010305
 1.40000000  1.15000000  0.05165783
 1.40000000  1.20000000  0.29093711
 1.40000000  1.25000000  0.48413035
 1.40000000  1.30000000  0.63105371
 1.40000000  1.35000000  0.73999758
 1.40000000  1.40000000  0.79930546
 1.40000000  1.45000000  0.80728001
 1.40000000  1.50000000  0.77718909
 1.40000000  1.55000000  0.72592478
 1.40000000  1.60000000  0.68267509
 1.40000000  1.65000000  0.66137647
 1.40000000  1.70000000  0.68645585
 1.40000000  1.75000000  0.76065880
 1.40000000  1.80000000  0.88264925
 1.40000000  1.85000000  1.03883362
 1.40000000  1.90000000  1.19776603
 1.40000000  1.95000000  1.33535189
 1.40000000  2.00000000  1.41004746
 1.40000000  2.05000000  1.39384635
 1.40000000  2.10000000  1.28007386
 1.40000000  2.15000000  1.07996761
 1.40000000  2.20000000  0.79833478
 1.45000000 -0.25000000 -0.51876105
 1.45000000 -0.20000000 -0.18857292
 1.45000000 -0.15000000  0.16048942
 1.45000000 -0.10000000  0.47451046
 1.45000000 -0.05000000  0.68710630
 1.45000000  0.00000000  0.76727073
 1.45000000  0.05000000  0.69754777
 1.45000000  0.10000000  0.51414664
 1.45000000  0.15000000  0.23525588
 1.45000000  0.20000000 -0.07418849
 1.45000000  0.25000000 -0.38942203
 1.45000000  0.30000000 -0.66766377
 1.45000000  0.35000000 -0.90961765
 1.45000000  0.40000000 -1.11714068
 1.45000000  0.45000000 -1.27621138
 1.45000000  0.50000000 -1.39013704
 1.45000000  0.55000000 -1.46555585
 1.45000000  0.60000000 -1.47438960
 1.45000000  0.65000000 -1.44422761
 1.45000000  0.70000000 -1.37072711
 1.45000000  0.75000000 -1.25294145
 1.45000000  0.80000000 -1.14202910
 1.45000000  0.85000000 -0.99760575
 1.45000000  0.90000000 -0.84548680
 1.45000000  0.95000000 -0.68036770
 1.45000000  1.00000000 -0.49306203
 1.45000000  1.05000000 -0.28652339
 1.45000000  1.10000000 -0.06861273
 1.45000000  1.15000000  0.13659281
 1.45000000  1.20000000  0.31427310
 1.45000000  1.25000000  0.45006880
 1.45000000  1.30000000  0.55075306
 1.45000000  1.35000000  0.61665168
 1.45000000  1.40000000  0.68000827
 1.45000000  1.45000000  0.71291690
 1.45000000  1.50000000  0.74694772
 1.45000000  1.55000000  0.76541886
 1.45000000  1.60000000  0.78719594
 1.45000000  1.65000000  0.81470907
 1.45000000  1.70000000  0.86149593
 1.45000000  1.75000000  0.93349994
 1.45000000  1.80000000  1.04186978
 1.45000000  1.85000000  1.15519334
 1.45000000  1.90000000  1.26126450
 1.45000000  1.95000000  1.34215433
 1.45000000  2.00000000  1.36349669
 1.45000000  2.05000000  1.31303773
 1.45000000  2.10000000  1.17156284
 1.45000000  2.15000000  0.95478391
 1.45000000  2.20000000  0.69025427
 1.50000000 -0.25000000 -0.57694352
 1.50000000 -0.20000000 -0.32264607
 1.50000000 -0.15000000 -0.04369472
 1.50000000 -0.10000000  0.22025800
 1.50000000 -0.05000000  0.39888441
 1.50000000  0.00000000  0.46861326
 1.50000000  0.05000000  0.39694571
 1.50000000  0.10000000  0.21879110
 1.50000000  0.15000000 -0.04689841
 1.50000000  0.20000000 -0.34325916
 1.50000000  0.25000000 -0.62457885
 1.50000000  0.30000000 -0.86131675
 1.50000000  0.35000000 -1.05799796
 1.50000000  0.40000000 -1.19250274
 1.50000000  0.45000000 -1.26693505
 1.50000000  0.50000000 -1.29195348
 1.50000000  0.55000000 -1.28052338
 1.50000000  0.60000000 -1.22144008
 1.50000000  0.65000000 -1.14729079
 1.50000000  0.70000000 -1.04542418
 1.50000000  0.75000000 -0.94004173
 1.50000000  0.80000000 -0.83977562
 1.50000000  0.85000000 -0.73921484
 1.50000000  0.90000000 -0.63708014
 1.50000000  0.95000000 -0.51016343
 1.50000000  1.00000000 -0.34902436
 1.50000000  1.05000000 -0.16256157
 1.50000000  1.10000000  0.02850095
 1.50000000  1.15000000  0.20077905
 1.50000000  1.20000000  0.33652369
 1.50000000  1.25000000  0.43845322
 1.50000000  1.30000000  0.50701365
 1.50000000  1.35000000  0.57184864
 1.50000000  1.40000000  0.63646684
 1.50000000  1.45000000  0.72148333
 1.50000000  1.50000000  0.80921257
 1.50000000  1.55000000  0.89456047
 1.50000000  1.60000000  0.96821038
 1.50000000  1.65000000  1.04158262
 1.50000000  1.70000000  1.11427018
 1.50000000  1.75000000  1.19125476
 1.50000000  1.80000000  1.26817152
 1.50000000  1.85000000  1.33282823
 1.50000000  1.90000000  1.39128409
 1.50000000  1.95000000  1.41732047
 1.50000000  2.00000000  1.37939967
 1.50000000  2.05000000  1.28635271
 1.50000000  2.10000000  1.12049354
 1.50000000  2.15000000  0.88944518
 1.50000000  2.20000000  0.61551342
 1.55000000 -0.25000000 -0.61616157
 1.55000000 -0.20000000 -0.45021467
 1.55000000 -0.15000000 -0.24285938
 1.55000000 -0.10000000 -0.05133512
 1.55000000 -0.05000000  0.08417055
 1.55000000  0.00000000  0.13267664
 1.55000000  0.05000000  0.06798177
 1.55000000  0.10000000 -0.10530363
 1.55000000  0.15000000 -0.33360683
 1.55000000  0.20000000 -0.59523062
 1.55000000  0.25000000 -0.83715204
 1.55000000  0.30000000 -1.03801305
 1.55000000  0.35000000 -1.16698781
 1.55000000  0.40000000 -1.24172107
 1.55000000  0.45000000 -1.25164956
 1.55000000  0.50000000 -1.21398997
 1.55000000  0.55000000 -1.13212202
 1.55000000  0.60000000 -1.02709522
 1.55000000  0.65000000 -0.91991258
 1.55000000  0.70000000 -0.79921007
 1.55000000  0.75000000 -0.71321481
 1.55000000  0.80000000 -0.64484559
 1.55000000  0.85000000 -0.58710503
 1.55000000  0.90000000 -0.52243236
 1.55000000  0.95000000 -0.42524839
 1.55000000  1.00000000 -0.28891976
 1.55000000  1.05000000 -0.12117684
 1.55000000  1.10000000  0.06302957
 1.55000000  1.15000000  0.23357372
 1.55000000  1.20000000  0.36241665
 1.55000000  1.25000000  0.45570218
 1.55000000  1.30000000  0.52600167
 1.55000000  1.35000000  0.59033043
 1.55000000  1.40000000  0.69081204
 1.55000000  1.45000000  0.80634943
 1.55000000  1.50000000  0.95130760
 1.55000000  1.55000000  1.07421689
 1.55000000  1.60000000  1.20354989
 1.55000000  1.65000000  1.31337599
 1.55000000  1.70000000  1.40157176
 1.55000000  1.75000000  1.46746314
 1.55000000  1.80000000  1.51333995
 1.55000000  1.85000000  1.54986150
 1.55000000  1.90000000  1.55114484
 1.55000000  1.95000000  1.51848149
 1.55000000  2.00000000  1.44066923
 1.55000000  2.05000000  1.30434458
 1.55000000  2.10000000  1.11330726
 1.55000000  2.15000000  0.87334976
 1.55000000  2.20000000  0.60766630
 1.60000000 -0.25000000 -0.62154159
 1.60000000 -0.20000000 -0.55598887
 1.60000000 -0.15000000 -0.44212160
 1.60000000 -0.10000000 -0.32242212
 1.60000000 -0.05000000 -0.23507463
 1.60000000  0.00000000 -0.20068302
 1.60000000  0.05000000 -0.26728273
 1.60000000  0.10000000 -0.40526910
 1.60000000  0.15000000 -0.60446973
 1.60000000  0.20000000 -0.82110778
 1.60000000  0.25000000 -1.01505254
 1.60000000  0.30000000 -1.16000194
 1.60000000  0.35000000 -1.24228598
 1.60000000  0.40000000 -1.26512435
 1.60000000  0.45000000 -1.21740989
 1.60000000  0.50000000 -1.13369872
 1.60000000  0.55000000 -1.01881858
 1.60000000  0.60000000 -0.89071776
 1.60000000  0.65000000 -0.77120529
 1.60000000  0.70000000 -0.66369746
 1.60000000  0.75000000 -0.59313332
 1.60000000  0.80000000 -0.55725139
 1.60000000  0.85000000 -0.53653335
 1.60000000  0.90000000 -0.50364492
 1.60000000  0.95000000 -0.43630166
 1.60000000  1.00000000 -0.30673591
 1.60000000  1.05000000 -0.13958072
 1.60000000  1.10000000  0.05395210
 1.60000000  1.15000000  0.24424150
 1.60000000  1.20000000  0.40035963
 1.60000000  1.25000000  0.51368398
 1.60000000  1.30000000  0.61242210
 1.60000000  1.35000000  0.70200617
 1.60000000  1.40000000  0.81839766
 1.60000000  1.45000000  0.96231557
 1.60000000  1.50000000  1.12258352
 1.60000000  1.55000000  1.28007284
 1.60000000  1.60000000  1.41673400
 1.60000000  1.65000000  1.53460314
 1.60000000  1.70000000  1.63363438
 1.60000000  1.75000000  1.69405171
 1.60000000  1.80000000  1.72829994
 1.60000000  1.85000000  1.72011815
 1.60000000  1.90000000  1.68657603
 1.60000000  1.95000000  1.62125720
 1.60000000  2.00000000  1.50830459
 1.60000000  2.05000000  1.34589192
 1.60000000  2.10000000  1.13939743
 1.60000000  2.15000000  0.89654146
 1.60000000  2.20000000  0.64594229
 1.65000000 -0.25000000 -0.62115845
 1.65000000 -0.20000000 -0.64854338
 1.65000000 -0.15000000 -0.62775877
 1.65000000 -0.10000000 -0.57337622
 1.65000000 -0.05000000 -0.52820023
 1.65000000  0.00000000 -0.51605034
 1.65000000  0.05000000 -0.55885683
 1.65000000  0.10000000 -0.66742989
 1.65000000  0.15000000 -0.82232908
 1.65000000  0.20000000 -0.99117942
 1.65000000  0.25000000 -1.13987415
 1.65000000  0.30000000 -1.23027709
 1.65000000  0.35000000 -1.25779196
 1.65000000  0.40000000 -1.22684922
 1.65000000  0.45000000 -1.14986327
 1.65000000  0.50000000 -1.04594897
 1.65000000  0.55000000 -0.91687616
 1.65000000  0.60000000 -0.79432045
 1.65000000  0.65000000 -0.68360830
 1.65000000  0.70000000 -0.60557410
 1.65000000  0.75000000 -0.55982332
 1.65000000  0.80000000 -0.55526170
 1.65000000  0.85000000 -0.55893555
 1.65000000  0.90000000 -0.54787509
 1.65000000  0.95000000 -0.49471523
 1.65000000  1.00000000 -0.36895013
 1.65000000  1.05000000 -0.19413899
 1.65000000  1.10000000  0.02681499
 1.65000000  1.15000000  0.24754237
 1.65000000  1.20000000  0.43870347
 1.65000000  1.25000000  0.60461007
 1.65000000  1.30000000  0.74482030
 1.65000000  1.35000000  0.86656761
 1.65000000  1.40000000  0.99824706
 1.65000000  1.45000000  1.14707130
 1.65000000  1.50000000  1.29564000
 1.65000000  1.55000000  1.44746535
 1.65000000  1.60000000  1.57893360
 1.65000000  1.65000000  1.68455561
 1.65000000  1.70000000  1.75719688
 1.65000000  1.75000000  1.81090504
 1.65000000  1.80000000  1.83536651
 1.65000000  1.85000000  1.81970808
 1.65000000  1.90000000  1.76299779
 1.65000000  1.95000000  1.67037649
 1.65000000  2.00000000  1.53999560
 1.65000000  2.05000000  1.36725398
 1.65000000  2.10000000  1.15450380
 1.65000000  2.15000000  0.92512099
 1.65000000  2.20000000  0.68843143
 1.70000000 -0.25000000 -0.60191803
 1.70000000 -0.20000000 -0.70311280
 1.70000000 -0.15000000 -0.75630687
 1.70000000 -0.10000000 -0.76564375
 1.70000000 -0.05000000 -0.74706159
 1.70000000  0.00000000 -0.73845933
 1.70000000  0.05000000 -0.76906275
 1.70000000  0.10000000 -0.84336214
 1.70000000  0.15000000 -0.94141277
 1.70000000  0.20000000 -1.06153907
 1.70000000  0.25000000 -1.15802199
 1.70000000  0.30000000 -1.19917194
 1.70000000  0.35000000 -1.18584407
 1.70000000  0.40000000 -1.13193487
 1.70000000  0.45000000 -1.03897569
 1.70000000  0.50000000 -0.92622298
 1.70000000  0.55000000 -0.81548989
 1.70000000  0.60000000 -0.71827731
 1.70000000  0.65000000 -0.63639148
 1.70000000  0.70000000 -0.59373896
 1.70000000  0.75000000 -0.58138544
 1.70000000  0.80000000 -0.59026922
 1.70000000  0.85000000 -0.61031694
 1.70000000  0.90000000 -0.61425044
 1.70000000  0.95000000 -0.55428122
 1.70000000  1.00000000 -0.43137908
 1.70000000  1.05000000 -0.23044612
 1.70000000  1.10000000  0.00811070
 1.70000000  1.15000000  0.26767502
 1.70000000  1.20000000  0.51096129
 1.70000000  1.25000000  0.73271521
 1.70000000  1.30000000  0.90433184
 1.70000000  1.35000000  1.06390714
 1.70000000  1.40000000  1.20076464
 1.70000000  1.45000000  1.33797018
 1.70000000  1.50000000  1.45689644
 1.70000000  1.55000000  1.55381507
 1.70000000  1.60000000  1.65247808
 1.70000000  1.65000000  1.72265887
 1.70000000  1.70000000  1.77543976
 1.70000000  1.75000000  1.80856220
 1.70000000  1.80000000  1.82653953
 1.70000000  1.85000000  1.79753335
 1.70000000  1.90000000  1.75019066
 1.70000000  1.95000000  1.65619671
 1.70000000  2.00000000  1.51965324
 1.70000000  2.05000000  1.35175690
 1.70000000  2.10000000  1.14377190
 1.70000000  2.15000000  0.93053969
 1.70000000  2.20000000  0.70314738
 1.75000000 -0.25000000 -0.55375050
 1.75000000 -0.20000000 -0.71814513
 1.75000000 -0.15000000 -0.81303261
 1.75000000 -0.10000000 -0.85949461
 1.75000000 -0.05000000 -0.86354335
 1.75000000  0.00000000 -0.85049787
 1.75000000  0.05000000 -0.85289071
 1.75000000  0.10000000 -0.88431527
 1.75000000  0.15000000 -0.94363248
 1.75000000  0.20000000 -1.01333912
 1.75000000  0.25000000 -1.06937393
 1.75000000  0.30000000 -1.07474914
 1.75000000  0.35000000 -1.04224122
 1.75000000  0.40000000 -0.96245955
 1.75000000  0.45000000 -0.87514571
 1.75000000  0.50000000 -0.78692697
 1.75000000  0.55000000 -0.71233530
 1.75000000  0.60000000 -0.65237944
 1.75000000  0.65000000 -0.62071922
 1.75000000  0.70000000 -0.60829375
 1.75000000  0.75000000 -0.62379525
 1.75000000  0.80000000 -0.64470362
 1.75000000  0.85000000 -0.66232823
 1.75000000  0.90000000 -0.65073801
 1.75000000  0.95000000 -0.58141839
 1.75000000  1.00000000 -0.43862416
 1.75000000  1.05000000 -0.23044898
 1.75000000  1.10000000  0.02588647
 1.75000000  1.15000000  0.31110488
 1.75000000  1.20000000  0.59927277
 1.75000000  1.25000000  0.86213681
 1.75000000  1.30000000  1.07410985
 1.75000000  1.35000000  1.25410607
 1.75000000  1.40000000  1.38800527
 1.75000000  1.45000000  1.49212953
 1.75000000  1.50000000  1.56175675
 1.75000000  1.55000000  1.60706000
 1.75000000  1.60000000  1.63491495
 1.75000000  1.65000000  1.64706415
 1.75000000  1.70000000  1.66672593
 1.75000000  1.75000000  1.68006712
 1.75000000  1.80000000  1.68696245
 1.75000000  1.85000000  1.68148709
 1.75000000  1.90000000  1.63563492
 1.75000000  1.95000000  1.55131617
 1.75000000  2.00000000  1.44149555
 1.75000000  2.05000000  1.28926555
 1.75000000  2.10000000  1.09548543
 1.75000000  2.15000000  0.88962511
 1.75000000  2.20000000  0.68069146
 1.80000000 -0.25000000 -0.48030813
 1.80000000 -0.20000000 -0.67091896
 1.80000000 -0.15000000 -0.80392595
 1.80000000 -0.10000000 -0.87292572
 1.80000000 -0.05000000 -0.87579689
 1.80000000  0.00000000 -0.85172831
 1.80000000  0.05000000 -0.81846595
 1.80000000  0.10000000 -0.80298979
 1.80000000  0.15000000 -0.82394029
 1.80000000  0.20000000 -0.85737498
 1.80000000  0.25000000 -0.88475068
 1.80000000  0.30000000 -0.87600168
 1.80000000  0.35000000 -0.83335825
 1.80000000  0.40000000 -0.77002106
 1.80000000  0.45000000 -0.69655031
 1.80000000  0.50000000 -0.64569676
 1.80000000  0.55000000 -0.61919938
 1.80000000  0.60000000 -0.61262799
 1.80000000  0.65000000 -0.62863747
 1.80000000  0.70000000 -0.64374998
 1.80000000  0.75000000 -0.67568556
 1.80000000  0.80000000 -0.69025160
 1.80000000  0.85000000 -0.68397718
 1.80000000  0.90000000 -0.64892600
 1.80000000  0.95000000 -0.55349084
 1.80000000  1.00000000 -0.40249605
 1.80000000  1.05000000 -0.18057810
 1.80000000  1.10000000  0.08353601
 1.80000000  1.15000000  0.36616144
 1.80000000  1.20000000  0.67189879
 1.80000000  1.25000000  0.93971154
 1.80000000  1.30000000  1.18165084
 1.80000000  1.35000000  1.37944829
 1.80000000  1.40000000  1.51181526
 1.80000000  1.45000000  1.58625700
 1.80000000  1.50000000  1.61420426
 1.80000000  1.55000000  1.59366883
 1.80000000  1.60000000  1.55748333
 1.80000000  1.65000000  1.51814237
 1.80000000  1.70000000  1.49009327
 1.80000000  1.75000000  1.47944879
 1.80000000  1.80000000  1.48148599
 1.80000000  1.85000000  1.48316304
 1.80000000  1.90000000  1.45651609
 1.80000000  1.95000000  1.39796896
 1.80000000  2.00000000  1.30934164
 1.80000000  2.05000000  1.17931155
 1.80000000  2.10000000  1.00240887
 1.80000000  2.15000000  0.81142367
 1.80000000  2.20000000  0.61686042
 1.85000000 -0.25000000 -0.40704144
 1.85000000 -0.20000000 -0.59860494
 1.85000000 -0.15000000 -0.74355602
 1.85000000 -0.10000000 -0.82605494
 1.85000000 -0.05000000 -0.82746830
 1.85000000  0.00000000 -0.77233529
 1.85000000  0.05000000 -0.70048219
 1.85000000  0.10000000 -0.65024818
 1.85000000  0.15000000 -0.63858840
 1.85000000  0.20000000 -0.64350911
 1.85000000  0.25000000 -0.65582930
 1.85000000  0.30000000 -0.63602914
 1.85000000  0.35000000 -0.60862978
 1.85000000  0.40000000 -0.57188762
 1.85000000  0.45000000 -0.54478752
 1.85000000  0.50000000 -0.53140494
 1.85000000  0.55000000 -0.55705763
 1.85000000  0.60000000 -0.59319473
 1.85000000  0.65000000 -0.64587783
 1.85000000  0.70000000 -0.69271468
 1.85000000  0.75000000 -0.71464477
 1.85000000  0.80000000 -0.71228329
 1.85000000  0.85000000 -0.67462686
 1.85000000  0.90000000 -0.60430996
 1.85000000  0.95000000 -0.48690316
 1.85000000  1.00000000 -0.31525345
 1.85000000  1.05000000 -0.11090332
 1.85000000  1.10000000  0.13376884
 1.85000000  1.15000000  0.39907610
 1.85000000  1.20000000  0.68341499
 1.85000000  1.25000000  0.94939303
 1.85000000  1.30000000  1.19010687
 1.85000000  1.35000000  1.38959900
 1.85000000  1.40000000  1.53306598
 1.85000000  1.45000000  1.59777696
 1.85000000  1.50000000  1.59820942
 1.85000000  1.55000000  1.53359827
 1.85000000  1.60000000  1.44423674
 1.85000000  1.65000000  1.35839473
 1.85000000  1.70000000  1.29158717
 1.85000000  1.75000000  1.26695507
 1.85000000  1.80000000  1.26532525
 1.85000000  1.85000000  1.26187668
 1.85000000  1.90000000  1.26380261
 1.85000000  1.95000000  1.22970844
 1.85000000  2.00000000  1.16087343
 1.85000000  2.05000000  1.05290449
 1.85000000  2.10000000  0.89945029
 1.85000000  2.15000000  0.73328493
 1.85000000  2.20000000  0.54626481
 1.90000000 -0.25000000 -0.35855855
 1.90000000 -0.20000000 -0.54547038
 1.90000000 -0.15000000 -0.68443856
 1.90000000 -0.10000000 -0.75234311
 1.90000000 -0.05000000 -0.74829760
 1.90000000  0.00000000 -0.66968747
 1.90000000  0.05000000 -0.58078486
 1.90000000  0.10000000 -0.49885765
 1.90000000  0.15000000 -0.44582980
 1.90000000  0.20000000 -0.43918178
 1.90000000  0.25000000 -0.43940877
 1.90000000  0.30000000 -0.43144788
 1.90000000  0.35000000 -0.43152676
 1.90000000  0.40000000 -0.41845275
 1.90000000  0.45000000 -0.43382996
 1.90000000  0.50000000 -0.46884834
 1.90000000  0.55000000 -0.53169196
 1.90000000  0.60000000 -0.60763935
 1.90000000  0.65000000 -0.67716769
 1.90000000  0.70000000 -0.72479160
 1.90000000  0.75000000 -0.73412552
 1.90000000  0.80000000 -0.70297542
 1.90000000  0.85000000 -0.63928341
 1.90000000  0.90000000 -0.53144199
 1.90000000  0.95000000 -0.39378384
 1.90000000  1.00000000 -0.23847317
 1.90000000  1.05000000 -0.05787731
 1.90000000  1.10000000  0.14256866
 1.90000000  1.15000000  0.34933003
 1.90000000  1.20000000  0.58149786
 1.90000000  1.25000000  0.82608666
 1.90000000  1.30000000  1.05991008
 1.90000000  1.35000000  1.26417894
 1.90000000  1.40000000  1.41766128
 1.90000000  1.45000000  1.49680777
 1.90000000  1.50000000  1.48304853
 1.90000000  1.55000000  1.40858712
 1.90000000  1.60000000  1.30644848
 1.90000000  1.65000000  1.19121049
 1.90000000  1.70000000  1.10678187
 1.90000000  1.75000000  1.07237950
 1.90000000  1.80000000  1.06440150
 1.90000000  1.85000000  1.07738693
 1.90000000  1.90000000  1.08991847
 1.90000000  1.95000000  1.07555205
 1.90000000  2.00000000  1.03398189
 1.90000000  2.05000000  0.94886244
 1.90000000  2.10000000  0.82691594
 1.90000000  2.15000000  0.67754151
 1.90000000  2.20000000  0.50750190
 1.95000000 -0.25000000 -0.36572995
 1.95000000 -0.20000000 -0.53016499
 1.95000000 -0.15000000 -0.66687087
 1.95000000 -0.10000000 -0.72805764
 1.95000000 -0.05000000 -0.70375410
 1.95000000  0.00000000 -0.62001264
 1.95000000  0.05000000 -0.50932047
 1.95000000  0.10000000 -0.40335334
 1.95000000  0.15000000 -0.33184797
 1.95000000  0.20000000 -0.30413374
 1.95000000  0.25000000 -0.29643586
 1.95000000  0.30000000 -0.30228064
 1.95000000  0.35000000 -0.31225132
 1.95000000  0.40000000 -0.33060705
 1.95000000  0.45000000 -0.36934471
 1.95000000  0.50000000 -0.43688625
 1.95000000  0.55000000 -0.52416758
 1.95000000  0.60000000 -0.61398269
 1.95000000  0.65000000 -0.68792232
 1.95000000  0.70000000 -0.72493641
 1.95000000  0.75000000 -0.72434499
 1.95000000  0.80000000 -0.66680415
 1.95000000  0.85000000 -0.57237737
 1.95000000  0.90000000 -0.46005840
 1.95000000  0.95000000 -0.33077168
 1.95000000  1.00000000 -0.19827892
 1.95000000  1.05000000 -0.07228699
 1.95000000  1.10000000  0.05682983
 1.95000000  1.15000000  0.19268863
 1.95000000  1.20000000  0.35627397
 1.95000000  1.25000000  0.54433902
 1.95000000  1.30000000  0.75440796
 1.95000000  1.35000000  0.96889160
 1.95000000  1.40000000  1.13737911
 1.95000000  1.45000000  1.24099542
 1.95000000  1.50000000  1.26755725
 1.95000000  1.55000000  1.21597081
 1.95000000  1.60000000  1.12889195
 1.95000000  1.65000000  1.03073847
 1.95000000  1.70000000  0.96180585
 1.95000000  1.75000000  0.92951385
 1.95000000  1.80000000  0.93445986
 1.95000000  1.85000000  0.95908640
 1.95000000  1.90000000  0.99014908
 1.95000000  1.95000000  0.99213052
 1.95000000  2.00000000  0.97740018
 1.95000000  2.05000000  0.91025640
 1.95000000  2.10000000  0.81293192
 1.95000000  2.15000000  0.67779107
 1.95000000  2.20000000  0.52143276
 2.00000000 -0.25000000 -0.45354923
 2.00000000 -0.20000000 -0.60857984
 2.00000000 -0.15000000 -0.72753423
 2.00000000 -0.10000000 -0.78962156
 2.00000000 -0.05000000 -0.76695714
 2.00000000  0.00000000 -0.67202640
 2.00000000  0.05000000 -0.55555894
 2.00000000  0.10000000 -0.43297073
 2.00000000  0.15000000 -0.34079222
 2.00000000  0.20000000 -0.28400303
 2.00000000  0.25000000 -0.26960698
 2.00000000  0.30000000 -0.26794375
 2.00000000  0.35000000 -0.27947715
 2.00000000  0.40000000 -0.30771504
 2.00000000  0.45000000 -0.35487172
 2.00000000  0.50000000 -0.43192811
 2.00000000  0.55000000 -0.50827874
 2.00000000  0.60000000 -0.59496957
 2.00000000  0.65000000 -0.65465841
 2.00000000  0.70000000 -0.66849836
 2.00000000  0.75000000 -0.64707649
 2.00000000  0.80000000 -0.58211251
 2.00000000  0.85000000 -0.48936720
 2.00000000  0.90000000 -0.38693426
 2.00000000  0.95000000 -0.28937013
 2.00000000  1.00000000 -0.22220346
 2.00000000  1.05000000 -0.18084150
 2.00000000  1.10000000 -0.14388884
 2.00000000  1.15000000 -0.09523244
 2.00000000  1.20000000 -0.02103670
 2.00000000  1.25000000  0.11519849
 2.00000000  1.30000000  0.29766496
 2.00000000  1.35000000  0.49926120
 2.00000000  1.40000000  0.69220254
 2.00000000  1.45000000  0.84089218
 2.00000000  1.50000000  0.92431821
 2.00000000  1.55000000  0.93624667
 2.00000000  1.60000000  0.90255041
 2.00000000  1.65000000  0.85742274
 2.00000000  1.70000000  0.83050418
 2.00000000  1.75000000  0.83461090
 2.00000000  1.80000000  0.86233406
 2.00000000  1.85000000  0.91645821
 2.00000000  1.90000000  0.95290094
 2.00000000  1.95000000  0.98436413
 2.00000000  2.00000000  0.98827355
 2.00000000  2.05000000  0.95494388
 2.00000000  2.10000000  0.88109617
 2.00000000  2.15000000  0.76813211
 2.00000000  2.20000000  0.63614776
 2.05000000 -0.25000000 -0.61947004
 2.05000000 -0.20000000 -0.76787404
 2.05000000 -0.15000000 -0.88917203
 2.05000000 -0.10000000 -0.94750095
 2.05000000 -0.05000000 -0.93405347
 2.05000000  0.00000000 -0.85371842
 2.05000000  0.05000000 -0.72713450
 2.05000000  0.10000000 -0.60136003
 2.05000000  0.15000000 -0.49779447
 2.05000000  0.20000000 -0.41731315
 2.05000000  0.25000000 -0.37169212
 2.05000000  0.30000000 -0.34196970
 2.05000000  0.35000000 -0.33126781
 2.05000000  0.40000000 -0.33408470
 2.05000000  0.45000000 -0.36655879
 2.05000000  0.50000000 -0.40154237
 2.05000000  0.55000000 -0.46393298
 2.05000000  0.60000000 -0.50829127
 2.05000000  0.65000000 -0.52817865
 2.05000000  0.70000000 -0.53141526
 2.05000000  0.75000000 -0.50010055
 2.05000000  0.80000000 -0.43589075
 2.05000000  0.85000000 -0.37149070
 2.05000000  0.90000000 -0.31296697
 2.05000000  0.95000000 -0.28810308
 2.05000000  1.00000000 -0.29962166
 2.05000000  1.05000000 -0.35490284
 2.05000000  1.10000000 -0.43078003
 2.05000000  1.15000000 -0.48363090
 2.05000000  1.20000000 -0.49621071
 2.05000000  1.25000000 -0.43257995
 2.05000000  1.30000000 -0.29111670
 2.05000000  1.35000000 -0.09617597
 2.05000000  1.40000000  0.11785425
 2.05000000  1.45000000  0.31369519
 2.05000000  1.50000000  0.45959146
 2.05000000  1.55000000  0.55224718
 2.05000000  1.60000000  0.61029954
 2.05000000  1.65000000  0.64711336
 2.05000000  1.70000000  0.69145769
 2.05000000  1.75000000  0.75761457
 2.05000000  1.80000000  0.83728386
 2.05000000  1.85000000  0.92054181
 2.05000000  1.90000000  0.99774489
 2.05000000  1.95000000  1.04802251
 2.05000000  2.00000000  1.08161113
 2.05000000  2.05000000  1.06602368
 2.05000000  2.10000000  1.01787116
 2.05000000  2.15000000  0.93700960
 2.05000000  2.20000000  0.82056003
 2.10000000 -0.25000000 -0.83868526
 2.10000000 -0.20000000 -0.99473938
 2.10000000 -0.15000000 -1.12357716
 2.10000000 -0.10000000 -1.18922749
 2.10000000 -0.05000000 -1.18514065
 2.10000000  0.00000000 -1.12979272
 2.10000000  0.05000000 -1.01326825
 2.10000000  0.10000000 -0.89472314
 2.10000000  0.15000000 -0.77614697
 2.10000000  0.20000000 -0.67256504
 2.10000000  0.25000000 -0.57816615
 2.10000000  0.30000000 -0.50761989
 2.10000000  0.35000000 -0.44822588
 2.10000000  0.40000000 -0.38878442
 2.10000000  0.45000000 -0.35973895
 2.10000000  0.50000000 -0.34838970
 2.10000000  0.55000000 -0.33333326
 2.10000000  0.60000000 -0.33172663
 2.10000000  0.65000000 -0.31908729
 2.10000000  0.70000000 -0.29265996
 2.10000000  0.75000000 -0.26938679
 2.10000000  0.80000000 -0.24323207
 2.10000000  0.85000000 -0.22256832
 2.10000000  0.90000000 -0.24439907
 2.10000000  0.95000000 -0.30716414
 2.10000000  1.00000000 -0.41880419
 2.10000000  1.05000000 -0.58473466
 2.10000000  1.10000000 -0.75727878
 2.10000000  1.15000000 -0.91440754
 2.10000000  1.20000000 -1.00792459
 2.10000000  1.25000000 -1.01712796
 2.10000000  1.30000000 -0.91947573
 2.10000000  1.35000000 -0.74929858
 2.10000000  1.40000000 -0.52735782
 2.10000000  1.45000000 -0.29702117
 2.10000000  1.50000000 -0.09084739
 2.10000000  1.55000000  0.08573588
 2.10000000  1.60000000  0.23632662
 2.10000000  1.65000000  0.37768938
 2.10000000  1.70000000  0.53008938
 2.10000000  1.75000000  0.67426154
 2.10000000  1.80000000  0.82273875
 2.10000000  1.85000000  0.95336579
 2.10000000  1.90000000  1.06490288
 2.10000000  1.95000000  1.14695999
 2.10000000  2.00000000  1.20618668
 2.10000000  2.05000000  1.22025552
 2.10000000  2.10000000  1.19717044
 2.10000000  2.15000000  1.13702544
 2.10000000  2.20000000  1.03542455
 2.15000000 -0.25000000 -1.07913346
 2.15000000 -0.20000000 -1.24474619
 2.15000000 -0.15000000 -1.38335424
 2.15000000 -0.10000000 -1.47072151
 2.15000000 -0.05000000 -1.48639535
 2.15000000  0.00000000 -1.45687507
 2.15000000  0.05000000 -1.37233465
 2.15000000  0.10000000 -1.26076682
 2.15000000  0.15000000 -1.13650929
 2.15000000  0.20000000 -0.99497968
 2.15000000  0.25000000 -0.85668358
 2.15000000  0.30000000 -0.71615855
 2.15000000  0.35000000 -0.59072053
 2.15000000  0.40000000 -0.45412529
 2.15000000  0.45000000 -0.34016452
 2.15000000  0.50000000 -0.23459246
 2.15000000  0.55000000 -0.15488705
 2.15000000  0.60000000 -0.08290660
 2.15000000  0.65000000 -0.03389493
 2.15000000  0.70000000  0.00146319
 2.15000000  0.75000000  0.02229689
 2.15000000  0.80000000  0.01448702
 2.15000000  0.85000000 -0.04482775
 2.15000000  0.90000000 -0.14457775
 2.15000000  0.95000000 -0.31074908
 2.15000000  1.00000000 -0.52336757
 2.15000000  1.05000000 -0.79068595
 2.15000000  1.10000000 -1.06202262
 2.15000000  1.15000000 -1.30723912
 2.15000000  1.20000000 -1.47601425
 2.15000000  1.25000000 -1.55050839
 2.15000000  1.30000000 -1.51079850
 2.15000000  1.35000000 -1.37108629
 2.15000000  1.40000000 -1.16465479
 2.15000000  1.45000000 -0.91289965
 2.15000000  1.50000000 -0.66619308
 2.15000000  1.55000000 -0.40699752
 2.15000000  1.60000000 -0.16027408
 2.15000000  1.65000000  0.08088968
 2.15000000  1.70000000  0.32562461
 2.15000000  1.75000000  0.56303525
 2.15000000  1.80000000  0.78377843
 2.15000000  1.85000000  0.97154250
 2.15000000  1.90000000  1.12037401
 2.15000000  1.95000000  1.23764051
 2.15000000  2.00000000  1.31194685
 2.15000000  2.05000000  1.35110526
 2.15000000  2.10000000  1.36055115
 2.15000000  2.15000000  1.31131829
 2.15000000  2.20000000  1.21959898
 2.20000000 -0.25000000 -1.28665827
 2.20000000 -0.20000000 -1.46799193
 2.20000000 -0.15000000 -1.62018468
 2.20000000 -0.10000000 -1.71888782
 2.20000000 -0.05000000 -1.78375974
 2.20000000  0.00000000 -1.77401098
 2.20000000  0.05000000 -1.72029788
 2.20000000  0.10000000 -1.62589412
 2.20000000  0.15000000 -1.49108901
 2.20000000  0.20000000 -1.33958227
 2.20000000  0.25000000 -1.15125670
 2.20000000  0.30000000 -0.95131541
 2.20000000  0.35000000 -0.73121501
 2.20000000  0.40000000 -0.50991787
 2.20000000  0.45000000 -0.30291942
 2.20000000  0.50000000 -0.10921987
 2.20000000  0.55000000  0.06502964
 2.20000000  0.60000000  0.20659501
 2.20000000  0.65000000  0.29340746
 2.20000000  0.70000000  0.34162346
 2.20000000  0.75000000  0.34224076
 2.20000000  0.80000000  0.29147266
 2.20000000  0.85000000  0.16737058
 2.20000000  0.90000000 -0.01806875
 2.20000000  0.95000000 -0.27190431
 2.20000000  1.00000000 -0.57660768
 2.20000000  1.05000000 -0.91451093
 2.20000000  1.10000000 -1.26747693
 2.20000000  1.15000000 -1.57375519
 2.20000000  1.20000000 -1.81835871
 2.20000000  1.25000000 -1.95009252
 2.20000000  1.30000000 -1.97317223
 2.20000000  1.35000000 -1.87619477
 2.20000000  1.40000000 -1.69949758
 2.20000000  1.45000000 -1.45259872
 2.20000000  1.50000000 -1.17519742
 2.20000000  1.55000000 -0.87070380
 2.20000000  1.60000000 -0.55179129
 2.20000000  1.65000000 -0.22771216
 2.20000000  1.70000000  0.10603773
 2.20000000  1.75000000  0.42064289
 2.20000000  1.80000000  0.70203989
 2.20000000  1.85000000  0.93821965
 2.20000000  1.90000000  1.12368493
 2.20000000  1.95000000  1.25582978
 2.20000000  2.00000000  1.36309026
 2.20000000  2.05000000  1.41757594
 2.20000000  2.10000000  1.43968989
 2.20000000  2.15000000  1.41291069
 2.20000000  2.20000000  1.33183207
