LP
[0.37203747052208636, 0.021694911417581009, 0.39373238193966736, 0.043389822835162017, 0.41542729335724837]
myqEI
[-5.1398253924917334, -11.830392856759733, -14.024863825219267, -15.04679485009707, -16.845635064621739]
PE
[-5.1398253924917334, -14.246920009007235, -19.972263992132056, -22.325788765857776, -21.953751295335689]
BUCB
[-2.9099317616935392, -10.09285435067466, -18.783462611148984, -22.325788765857773, -21.953751295335685]
MLE H=4
[0.37203747052208636, 4.4853703541024839, 10.77744830699328, 16.926213399462576, 23.218291352353372]
H=1
[0.37203747052208636, 4.4853703541024839, 10.77744830699328, 16.926213399462576, 23.218291352353372]
H=2
[-0.22832169967225696, -4.0231145448864991, -6.217585513346032, -4.9205137987145662, -3.5462040764197309]
H=3
[-2.9099317616935392, -10.09285435067466, -15.818198333799481, -16.40788964954999, -11.351825077182726]
LP
[-2.9099317616935392, -5.263456535419258, -8.1733882971127976, -10.526913070838516, -13.436844832532055]
myqEI
[-0.22832169967225696, -4.0231145448864991, -6.217585513346032, -7.2395165382238353, -9.0383567527485038]
PE
[-0.22832169967225696, 1.0687500149592093, 2.6176728151896218, 6.7310056987700193, 13.336765020555813]
BUCB
[-0.22832169967225696, 1.0687500149592093, 2.6176728151896218, 6.7310056987700193, 13.336765020555813]
MLE H=4
[0.37203747052208636, 4.4853703541024839, 10.77744830699328, 16.926213399462576, 23.218291352353372]
H=1
[0.37203747052208636, 4.4853703541024839, 10.77744830699328, 16.926213399462576, 23.218291352353372]
H=2
[-0.22832169967225696, -4.0231145448864991, -6.217585513346032, -4.9205137987145662, -3.5462040764197309]
H=3
[-2.9099317616935392, -10.09285435067466, -15.818198333799481, -16.40788964954999, -11.351825077182726]
LP
[-5.1398253924917334, -14.246920009007235, -19.972263992132056, -22.325788765857776, -25.235720527551315]
myqEI
[-5.1398253924917334, -11.830392856759733, -14.024863825219267, -12.727792110587801, -13.429835005712864]
PE
[0.37203747052208636, 1.8950349913990008, 3.2693447136938358, 7.4877697103103795, 13.779847663201176]
BUCB
[-2.9099317616935392, -10.09285435067466, -18.783462611148984, -22.325788765857773, -21.953751295335685]
MLE H=4
[0.37203747052208636, 4.4853703541024839, 10.77744830699328, 16.926213399462576, 23.218291352353372]
H=1
[0.37203747052208636, 4.4853703541024839, 10.77744830699328, 16.926213399462576, 23.218291352353372]
H=2
[-0.22832169967225696, -4.0231145448864991, -6.217585513346032, -4.9205137987145662, -3.5462040764197309]
H=3
[-2.9099317616935392, -10.09285435067466, -15.818198333799481, -16.40788964954999, -11.351825077182726]
