Physical State
[[ 1.    0.95]
 [ 1.    0.9 ]
 [ 1.    0.85]
 [ 1.    0.8 ]]
Locations
[[ 1.    1.  ]
 [ 1.05  1.  ]
 [ 1.1   1.  ]
 [ 1.15  1.  ]
 [ 1.2   1.  ]
 [ 1.15  1.  ]
 [ 1.1   1.  ]
 [ 1.05  1.  ]
 [ 1.    1.  ]
 [ 1.    0.95]
 [ 1.    0.9 ]
 [ 1.    0.85]
 [ 1.    0.8 ]]
Measurements
[ 0.5656135   0.57628182  0.4547083   0.22724395 -0.07138503  0.22724395
  0.4547083   0.57628182  0.5656135   0.86230251  1.17554985  1.44675119
  1.64829333]
Total accumulated reward = 8.14359347889
Nodes expanded = -1