Physical State
[[ 1.    0.75]
 [ 1.    0.7 ]
 [ 1.    0.65]
 [ 1.    0.6 ]]
Locations
[[ 1.    1.  ]
 [ 1.05  1.  ]
 [ 1.1   1.  ]
 [ 1.15  1.  ]
 [ 1.2   1.  ]
 [ 1.15  1.  ]
 [ 1.1   1.  ]
 [ 1.05  1.  ]
 [ 1.    1.  ]
 [ 1.    0.95]
 [ 1.    0.9 ]
 [ 1.    0.85]
 [ 1.    0.8 ]
 [ 1.    0.75]
 [ 1.    0.7 ]
 [ 1.    0.65]
 [ 1.    0.6 ]]
Measurements
[ 0.5656135   0.57628182  0.4547083   0.22724395 -0.07138503  0.22724395
  0.4547083   0.57628182  0.5656135   0.86230251  1.17554985  1.44675119
  1.64829333  1.77247553  1.79762024  1.73356679  1.58284274]
Total accumulated reward = 15.0300987938
Nodes expanded = -1