-0.25000000 -0.25000000 -1.32116108
-0.25000000 -0.20000000 -1.18482128
-0.25000000 -0.15000000 -0.97698028
-0.25000000 -0.10000000 -0.72874473
-0.25000000 -0.05000000 -0.47662022
-0.25000000  0.00000000 -0.25327933
-0.25000000  0.05000000 -0.06053521
-0.25000000  0.10000000  0.12429905
-0.25000000  0.15000000  0.27970372
-0.25000000  0.20000000  0.44232092
-0.25000000  0.25000000  0.61022207
-0.25000000  0.30000000  0.76913971
-0.25000000  0.35000000  0.91721973
-0.25000000  0.40000000  0.99610259
-0.25000000  0.45000000  0.98455522
-0.25000000  0.50000000  0.89571955
-0.25000000  0.55000000  0.73591100
-0.25000000  0.60000000  0.54285866
-0.25000000  0.65000000  0.34192551
-0.25000000  0.70000000  0.15392719
-0.25000000  0.75000000 -0.01042656
-0.25000000  0.80000000 -0.15304151
-0.25000000  0.85000000 -0.29036063
-0.25000000  0.90000000 -0.43494122
-0.25000000  0.95000000 -0.57784879
-0.25000000  1.00000000 -0.74169022
-0.25000000  1.05000000 -0.89250582
-0.25000000  1.10000000 -1.01484161
-0.25000000  1.15000000 -1.08960609
-0.25000000  1.20000000 -1.09049506
-0.25000000  1.25000000 -0.99328089
-0.25000000  1.30000000 -0.81990758
-0.25000000  1.35000000 -0.56831091
-0.25000000  1.40000000 -0.28452073
-0.25000000  1.45000000 -0.00802173
-0.25000000  1.50000000  0.24833295
-0.25000000  1.55000000  0.46366639
-0.25000000  1.60000000  0.65171510
-0.25000000  1.65000000  0.83709180
-0.25000000  1.70000000  1.02223263
-0.25000000  1.75000000  1.23090630
-0.25000000  1.80000000  1.42938409
-0.25000000  1.85000000  1.58708470
-0.25000000  1.90000000  1.69848732
-0.25000000  1.95000000  1.73917592
-0.25000000  2.00000000  1.72940932
-0.25000000  2.05000000  1.69458572
-0.25000000  2.10000000  1.65445027
-0.25000000  2.15000000  1.67534954
-0.25000000  2.20000000  1.75941134
-0.20000000 -0.25000000 -1.74523183
-0.20000000 -0.20000000 -1.52340782
-0.20000000 -0.15000000 -1.21661936
-0.20000000 -0.10000000 -0.84759769
-0.20000000 -0.05000000 -0.47413539
-0.20000000  0.00000000 -0.12598135
-0.20000000  0.05000000  0.16007589
-0.20000000  0.10000000  0.39780325
-0.20000000  0.15000000  0.60063564
-0.20000000  0.20000000  0.78361633
-0.20000000  0.25000000  0.96101917
-0.20000000  0.30000000  1.11586593
-0.20000000  0.35000000  1.24235830
-0.20000000  0.40000000  1.29172966
-0.20000000  0.45000000  1.24536007
-0.20000000  0.50000000  1.10882784
-0.20000000  0.55000000  0.88084915
-0.20000000  0.60000000  0.61771189
-0.20000000  0.65000000  0.33807332
-0.20000000  0.70000000  0.05884929
-0.20000000  0.75000000 -0.19145230
-0.20000000  0.80000000 -0.41818657
-0.20000000  0.85000000 -0.64122481
-0.20000000  0.90000000 -0.84728029
-0.20000000  0.95000000 -1.04688118
-0.20000000  1.00000000 -1.23996971
-0.20000000  1.05000000 -1.40326724
-0.20000000  1.10000000 -1.52722487
-0.20000000  1.15000000 -1.58829559
-0.20000000  1.20000000 -1.58175461
-0.20000000  1.25000000 -1.48422348
-0.20000000  1.30000000 -1.31039651
-0.20000000  1.35000000 -1.06945989
-0.20000000  1.40000000 -0.79892029
-0.20000000  1.45000000 -0.53073416
-0.20000000  1.50000000 -0.28403380
-0.20000000  1.55000000 -0.04575178
-0.20000000  1.60000000  0.18950031
-0.20000000  1.65000000  0.43169769
-0.20000000  1.70000000  0.71340321
-0.20000000  1.75000000  1.00331229
-0.20000000  1.80000000  1.28244876
-0.20000000  1.85000000  1.51350025
-0.20000000  1.90000000  1.66166607
-0.20000000  1.95000000  1.73249257
-0.20000000  2.00000000  1.71720967
-0.20000000  2.05000000  1.67183756
-0.20000000  2.10000000  1.63208766
-0.20000000  2.15000000  1.63032746
-0.20000000  2.20000000  1.67751033
-0.15000000 -0.25000000 -2.13976987
-0.15000000 -0.20000000 -1.84674752
-0.15000000 -0.15000000 -1.42519614
-0.15000000 -0.10000000 -0.94188850
-0.15000000 -0.05000000 -0.45486702
-0.15000000  0.00000000 -0.01695588
-0.15000000  0.05000000  0.33230096
-0.15000000  0.10000000  0.62205870
-0.15000000  0.15000000  0.83321824
-0.15000000  0.20000000  1.01431756
-0.15000000  0.25000000  1.18070564
-0.15000000  0.30000000  1.33182565
-0.15000000  0.35000000  1.44401893
-0.15000000  0.40000000  1.47354836
-0.15000000  0.45000000  1.41205778
-0.15000000  0.50000000  1.23372999
-0.15000000  0.55000000  0.97767190
-0.15000000  0.60000000  0.65656984
-0.15000000  0.65000000  0.31226642
-0.15000000  0.70000000 -0.01847152
-0.15000000  0.75000000 -0.34053496
-0.15000000  0.80000000 -0.64840959
-0.15000000  0.85000000 -0.92879807
-0.15000000  0.90000000 -1.19900795
-0.15000000  0.95000000 -1.44319858
-0.15000000  1.00000000 -1.65852678
-0.15000000  1.05000000 -1.83503290
-0.15000000  1.10000000 -1.95703197
-0.15000000  1.15000000 -2.01868014
-0.15000000  1.20000000 -1.99427416
-0.15000000  1.25000000 -1.89458827
-0.15000000  1.30000000 -1.72230979
-0.15000000  1.35000000 -1.51123988
-0.15000000  1.40000000 -1.27485679
-0.15000000  1.45000000 -1.03430568
-0.15000000  1.50000000 -0.80336617
-0.15000000  1.55000000 -0.56165294
-0.15000000  1.60000000 -0.28975456
-0.15000000  1.65000000  0.01722358
-0.15000000  1.70000000  0.37482509
-0.15000000  1.75000000  0.75247860
-0.15000000  1.80000000  1.10606999
-0.15000000  1.85000000  1.39462884
-0.15000000  1.90000000  1.58946933
-0.15000000  1.95000000  1.68794694
-0.15000000  2.00000000  1.69025792
-0.15000000  2.05000000  1.64084009
-0.15000000  2.10000000  1.58137969
-0.15000000  2.15000000  1.56204138
-0.15000000  2.20000000  1.57249277
-0.10000000 -0.25000000 -2.45744427
-0.10000000 -0.20000000 -2.06906781
-0.10000000 -0.15000000 -1.56051852
-0.10000000 -0.10000000 -0.99096252
-0.10000000 -0.05000000 -0.42598438
-0.10000000  0.00000000  0.06938763
-0.10000000  0.05000000  0.45990411
-0.10000000  0.10000000  0.74522690
-0.10000000  0.15000000  0.95548324
-0.10000000  0.20000000  1.11431285
-0.10000000  0.25000000  1.25667224
-0.10000000  0.30000000  1.38018807
-0.10000000  0.35000000  1.47302330
-0.10000000  0.40000000  1.49229680
-0.10000000  0.45000000  1.42346432
-0.10000000  0.50000000  1.23875776
-0.10000000  0.55000000  0.97154455
-0.10000000  0.60000000  0.63256741
-0.10000000  0.65000000  0.25756094
-0.10000000  0.70000000 -0.11803314
-0.10000000  0.75000000 -0.48036953
-0.10000000  0.80000000 -0.82963046
-0.10000000  0.85000000 -1.16567528
-0.10000000  0.90000000 -1.46994562
-0.10000000  0.95000000 -1.74417438
-0.10000000  1.00000000 -1.97560533
-0.10000000  1.05000000 -2.15659277
-0.10000000  1.10000000 -2.27362655
-0.10000000  1.15000000 -2.31837225
-0.10000000  1.20000000 -2.28225478
-0.10000000  1.25000000 -2.18837035
-0.10000000  1.30000000 -2.02999471
-0.10000000  1.35000000 -1.85090476
-0.10000000  1.40000000 -1.65487555
-0.10000000  1.45000000 -1.46766345
-0.10000000  1.50000000 -1.27222254
-0.10000000  1.55000000 -1.04179906
-0.10000000  1.60000000 -0.75287660
-0.10000000  1.65000000 -0.39432180
-0.10000000  1.70000000  0.01624860
-0.10000000  1.75000000  0.46576590
-0.10000000  1.80000000  0.88592594
-0.10000000  1.85000000  1.23222385
-0.10000000  1.90000000  1.46346265
-0.10000000  1.95000000  1.58695415
-0.10000000  2.00000000  1.60767688
-0.10000000  2.05000000  1.56889822
-0.10000000  2.10000000  1.50981843
-0.10000000  2.15000000  1.45788529
-0.10000000  2.20000000  1.43383751
-0.05000000 -0.25000000 -2.63271065
-0.05000000 -0.20000000 -2.17994144
-0.05000000 -0.15000000 -1.60858053
-0.05000000 -0.10000000 -0.97843252
-0.05000000 -0.05000000 -0.37137356
-0.05000000  0.00000000  0.14629160
-0.05000000  0.05000000  0.52691770
-0.05000000  0.10000000  0.79626592
-0.05000000  0.15000000  0.96216704
-0.05000000  0.20000000  1.08140384
-0.05000000  0.25000000  1.17469369
-0.05000000  0.30000000  1.26892211
-0.05000000  0.35000000  1.33114831
-0.05000000  0.40000000  1.35284315
-0.05000000  0.45000000  1.27812321
-0.05000000  0.50000000  1.10142189
-0.05000000  0.55000000  0.83752829
-0.05000000  0.60000000  0.49307315
-0.05000000  0.65000000  0.12837626
-0.05000000  0.70000000 -0.25934603
-0.05000000  0.75000000 -0.63861302
-0.05000000  0.80000000 -1.00618601
-0.05000000  0.85000000 -1.34684294
-0.05000000  0.90000000 -1.67087535
-0.05000000  0.95000000 -1.93941473
-0.05000000  1.00000000 -2.17210468
-0.05000000  1.05000000 -2.34210782
-0.05000000  1.10000000 -2.43258235
-0.05000000  1.15000000 -2.45666376
-0.05000000  1.20000000 -2.41665876
-0.05000000  1.25000000 -2.31128767
-0.05000000  1.30000000 -2.18520278
-0.05000000  1.35000000 -2.05016474
-0.05000000  1.40000000 -1.91197484
-0.05000000  1.45000000 -1.79268826
-0.05000000  1.50000000 -1.64620398
-0.05000000  1.55000000 -1.44626482
-0.05000000  1.60000000 -1.17086250
-0.05000000  1.65000000 -0.78897261
-0.05000000  1.70000000 -0.33250548
-0.05000000  1.75000000  0.15506370
-0.05000000  1.80000000  0.62068652
-0.05000000  1.85000000  1.00021066
-0.05000000  1.90000000  1.25946452
-0.05000000  1.95000000  1.40822813
-0.05000000  2.00000000  1.44702607
-0.05000000  2.05000000  1.41344216
-0.05000000  2.10000000  1.35940852
-0.05000000  2.15000000  1.29906441
-0.05000000  2.20000000  1.24238255
 0.00000000 -0.25000000 -2.63881605
 0.00000000 -0.20000000 -2.12692555
 0.00000000 -0.15000000 -1.52416856
 0.00000000 -0.10000000 -0.87992141
 0.00000000 -0.05000000 -0.27598279
 0.00000000  0.00000000  0.21262630
 0.00000000  0.05000000  0.56416892
 0.00000000  0.10000000  0.76232916
 0.00000000  0.15000000  0.88081549
 0.00000000  0.20000000  0.93403426
 0.00000000  0.25000000  0.97661017
 0.00000000  0.30000000  1.02273535
 0.00000000  0.35000000  1.06444524
 0.00000000  0.40000000  1.06194235
 0.00000000  0.45000000  0.98874135
 0.00000000  0.50000000  0.82665409
 0.00000000  0.55000000  0.57651547
 0.00000000  0.60000000  0.26210066
 0.00000000  0.65000000 -0.09935229
 0.00000000  0.70000000 -0.46624184
 0.00000000  0.75000000 -0.82807518
 0.00000000  0.80000000 -1.17031276
 0.00000000  0.85000000 -1.49671964
 0.00000000  0.90000000 -1.79454287
 0.00000000  0.95000000 -2.04199665
 0.00000000  1.00000000 -2.24315490
 0.00000000  1.05000000 -2.38008462
 0.00000000  1.10000000 -2.45270438
 0.00000000  1.15000000 -2.44791702
 0.00000000  1.20000000 -2.39182225
 0.00000000  1.25000000 -2.29818340
 0.00000000  1.30000000 -2.18774808
 0.00000000  1.35000000 -2.10138864
 0.00000000  1.40000000 -2.03825614
 0.00000000  1.45000000 -1.99179861
 0.00000000  1.50000000 -1.90285282
 0.00000000  1.55000000 -1.75536057
 0.00000000  1.60000000 -1.50543849
 0.00000000  1.65000000 -1.13066800
 0.00000000  1.70000000 -0.67162878
 0.00000000  1.75000000 -0.17272225
 0.00000000  1.80000000  0.29626982
 0.00000000  1.85000000  0.68996169
 0.00000000  1.90000000  0.96795072
 0.00000000  1.95000000  1.11681368
 0.00000000  2.00000000  1.18129134
 0.00000000  2.05000000  1.16991434
 0.00000000  2.10000000  1.12998289
 0.00000000  2.15000000  1.06760310
 0.00000000  2.20000000  0.99557127
 0.05000000 -0.25000000 -2.45939117
 0.05000000 -0.20000000 -1.92745288
 0.05000000 -0.15000000 -1.31259911
 0.05000000 -0.10000000 -0.70001813
 0.05000000 -0.05000000 -0.14317739
 0.05000000  0.00000000  0.29023643
 0.05000000  0.05000000  0.56031636
 0.05000000  0.10000000  0.69749058
 0.05000000  0.15000000  0.72835195
 0.05000000  0.20000000  0.71228385
 0.05000000  0.25000000  0.70093786
 0.05000000  0.30000000  0.69670989
 0.05000000  0.35000000  0.70613158
 0.05000000  0.40000000  0.68335548
 0.05000000  0.45000000  0.61934700
 0.05000000  0.50000000  0.45652260
 0.05000000  0.55000000  0.22431233
 0.05000000  0.60000000 -0.06441798
 0.05000000  0.65000000 -0.39383743
 0.05000000  0.70000000 -0.72666688
 0.05000000  0.75000000 -1.05314015
 0.05000000  0.80000000 -1.35072465
 0.05000000  0.85000000 -1.61901772
 0.05000000  0.90000000 -1.87233148
 0.05000000  0.95000000 -2.06641897
 0.05000000  1.00000000 -2.21974943
 0.05000000  1.05000000 -2.30707020
 0.05000000  1.10000000 -2.33954204
 0.05000000  1.15000000 -2.29726964
 0.05000000  1.20000000 -2.22088064
 0.05000000  1.25000000 -2.12756638
 0.05000000  1.30000000 -2.05623780
 0.05000000  1.35000000 -2.02406911
 0.05000000  1.40000000 -2.03669453
 0.05000000  1.45000000 -2.04788785
 0.05000000  1.50000000 -2.04039629
 0.05000000  1.55000000 -1.94774233
 0.05000000  1.60000000 -1.73097249
 0.05000000  1.65000000 -1.39340335
 0.05000000  1.70000000 -0.96505541
 0.05000000  1.75000000 -0.49933957
 0.05000000  1.80000000 -0.05682798
 0.05000000  1.85000000  0.31085374
 0.05000000  1.90000000  0.57443662
 0.05000000  1.95000000  0.73373330
 0.05000000  2.00000000  0.80261277
 0.05000000  2.05000000  0.81561185
 0.05000000  2.10000000  0.79897210
 0.05000000  2.15000000  0.75487155
 0.05000000  2.20000000  0.69614494
 0.10000000 -0.25000000 -2.10990989
 0.10000000 -0.20000000 -1.58878414
 0.10000000 -0.15000000 -1.00663011
 0.10000000 -0.10000000 -0.45016655
 0.10000000 -0.05000000  0.02894157
 0.10000000  0.00000000  0.36461310
 0.10000000  0.05000000  0.55353186
 0.10000000  0.10000000  0.59495414
 0.10000000  0.15000000  0.54955196
 0.10000000  0.20000000  0.46623972
 0.10000000  0.25000000  0.38531999
 0.10000000  0.30000000  0.34032582
 0.10000000  0.35000000  0.31728795
 0.10000000  0.40000000  0.28225726
 0.10000000  0.45000000  0.19630345
 0.10000000  0.50000000  0.04706125
 0.10000000  0.55000000 -0.17253897
 0.10000000  0.60000000 -0.43816671
 0.10000000  0.65000000 -0.73821928
 0.10000000  0.70000000 -1.02205921
 0.10000000  0.75000000 -1.28815846
 0.10000000  0.80000000 -1.52375004
 0.10000000  0.85000000 -1.73153737
 0.10000000  0.90000000 -1.90354639
 0.10000000  0.95000000 -2.03250269
 0.10000000  1.00000000 -2.10980092
 0.10000000  1.05000000 -2.14103302
 0.10000000  1.10000000 -2.11513896
 0.10000000  1.15000000 -2.03808645
 0.10000000  1.20000000 -1.94260330
 0.10000000  1.25000000 -1.86141942
 0.10000000  1.30000000 -1.82365969
 0.10000000  1.35000000 -1.83327740
 0.10000000  1.40000000 -1.90369307
 0.10000000  1.45000000 -1.99643502
 0.10000000  1.50000000 -2.04439698
 0.10000000  1.55000000 -2.00776095
 0.10000000  1.60000000 -1.85365108
 0.10000000  1.65000000 -1.57143115
 0.10000000  1.70000000 -1.19800186
 0.10000000  1.75000000 -0.79615656
 0.10000000  1.80000000 -0.42245301
 0.10000000  1.85000000 -0.10988534
 0.10000000  1.90000000  0.11507800
 0.10000000  1.95000000  0.25404900
 0.10000000  2.00000000  0.32548198
 0.10000000  2.05000000  0.35554612
 0.10000000  2.10000000  0.37734090
 0.10000000  2.15000000  0.37306200
 0.10000000  2.20000000  0.33898144
 0.15000000 -0.25000000 -1.65245329
 0.15000000 -0.20000000 -1.15790849
 0.15000000 -0.15000000 -0.64572774
 0.15000000 -0.10000000 -0.16727743
 0.15000000 -0.05000000  0.20169490
 0.15000000  0.00000000  0.43631872
 0.15000000  0.05000000  0.51260494
 0.15000000  0.10000000  0.46353271
 0.15000000  0.15000000  0.34335301
 0.15000000  0.20000000  0.19353454
 0.15000000  0.25000000  0.06964935
 0.15000000  0.30000000 -0.00810172
 0.15000000  0.35000000 -0.06299142
 0.15000000  0.40000000 -0.12026883
 0.15000000  0.45000000 -0.20021093
 0.15000000  0.50000000 -0.34621994
 0.15000000  0.55000000 -0.54266649
 0.15000000  0.60000000 -0.79272013
 0.15000000  0.65000000 -1.05392248
 0.15000000  0.70000000 -1.30384508
 0.15000000  0.75000000 -1.50920183
 0.15000000  0.80000000 -1.68785733
 0.15000000  0.85000000 -1.82189215
 0.15000000  0.90000000 -1.90344763
 0.15000000  0.95000000 -1.96092470
 0.15000000  1.00000000 -1.96197432
 0.15000000  1.05000000 -1.92559112
 0.15000000  1.10000000 -1.84226063
 0.15000000  1.15000000 -1.72926756
 0.15000000  1.20000000 -1.61417095
 0.15000000  1.25000000 -1.53288596
 0.15000000  1.30000000 -1.51441155
 0.15000000  1.35000000 -1.56747955
 0.15000000  1.40000000 -1.69027947
 0.15000000  1.45000000 -1.82490204
 0.15000000  1.50000000 -1.93195732
 0.15000000  1.55000000 -1.95090244
 0.15000000  1.60000000 -1.84819825
 0.15000000  1.65000000 -1.63886860
 0.15000000  1.70000000 -1.34653744
 0.15000000  1.75000000 -1.03337219
 0.15000000  1.80000000 -0.75455297
 0.15000000  1.85000000 -0.53673514
 0.15000000  1.90000000 -0.38250158
 0.15000000  1.95000000 -0.28229509
 0.15000000  2.00000000 -0.21590914
 0.15000000  2.05000000 -0.16595348
 0.15000000  2.10000000 -0.10764733
 0.15000000  2.15000000 -0.06813459
 0.15000000  2.20000000 -0.04449361
 0.20000000 -0.25000000 -1.16305426
 0.20000000 -0.20000000 -0.73009416
 0.20000000 -0.15000000 -0.29430867
 0.20000000 -0.10000000  0.08442057
 0.20000000 -0.05000000  0.34252697
 0.20000000  0.00000000  0.46321642
 0.20000000  0.05000000  0.43867103
 0.20000000  0.10000000  0.30966897
 0.20000000  0.15000000  0.10463130
 0.20000000  0.20000000 -0.08375213
 0.20000000  0.25000000 -0.24444889
 0.20000000  0.30000000 -0.34961244
 0.20000000  0.35000000 -0.41330469
 0.20000000  0.40000000 -0.46220315
 0.20000000  0.45000000 -0.54023782
 0.20000000  0.50000000 -0.67281871
 0.20000000  0.55000000 -0.86073252
 0.20000000  0.60000000 -1.08310739
 0.20000000  0.65000000 -1.31295276
 0.20000000  0.70000000 -1.52496418
 0.20000000  0.75000000 -1.70400033
 0.20000000  0.80000000 -1.81883563
 0.20000000  0.85000000 -1.88198424
 0.20000000  0.90000000 -1.90383402
 0.20000000  0.95000000 -1.88253115
 0.20000000  1.00000000 -1.81594815
 0.20000000  1.05000000 -1.70519577
 0.20000000  1.10000000 -1.57274925
 0.20000000  1.15000000 -1.41970785
 0.20000000  1.20000000 -1.29843045
 0.20000000  1.25000000 -1.20259802
 0.20000000  1.30000000 -1.19368725
 0.20000000  1.35000000 -1.27544162
 0.20000000  1.40000000 -1.41935047
 0.20000000  1.45000000 -1.59141729
 0.20000000  1.50000000 -1.72862725
 0.20000000  1.55000000 -1.77955579
 0.20000000  1.60000000 -1.72714194
 0.20000000  1.65000000 -1.59265055
 0.20000000  1.70000000 -1.39044836
 0.20000000  1.75000000 -1.19817697
 0.20000000  1.80000000 -1.03306099
 0.20000000  1.85000000 -0.92786497
 0.20000000  1.90000000 -0.86407262
 0.20000000  1.95000000 -0.82266561
 0.20000000  2.00000000 -0.76742428
 0.20000000  2.05000000 -0.69832231
 0.20000000  2.10000000 -0.61741847
 0.20000000  2.15000000 -0.51270962
 0.20000000  2.20000000 -0.42830019
 0.25000000 -0.25000000 -0.74403418
 0.25000000 -0.20000000 -0.37460793
 0.25000000 -0.15000000 -0.03308943
 0.25000000 -0.10000000  0.23984929
 0.25000000 -0.05000000  0.39618056
 0.25000000  0.00000000  0.41754947
 0.25000000  0.05000000  0.30314301
 0.25000000  0.10000000  0.09077135
 0.25000000  0.15000000 -0.16008865
 0.25000000  0.20000000 -0.39279691
 0.25000000  0.25000000 -0.56140782
 0.25000000  0.30000000 -0.67897191
 0.25000000  0.35000000 -0.71470139
 0.25000000  0.40000000 -0.74489799
 0.25000000  0.45000000 -0.79715274
 0.25000000  0.50000000 -0.89900314
 0.25000000  0.55000000 -1.06006964
 0.25000000  0.60000000 -1.26446698
 0.25000000  0.65000000 -1.46470814
 0.25000000  0.70000000 -1.66580002
 0.25000000  0.75000000 -1.81395726
 0.25000000  0.80000000 -1.90829114
 0.25000000  0.85000000 -1.92777694
 0.25000000  0.90000000 -1.90207911
 0.25000000  0.95000000 -1.81780417
 0.25000000  1.00000000 -1.69801274
 0.25000000  1.05000000 -1.54645147
 0.25000000  1.10000000 -1.36096744
 0.25000000  1.15000000 -1.17889074
 0.25000000  1.20000000 -1.02363755
 0.25000000  1.25000000 -0.92507161
 0.25000000  1.30000000 -0.90876555
 0.25000000  1.35000000 -0.99115980
 0.25000000  1.40000000 -1.13520186
 0.25000000  1.45000000 -1.30208017
 0.25000000  1.50000000 -1.44691333
 0.25000000  1.55000000 -1.52337990
 0.25000000  1.60000000 -1.51838512
 0.25000000  1.65000000 -1.43779019
 0.25000000  1.70000000 -1.33703149
 0.25000000  1.75000000 -1.25902412
 0.25000000  1.80000000 -1.23966689
 0.25000000  1.85000000 -1.24707648
 0.25000000  1.90000000 -1.28389689
 0.25000000  1.95000000 -1.30303954
 0.25000000  2.00000000 -1.27522366
 0.25000000  2.05000000 -1.19472718
 0.25000000  2.10000000 -1.06896452
 0.25000000  2.15000000 -0.92018529
 0.25000000  2.20000000 -0.77660300
 0.30000000 -0.25000000 -0.45338420
 0.30000000 -0.20000000 -0.16897416
 0.30000000 -0.15000000  0.09132156
 0.30000000 -0.10000000  0.26772825
 0.30000000 -0.05000000  0.34660412
 0.30000000  0.00000000  0.26970656
 0.30000000  0.05000000  0.08734751
 0.30000000  0.10000000 -0.17847041
 0.30000000  0.15000000 -0.46910333
 0.30000000  0.20000000 -0.71531878
 0.30000000  0.25000000 -0.88641632
 0.30000000  0.30000000 -0.96751596
 0.30000000  0.35000000 -0.97825528
 0.30000000  0.40000000 -0.95438514
 0.30000000  0.45000000 -0.96073770
 0.30000000  0.50000000 -1.01356977
 0.30000000  0.55000000 -1.12857592
 0.30000000  0.60000000 -1.29989704
 0.30000000  0.65000000 -1.50552197
 0.30000000  0.70000000 -1.69317414
 0.30000000  0.75000000 -1.83438923
 0.30000000  0.80000000 -1.93060550
 0.30000000  0.85000000 -1.94890628
 0.30000000  0.90000000 -1.90831243
 0.30000000  0.95000000 -1.80607708
 0.30000000  1.00000000 -1.65955734
 0.30000000  1.05000000 -1.47243202
 0.30000000  1.10000000 -1.26156361
 0.30000000  1.15000000 -1.05242984
 0.30000000  1.20000000 -0.87260782
 0.30000000  1.25000000 -0.74592851
 0.30000000  1.30000000 -0.71507857
 0.30000000  1.35000000 -0.75768493
 0.30000000  1.40000000 -0.86763483
 0.30000000  1.45000000 -1.00916397
 0.30000000  1.50000000 -1.12583279
 0.30000000  1.55000000 -1.20198095
 0.30000000  1.60000000 -1.22302685
 0.30000000  1.65000000 -1.21541648
 0.30000000  1.70000000 -1.21265539
 0.30000000  1.75000000 -1.24490658
 0.30000000  1.80000000 -1.33576052
 0.30000000  1.85000000 -1.46577059
 0.30000000  1.90000000 -1.58536985
 0.30000000  1.95000000 -1.66419490
 0.30000000  2.00000000 -1.66364765
 0.30000000  2.05000000 -1.57519974
 0.30000000  2.10000000 -1.42889844
 0.30000000  2.15000000 -1.24386368
 0.30000000  2.20000000 -1.05532060
 0.35000000 -0.25000000 -0.32455858
 0.35000000 -0.20000000 -0.12175266
 0.35000000 -0.15000000  0.05432281
 0.35000000 -0.10000000  0.16706536
 0.35000000 -0.05000000  0.16358835
 0.35000000  0.00000000  0.03334332
 0.35000000  0.05000000 -0.19598843
 0.35000000  0.10000000 -0.49298843
 0.35000000  0.15000000 -0.79616436
 0.35000000  0.20000000 -1.04147220
 0.35000000  0.25000000 -1.17987169
 0.35000000  0.30000000 -1.21936772
 0.35000000  0.35000000 -1.16612127
 0.35000000  0.40000000 -1.08054413
 0.35000000  0.45000000 -0.99864365
 0.35000000  0.50000000 -0.98650659
 0.35000000  0.55000000 -1.05175018
 0.35000000  0.60000000 -1.20160179
 0.35000000  0.65000000 -1.39250186
 0.35000000  0.70000000 -1.60405807
 0.35000000  0.75000000 -1.76998919
 0.35000000  0.80000000 -1.88497208
 0.35000000  0.85000000 -1.94109414
 0.35000000  0.90000000 -1.92146626
 0.35000000  0.95000000 -1.83496630
 0.35000000  1.00000000 -1.70089094
 0.35000000  1.05000000 -1.51132910
 0.35000000  1.10000000 -1.29800028
 0.35000000  1.15000000 -1.07838742
 0.35000000  1.20000000 -0.86748314
 0.35000000  1.25000000 -0.71382155
 0.35000000  1.30000000 -0.61619709
 0.35000000  1.35000000 -0.61037730
 0.35000000  1.40000000 -0.65707920
 0.35000000  1.45000000 -0.73298331
 0.35000000  1.50000000 -0.80965707
 0.35000000  1.55000000 -0.86389368
 0.35000000  1.60000000 -0.90440353
 0.35000000  1.65000000 -0.94610289
 0.35000000  1.70000000 -1.01577375
 0.35000000  1.75000000 -1.14590445
 0.35000000  1.80000000 -1.34333764
 0.35000000  1.85000000 -1.56211556
 0.35000000  1.90000000 -1.75647135
 0.35000000  1.95000000 -1.87549687
 0.35000000  2.00000000 -1.89228291
 0.35000000  2.05000000 -1.80887462
 0.35000000  2.10000000 -1.64803218
 0.35000000  2.15000000 -1.44587671
 0.35000000  2.20000000 -1.22891271
 0.40000000 -0.25000000 -0.35976772
 0.40000000 -0.20000000 -0.24025821
 0.40000000 -0.15000000 -0.12535092
 0.40000000 -0.10000000 -0.07070205
 0.40000000 -0.05000000 -0.11539497
 0.40000000  0.00000000 -0.26694965
 0.40000000  0.05000000 -0.52002999
 0.40000000  0.10000000 -0.82706579
 0.40000000  0.15000000 -1.11753115
 0.40000000  0.20000000 -1.32880618
 0.40000000  0.25000000 -1.42884039
 0.40000000  0.30000000 -1.39942368
 0.40000000  0.35000000 -1.26480527
 0.40000000  0.40000000 -1.08453281
 0.40000000  0.45000000 -0.91412325
 0.40000000  0.50000000 -0.82557595
 0.40000000  0.55000000 -0.83412876
 0.40000000  0.60000000 -0.95292845
 0.40000000  0.65000000 -1.15532831
 0.40000000  0.70000000 -1.38323506
 0.40000000  0.75000000 -1.61128324
 0.40000000  0.80000000 -1.78131890
 0.40000000  0.85000000 -1.89497890
 0.40000000  0.90000000 -1.93152458
 0.40000000  0.95000000 -1.90389962
 0.40000000  1.00000000 -1.81958852
 0.40000000  1.05000000 -1.67705598
 0.40000000  1.10000000 -1.47957212
 0.40000000  1.15000000 -1.25936093
 0.40000000  1.20000000 -1.03285925
 0.40000000  1.25000000 -0.82999358
 0.40000000  1.30000000 -0.67141647
 0.40000000  1.35000000 -0.56731488
 0.40000000  1.40000000 -0.51738181
 0.40000000  1.45000000 -0.51233180
 0.40000000  1.50000000 -0.52618995
 0.40000000  1.55000000 -0.55257305
 0.40000000  1.60000000 -0.59115371
 0.40000000  1.65000000 -0.67322550
 0.40000000  1.70000000 -0.80109044
 0.40000000  1.75000000 -1.01007835
 0.40000000  1.80000000 -1.26791346
 0.40000000  1.85000000 -1.54846873
 0.40000000  1.90000000 -1.78555655
 0.40000000  1.95000000 -1.92612308
 0.40000000  2.00000000 -1.95858784
 0.40000000  2.05000000 -1.87070721
 0.40000000  2.10000000 -1.70789412
 0.40000000  2.15000000 -1.51475358
 0.40000000  2.20000000 -1.30189708
 0.45000000 -0.25000000 -0.51188455
 0.45000000 -0.20000000 -0.46175832
 0.45000000 -0.15000000 -0.41152927
 0.45000000 -0.10000000 -0.39548755
 0.45000000 -0.05000000 -0.46152683
 0.45000000  0.00000000 -0.61443791
 0.45000000  0.05000000 -0.86090245
 0.45000000  0.10000000 -1.13973986
 0.45000000  0.15000000 -1.39187558
 0.45000000  0.20000000 -1.54895012
 0.45000000  0.25000000 -1.57523725
 0.45000000  0.30000000 -1.46651414
 0.45000000  0.35000000 -1.23869731
 0.45000000  0.40000000 -0.97035882
 0.45000000  0.45000000 -0.70781440
 0.45000000  0.50000000 -0.54085408
 0.45000000  0.55000000 -0.50210453
 0.45000000  0.60000000 -0.60253429
 0.45000000  0.65000000 -0.81190464
 0.45000000  0.70000000 -1.07426741
 0.45000000  0.75000000 -1.36198987
 0.45000000  0.80000000 -1.61987049
 0.45000000  0.85000000 -1.81474977
 0.45000000  0.90000000 -1.94133650
 0.45000000  0.95000000 -2.00611407
 0.45000000  1.00000000 -1.99358108
 0.45000000  1.05000000 -1.92000400
 0.45000000  1.10000000 -1.77176606
 0.45000000  1.15000000 -1.56807959
 0.45000000  1.20000000 -1.32886584
 0.45000000  1.25000000 -1.07420437
 0.45000000  1.30000000 -0.82963835
 0.45000000  1.35000000 -0.62499755
 0.45000000  1.40000000 -0.46637097
 0.45000000  1.45000000 -0.36156391
 0.45000000  1.50000000 -0.30501021
 0.45000000  1.55000000 -0.29407791
 0.45000000  1.60000000 -0.32729570
 0.45000000  1.65000000 -0.43665662
 0.45000000  1.70000000 -0.60764361
 0.45000000  1.75000000 -0.85556804
 0.45000000  1.80000000 -1.14540755
 0.45000000  1.85000000 -1.43737364
 0.45000000  1.90000000 -1.69201369
 0.45000000  1.95000000 -1.83668809
 0.45000000  2.00000000 -1.85836142
 0.45000000  2.05000000 -1.78907872
 0.45000000  2.10000000 -1.63316859
 0.45000000  2.15000000 -1.46164714
 0.45000000  2.20000000 -1.28915748
 0.50000000 -0.25000000 -0.72316009
 0.50000000 -0.20000000 -0.74898263
 0.50000000 -0.15000000 -0.76272542
 0.50000000 -0.10000000 -0.77756322
 0.50000000 -0.05000000 -0.84818179
 0.50000000  0.00000000 -0.99047953
 0.50000000  0.05000000 -1.18578615
 0.50000000  0.10000000 -1.41070992
 0.50000000  0.15000000 -1.58540803
 0.50000000  0.20000000 -1.66336652
 0.50000000  0.25000000 -1.60373708
 0.50000000  0.30000000 -1.40013114
 0.50000000  0.35000000 -1.08604386
 0.50000000  0.40000000 -0.72633445
 0.50000000  0.45000000 -0.39502935
 0.50000000  0.50000000 -0.16465402
 0.50000000  0.55000000 -0.09121791
 0.50000000  0.60000000 -0.17336507
 0.50000000  0.65000000 -0.39961852
 0.50000000  0.70000000 -0.71950747
 0.50000000  0.75000000 -1.06317082
 0.50000000  0.80000000 -1.40322754
 0.50000000  0.85000000 -1.69562911
 0.50000000  0.90000000 -1.92793812
 0.50000000  0.95000000 -2.08985704
 0.50000000  1.00000000 -2.18606393
 0.50000000  1.05000000 -2.19919591
 0.50000000  1.10000000 -2.11564263
 0.50000000  1.15000000 -1.94844766
 0.50000000  1.20000000 -1.70472547
 0.50000000  1.25000000 -1.39686841
 0.50000000  1.30000000 -1.07783338
 0.50000000  1.35000000 -0.76698997
 0.50000000  1.40000000 -0.50516042
 0.50000000  1.45000000 -0.29610256
 0.50000000  1.50000000 -0.16909645
 0.50000000  1.55000000 -0.11831963
 0.50000000  1.60000000 -0.14949769
 0.50000000  1.65000000 -0.25594293
 0.50000000  1.70000000 -0.44553479
 0.50000000  1.75000000 -0.71080617
 0.50000000  1.80000000 -1.00406561
 0.50000000  1.85000000 -1.28651972
 0.50000000  1.90000000 -1.51447088
 0.50000000  1.95000000 -1.64191406
 0.50000000  2.00000000 -1.66687648
 0.50000000  2.05000000 -1.58666942
 0.50000000  2.10000000 -1.45730823
 0.50000000  2.15000000 -1.33094197
 0.50000000  2.20000000 -1.21486503
 0.55000000 -0.25000000 -0.93515164
 0.55000000 -0.20000000 -1.05775229
 0.55000000 -0.15000000 -1.12662249
 0.55000000 -0.10000000 -1.17426480
 0.55000000 -0.05000000 -1.23746167
 0.55000000  0.00000000 -1.34024269
 0.55000000  0.05000000 -1.47655283
 0.55000000  0.10000000 -1.60199250
 0.55000000  0.15000000 -1.68852790
 0.55000000  0.20000000 -1.66469489
 0.55000000  0.25000000 -1.50509001
 0.55000000  0.30000000 -1.21216859
 0.55000000  0.35000000 -0.82235857
 0.55000000  0.40000000 -0.39368045
 0.55000000  0.45000000 -0.00780927
 0.55000000  0.50000000  0.25269928
 0.55000000  0.55000000  0.34590794
 0.55000000  0.60000000  0.25776827
 0.55000000  0.65000000  0.00589694
 0.55000000  0.70000000 -0.34502268
 0.55000000  0.75000000 -0.75776592
 0.55000000  0.80000000 -1.17148850
 0.55000000  0.85000000 -1.54951753
 0.55000000  0.90000000 -1.88437000
 0.55000000  0.95000000 -2.14655486
 0.55000000  1.00000000 -2.34238494
 0.55000000  1.05000000 -2.44218804
 0.55000000  1.10000000 -2.43081750
 0.55000000  1.15000000 -2.31220747
 0.55000000  1.20000000 -2.07095774
 0.55000000  1.25000000 -1.73748115
 0.55000000  1.30000000 -1.35235304
 0.55000000  1.35000000 -0.96470032
 0.55000000  1.40000000 -0.59889270
 0.55000000  1.45000000 -0.31978532
 0.55000000  1.50000000 -0.13227124
 0.55000000  1.55000000 -0.04243804
 0.55000000  1.60000000 -0.05996627
 0.55000000  1.65000000 -0.16654370
 0.55000000  1.70000000 -0.35721974
 0.55000000  1.75000000 -0.59792576
 0.55000000  1.80000000 -0.86941434
 0.55000000  1.85000000 -1.11745987
 0.55000000  1.90000000 -1.30710878
 0.55000000  1.95000000 -1.40445535
 0.55000000  2.00000000 -1.41186604
 0.55000000  2.05000000 -1.33549337
 0.55000000  2.10000000 -1.24489095
 0.55000000  2.15000000 -1.16114712
 0.55000000  2.20000000 -1.11061963
 0.60000000 -0.25000000 -1.10118788
 0.60000000 -0.20000000 -1.32059709
 0.60000000 -0.15000000 -1.46454278
 0.60000000 -0.10000000 -1.55181366
 0.60000000 -0.05000000 -1.61360844
 0.60000000  0.00000000 -1.65785051
 0.60000000  0.05000000 -1.71212380
 0.60000000  0.10000000 -1.73993658
 0.60000000  0.15000000 -1.69106242
 0.60000000  0.20000000 -1.55728222
 0.60000000  0.25000000 -1.29086492
 0.60000000  0.30000000 -0.91849644
 0.60000000  0.35000000 -0.47328655
 0.60000000  0.40000000 -0.01176109
 0.60000000  0.45000000  0.38923855
 0.60000000  0.50000000  0.64859998
 0.60000000  0.55000000  0.74108376
 0.60000000  0.60000000  0.63681038
 0.60000000  0.65000000  0.36463385
 0.60000000  0.70000000 -0.02087444
 0.60000000  0.75000000 -0.47557479
 0.60000000  0.80000000 -0.94573724
 0.60000000  0.85000000 -1.39223623
 0.60000000  0.90000000 -1.79560946
 0.60000000  0.95000000 -2.14807504
 0.60000000  1.00000000 -2.42722809
 0.60000000  1.05000000 -2.60679256
 0.60000000  1.10000000 -2.65842110
 0.60000000  1.15000000 -2.57467832
 0.60000000  1.20000000 -2.35563408
 0.60000000  1.25000000 -2.01941667
 0.60000000  1.30000000 -1.58881610
 0.60000000  1.35000000 -1.14496016
 0.60000000  1.40000000 -0.73454101
 0.60000000  1.45000000 -0.40406737
 0.60000000  1.50000000 -0.18519518
 0.60000000  1.55000000 -0.07894489
 0.60000000  1.60000000 -0.07024779
 0.60000000  1.65000000 -0.17059672
 0.60000000  1.70000000 -0.34246144
 0.60000000  1.75000000 -0.54997174
 0.60000000  1.80000000 -0.78348448
 0.60000000  1.85000000 -0.97739953
 0.60000000  1.90000000 -1.11692572
 0.60000000  1.95000000 -1.17334313
 0.60000000  2.00000000 -1.16462816
 0.60000000  2.05000000 -1.09272793
 0.60000000  2.10000000 -1.02684241
 0.60000000  2.15000000 -0.99213652
 0.60000000  2.20000000 -0.99320695
 0.65000000 -0.25000000 -1.21364038
 0.65000000 -0.20000000 -1.52445226
 0.65000000 -0.15000000 -1.74127699
 0.65000000 -0.10000000 -1.86180788
 0.65000000 -0.05000000 -1.92219893
 0.65000000  0.00000000 -1.92926215
 0.65000000  0.05000000 -1.89091881
 0.65000000  0.10000000 -1.80598640
 0.65000000  0.15000000 -1.63840104
 0.65000000  0.20000000 -1.38349692
 0.65000000  0.25000000 -1.02660639
 0.65000000  0.30000000 -0.58492858
 0.65000000  0.35000000 -0.10534801
 0.65000000  0.40000000  0.36097727
 0.65000000  0.45000000  0.73712741
 0.65000000  0.50000000  0.98005759
 0.65000000  0.55000000  1.04108235
 0.65000000  0.60000000  0.92132497
 0.65000000  0.65000000  0.63135696
 0.65000000  0.70000000  0.22224160
 0.65000000  0.75000000 -0.25264983
 0.65000000  0.80000000 -0.74795218
 0.65000000  0.85000000 -1.22852030
 0.65000000  0.90000000 -1.67923299
 0.65000000  0.95000000 -2.07980070
 0.65000000  1.00000000 -2.39942104
 0.65000000  1.05000000 -2.63230267
 0.65000000  1.10000000 -2.73754976
 0.65000000  1.15000000 -2.69751618
 0.65000000  1.20000000 -2.50456339
 0.65000000  1.25000000 -2.17375271
 0.65000000  1.30000000 -1.75369291
 0.65000000  1.35000000 -1.29625549
 0.65000000  1.40000000 -0.87234808
 0.65000000  1.45000000 -0.52995344
 0.65000000  1.50000000 -0.30779515
 0.65000000  1.55000000 -0.20414563
 0.65000000  1.60000000 -0.19413395
 0.65000000  1.65000000 -0.26950218
 0.65000000  1.70000000 -0.41524120
 0.65000000  1.75000000 -0.58796035
 0.65000000  1.80000000 -0.75165614
 0.65000000  1.85000000 -0.89156158
 0.65000000  1.90000000 -0.97888031
 0.65000000  1.95000000 -0.99280233
 0.65000000  2.00000000 -0.95249777
 0.65000000  2.05000000 -0.88255326
 0.65000000  2.10000000 -0.83245765
 0.65000000  2.15000000 -0.82369273
 0.65000000  2.20000000 -0.87891546
 0.70000000 -0.25000000 -1.24081771
 0.70000000 -0.20000000 -1.63817288
 0.70000000 -0.15000000 -1.92475308
 0.70000000 -0.10000000 -2.09417081
 0.70000000 -0.05000000 -2.14858136
 0.70000000  0.00000000 -2.11641686
 0.70000000  0.05000000 -2.00167792
 0.70000000  0.10000000 -1.81888725
 0.70000000  0.15000000 -1.53301706
 0.70000000  0.20000000 -1.17060265
 0.70000000  0.25000000 -0.72933318
 0.70000000  0.30000000 -0.25323921
 0.70000000  0.35000000  0.23155159
 0.70000000  0.40000000  0.65876873
 0.70000000  0.45000000  0.99809937
 0.70000000  0.50000000  1.19516912
 0.70000000  0.55000000  1.21734954
 0.70000000  0.60000000  1.07178408
 0.70000000  0.65000000  0.77564335
 0.70000000  0.70000000  0.37430928
 0.70000000  0.75000000 -0.10243928
 0.70000000  0.80000000 -0.59695610
 0.70000000  0.85000000 -1.08139838
 0.70000000  0.90000000 -1.53851113
 0.70000000  0.95000000 -1.94805727
 0.70000000  1.00000000 -2.28201947
 0.70000000  1.05000000 -2.52484896
 0.70000000  1.10000000 -2.64381705
 0.70000000  1.15000000 -2.62531522
 0.70000000  1.20000000 -2.46222149
 0.70000000  1.25000000 -2.17270737
 0.70000000  1.30000000 -1.78758606
 0.70000000  1.35000000 -1.37897430
 0.70000000  1.40000000 -0.98195854
 0.70000000  1.45000000 -0.67688530
 0.70000000  1.50000000 -0.47130712
 0.70000000  1.55000000 -0.38211530
 0.70000000  1.60000000 -0.39291750
 0.70000000  1.65000000 -0.46146481
 0.70000000  1.70000000 -0.57814695
 0.70000000  1.75000000 -0.69440423
 0.70000000  1.80000000 -0.80017427
 0.70000000  1.85000000 -0.87417554
 0.70000000  1.90000000 -0.89423651
 0.70000000  1.95000000 -0.86417688
 0.70000000  2.00000000 -0.79133828
 0.70000000  2.05000000 -0.70973940
 0.70000000  2.10000000 -0.65570309
 0.70000000  2.15000000 -0.66874273
 0.70000000  2.20000000 -0.74387913
 0.75000000 -0.25000000 -1.18595221
 0.75000000 -0.20000000 -1.64960363
 0.75000000 -0.15000000 -1.99966797
 0.75000000 -0.10000000 -2.20128976
 0.75000000 -0.05000000 -2.27480332
 0.75000000  0.00000000 -2.21835782
 0.75000000  0.05000000 -2.03788300
 0.75000000  0.10000000 -1.76417942
 0.75000000  0.15000000 -1.39092484
 0.75000000  0.20000000 -0.95626369
 0.75000000  0.25000000 -0.46287260
 0.75000000  0.30000000  0.03450322
 0.75000000  0.35000000  0.48780525
 0.75000000  0.40000000  0.87913554
 0.75000000  0.45000000  1.14584409
 0.75000000  0.50000000  1.28281613
 0.75000000  0.55000000  1.26367041
 0.75000000  0.60000000  1.10309434
 0.75000000  0.65000000  0.80537854
 0.75000000  0.70000000  0.42549574
 0.75000000  0.75000000 -0.02178523
 0.75000000  0.80000000 -0.49596777
 0.75000000  0.85000000 -0.95820990
 0.75000000  0.90000000 -1.38347571
 0.75000000  0.95000000 -1.76067331
 0.75000000  1.00000000 -2.06332538
 0.75000000  1.05000000 -2.28157999
 0.75000000  1.10000000 -2.38372805
 0.75000000  1.15000000 -2.37918113
 0.75000000  1.20000000 -2.24508450
 0.75000000  1.25000000 -1.99752520
 0.75000000  1.30000000 -1.68950530
 0.75000000  1.35000000 -1.34262732
 0.75000000  1.40000000 -1.03282821
 0.75000000  1.45000000 -0.79194718
 0.75000000  1.50000000 -0.65466685
 0.75000000  1.55000000 -0.60616686
 0.75000000  1.60000000 -0.63609106
 0.75000000  1.65000000 -0.70839684
 0.75000000  1.70000000 -0.78773447
 0.75000000  1.75000000 -0.86285360
 0.75000000  1.80000000 -0.90981194
 0.75000000  1.85000000 -0.91779194
 0.75000000  1.90000000 -0.87127299
 0.75000000  1.95000000 -0.78661534
 0.75000000  2.00000000 -0.67465325
 0.75000000  2.05000000 -0.56246155
 0.75000000  2.10000000 -0.49612931
 0.75000000  2.15000000 -0.50110622
 0.75000000  2.20000000 -0.57316233
 0.80000000 -0.25000000 -1.04303292
 0.80000000 -0.20000000 -1.55502023
 0.80000000 -0.15000000 -1.94590843
 0.80000000 -0.10000000 -2.18274911
 0.80000000 -0.05000000 -2.27098833
 0.80000000  0.00000000 -2.20261383
 0.80000000  0.05000000 -1.98365853
 0.80000000  0.10000000 -1.65966981
 0.80000000  0.15000000 -1.22986279
 0.80000000  0.20000000 -0.73788598
 0.80000000  0.25000000 -0.23401763
 0.80000000  0.30000000  0.24791003
 0.80000000  0.35000000  0.66531217
 0.80000000  0.40000000  0.98207714
 0.80000000  0.45000000  1.18094260
 0.80000000  0.50000000  1.25716421
 0.80000000  0.55000000  1.20709617
 0.80000000  0.60000000  1.03127295
 0.80000000  0.65000000  0.75602937
 0.80000000  0.70000000  0.40161081
 0.80000000  0.75000000 -0.00981601
 0.80000000  0.80000000 -0.43649219
 0.80000000  0.85000000 -0.85365460
 0.80000000  0.90000000 -1.22438900
 0.80000000  0.95000000 -1.53423114
 0.80000000  1.00000000 -1.77496243
 0.80000000  1.05000000 -1.93494858
 0.80000000  1.10000000 -2.00840681
 0.80000000  1.15000000 -1.98241600
 0.80000000  1.20000000 -1.87721937
 0.80000000  1.25000000 -1.68625330
 0.80000000  1.30000000 -1.44655639
 0.80000000  1.35000000 -1.20098351
 0.80000000  1.40000000 -0.99830216
 0.80000000  1.45000000 -0.85379695
 0.80000000  1.50000000 -0.80286920
 0.80000000  1.55000000 -0.81478037
 0.80000000  1.60000000 -0.87644380
 0.80000000  1.65000000 -0.95568300
 0.80000000  1.70000000 -1.02367286
 0.80000000  1.75000000 -1.05329844
 0.80000000  1.80000000 -1.04447645
 0.80000000  1.85000000 -0.98456293
 0.80000000  1.90000000 -0.87516586
 0.80000000  1.95000000 -0.72918779
 0.80000000  2.00000000 -0.56527770
 0.80000000  2.05000000 -0.41342151
 0.80000000  2.10000000 -0.32411475
 0.80000000  2.15000000 -0.30818984
 0.80000000  2.20000000 -0.35846516
 0.85000000 -0.25000000 -0.83859479
 0.85000000 -0.20000000 -1.37487272
 0.85000000 -0.15000000 -1.77459484
 0.85000000 -0.10000000 -2.03353491
 0.85000000 -0.05000000 -2.13487670
 0.85000000  0.00000000 -2.06541307
 0.85000000  0.05000000 -1.84547620
 0.85000000  0.10000000 -1.47959033
 0.85000000  0.15000000 -1.03606226
 0.85000000  0.20000000 -0.53635562
 0.85000000  0.25000000 -0.03838001
 0.85000000  0.30000000  0.40455099
 0.85000000  0.35000000  0.75921913
 0.85000000  0.40000000  1.01070946
 0.85000000  0.45000000  1.14430998
 0.85000000  0.50000000  1.15688150
 0.85000000  0.55000000  1.07494574
 0.85000000  0.60000000  0.89978646
 0.85000000  0.65000000  0.63999095
 0.85000000  0.70000000  0.32291605
 0.85000000  0.75000000 -0.03405816
 0.85000000  0.80000000 -0.41506869
 0.85000000  0.85000000 -0.76510873
 0.85000000  0.90000000 -1.06511485
 0.85000000  0.95000000 -1.31001044
 0.85000000  1.00000000 -1.47062238
 0.85000000  1.05000000 -1.54675396
 0.85000000  1.10000000 -1.56137993
 0.85000000  1.15000000 -1.49867948
 0.85000000  1.20000000 -1.39355044
 0.85000000  1.25000000 -1.25433423
 0.85000000  1.30000000 -1.09088418
 0.85000000  1.35000000 -0.96100911
 0.85000000  1.40000000 -0.86245571
 0.85000000  1.45000000 -0.83986641
 0.85000000  1.50000000 -0.87417608
 0.85000000  1.55000000 -0.95692200
 0.85000000  1.60000000 -1.06482877
 0.85000000  1.65000000 -1.15874765
 0.85000000  1.70000000 -1.21793742
 0.85000000  1.75000000 -1.21007092
 0.85000000  1.80000000 -1.15742811
 0.85000000  1.85000000 -1.03582596
 0.85000000  1.90000000 -0.86958583
 0.85000000  1.95000000 -0.65406706
 0.85000000  2.00000000 -0.43813124
 0.85000000  2.05000000 -0.25629593
 0.85000000  2.10000000 -0.13393508
 0.85000000  2.15000000 -0.07846637
 0.85000000  2.20000000 -0.11081701
 0.90000000 -0.25000000 -0.60668729
 0.90000000 -0.20000000 -1.10875635
 0.90000000 -0.15000000 -1.51443991
 0.90000000 -0.10000000 -1.78770471
 0.90000000 -0.05000000 -1.89823721
 0.90000000  0.00000000 -1.84706395
 0.90000000  0.05000000 -1.63473374
 0.90000000  0.10000000 -1.28187880
 0.90000000  0.15000000 -0.83248425
 0.90000000  0.20000000 -0.34941336
 0.90000000  0.25000000  0.11448129
 0.90000000  0.30000000  0.50768286
 0.90000000  0.35000000  0.80468998
 0.90000000  0.40000000  0.98133028
 0.90000000  0.45000000  1.04473037
 0.90000000  0.50000000  1.01661935
 0.90000000  0.55000000  0.90871782
 0.90000000  0.60000000  0.72443153
 0.90000000  0.65000000  0.49867872
 0.90000000  0.70000000  0.21532661
 0.90000000  0.75000000 -0.09414500
 0.90000000  0.80000000 -0.40967616
 0.90000000  0.85000000 -0.69709329
 0.90000000  0.90000000 -0.92737138
 0.90000000  0.95000000 -1.08606822
 0.90000000  1.00000000 -1.15793805
 0.90000000  1.05000000 -1.15349347
 0.90000000  1.10000000 -1.08487155
 0.90000000  1.15000000 -0.98341339
 0.90000000  1.20000000 -0.86746062
 0.90000000  1.25000000 -0.75816253
 0.90000000  1.30000000 -0.66964847
 0.90000000  1.35000000 -0.62542327
 0.90000000  1.40000000 -0.64457708
 0.90000000  1.45000000 -0.71182080
 0.90000000  1.50000000 -0.83217502
 0.90000000  1.55000000 -0.98497489
 0.90000000  1.60000000 -1.13884448
 0.90000000  1.65000000 -1.26054960
 0.90000000  1.70000000 -1.31172182
 0.90000000  1.75000000 -1.29648662
 0.90000000  1.80000000 -1.19171038
 0.90000000  1.85000000 -1.02901516
 0.90000000  1.90000000 -0.80268288
 0.90000000  1.95000000 -0.53876450
 0.90000000  2.00000000 -0.28057266
 0.90000000  2.05000000 -0.07506852
 0.90000000  2.10000000  0.07353538
 0.90000000  2.15000000  0.15057015
 0.90000000  2.20000000  0.13917837
 0.95000000 -0.25000000 -0.37443382
 0.95000000 -0.20000000 -0.82685436
 0.95000000 -0.15000000 -1.21370906
 0.95000000 -0.10000000 -1.48504977
 0.95000000 -0.05000000 -1.61174042
 0.95000000  0.00000000 -1.57064756
 0.95000000  0.05000000 -1.37818402
 0.95000000  0.10000000 -1.05623104
 0.95000000  0.15000000 -0.62820919
 0.95000000  0.20000000 -0.17791745
 0.95000000  0.25000000  0.23992705
 0.95000000  0.30000000  0.58303957
 0.95000000  0.35000000  0.81034622
 0.95000000  0.40000000  0.91401447
 0.95000000  0.45000000  0.91944386
 0.95000000  0.50000000  0.84659842
 0.95000000  0.55000000  0.71947328
 0.95000000  0.60000000  0.54981837
 0.95000000  0.65000000  0.34050597
 0.95000000  0.70000000  0.09055862
 0.95000000  0.75000000 -0.15844264
 0.95000000  0.80000000 -0.41032104
 0.95000000  0.85000000 -0.63318850
 0.95000000  0.90000000 -0.78721100
 0.95000000  0.95000000 -0.87008445
 0.95000000  1.00000000 -0.85731539
 0.95000000  1.05000000 -0.77101399
 0.95000000  1.10000000 -0.63478212
 0.95000000  1.15000000 -0.48772231
 0.95000000  1.20000000 -0.35643924
 0.95000000  1.25000000 -0.25923404
 0.95000000  1.30000000 -0.22663125
 0.95000000  1.35000000 -0.25726856
 0.95000000  1.40000000 -0.34771357
 0.95000000  1.45000000 -0.49393895
 0.95000000  1.50000000 -0.68485568
 0.95000000  1.55000000 -0.88588869
 0.95000000  1.60000000 -1.07303538
 0.95000000  1.65000000 -1.20919786
 0.95000000  1.70000000 -1.26801648
 0.95000000  1.75000000 -1.23763393
 0.95000000  1.80000000 -1.12333493
 0.95000000  1.85000000 -0.91914802
 0.95000000  1.90000000 -0.65838922
 0.95000000  1.95000000 -0.36725845
 0.95000000  2.00000000 -0.09850751
 0.95000000  2.05000000  0.12792921
 0.95000000  2.10000000  0.27207746
 0.95000000  2.15000000  0.34916490
 0.95000000  2.20000000  0.33606936
 1.00000000 -0.25000000 -0.18554718
 1.00000000 -0.20000000 -0.58515651
 1.00000000 -0.15000000 -0.93829271
 1.00000000 -0.10000000 -1.18989079
 1.00000000 -0.05000000 -1.33332445
 1.00000000  0.00000000 -1.31564132
 1.00000000  0.05000000 -1.14128057
 1.00000000  0.10000000 -0.83864396
 1.00000000  0.15000000 -0.44588664
 1.00000000  0.20000000 -0.04051242
 1.00000000  0.25000000  0.33348395
 1.00000000  0.30000000  0.61394958
 1.00000000  0.35000000  0.77973494
 1.00000000  0.40000000  0.82888194
 1.00000000  0.45000000  0.78258883
 1.00000000  0.50000000  0.68715770
 1.00000000  0.55000000  0.53006036
 1.00000000  0.60000000  0.36123529
 1.00000000  0.65000000  0.17270179
 1.00000000  0.70000000 -0.02371925
 1.00000000  0.75000000 -0.21852886
 1.00000000  0.80000000 -0.40290631
 1.00000000  0.85000000 -0.56622431
 1.00000000  0.90000000 -0.65240963
 1.00000000  0.95000000 -0.65683592
 1.00000000  1.00000000 -0.57287335
 1.00000000  1.05000000 -0.42500729
 1.00000000  1.10000000 -0.22749731
 1.00000000  1.15000000 -0.04074566
 1.00000000  1.20000000  0.10655097
 1.00000000  1.25000000  0.19142602
 1.00000000  1.30000000  0.19713283
 1.00000000  1.35000000  0.11635202
 1.00000000  1.40000000 -0.02390211
 1.00000000  1.45000000 -0.21402501
 1.00000000  1.50000000 -0.42745414
 1.00000000  1.55000000 -0.65308465
 1.00000000  1.60000000 -0.85359155
 1.00000000  1.65000000 -0.99432703
 1.00000000  1.70000000 -1.05163073
 1.00000000  1.75000000 -1.02878894
 1.00000000  1.80000000 -0.90759370
 1.00000000  1.85000000 -0.70083004
 1.00000000  1.90000000 -0.43792498
 1.00000000  1.95000000 -0.15919641
 1.00000000  2.00000000  0.11020292
 1.00000000  2.05000000  0.30817559
 1.00000000  2.10000000  0.42874815
 1.00000000  2.15000000  0.47387576
 1.00000000  2.20000000  0.44163776
 1.05000000 -0.25000000 -0.07483423
 1.05000000 -0.20000000 -0.39946233
 1.05000000 -0.15000000 -0.71590691
 1.05000000 -0.10000000 -0.96030304
 1.05000000 -0.05000000 -1.10635989
 1.05000000  0.00000000 -1.10504263
 1.05000000  0.05000000 -0.95389055
 1.05000000  0.10000000 -0.67796670
 1.05000000  0.15000000 -0.32078643
 1.05000000  0.20000000  0.05234009
 1.05000000  0.25000000  0.37772808
 1.05000000  0.30000000  0.60724480
 1.05000000  0.35000000  0.72104950
 1.05000000  0.40000000  0.72249661
 1.05000000  0.45000000  0.63414266
 1.05000000  0.50000000  0.49643167
 1.05000000  0.55000000  0.33785768
 1.05000000  0.60000000  0.18067472
 1.05000000  0.65000000  0.01645945
 1.05000000  0.70000000 -0.12805098
 1.05000000  0.75000000 -0.26717438
 1.05000000  0.80000000 -0.38939161
 1.05000000  0.85000000 -0.47194672
 1.05000000  0.90000000 -0.48903815
 1.05000000  0.95000000 -0.43326764
 1.05000000  1.00000000 -0.29449398
 1.05000000  1.05000000 -0.09832374
 1.05000000  1.10000000  0.12919951
 1.05000000  1.15000000  0.34021430
 1.05000000  1.20000000  0.48261790
 1.05000000  1.25000000  0.55836992
 1.05000000  1.30000000  0.54171092
 1.05000000  1.35000000  0.44568179
 1.05000000  1.40000000  0.29206864
 1.05000000  1.45000000  0.09530780
 1.05000000  1.50000000 -0.11630106
 1.05000000  1.55000000 -0.31420338
 1.05000000  1.60000000 -0.50407015
 1.05000000  1.65000000 -0.63402088
 1.05000000  1.70000000 -0.70155673
 1.05000000  1.75000000 -0.68772196
 1.05000000  1.80000000 -0.58041125
 1.05000000  1.85000000 -0.39752503
 1.05000000  1.90000000 -0.16575081
 1.05000000  1.95000000  0.07619398
 1.05000000  2.00000000  0.28723596
 1.05000000  2.05000000  0.43802276
 1.05000000  2.10000000  0.51246974
 1.05000000  2.15000000  0.49856290
 1.05000000  2.20000000  0.42824302
 1.10000000 -0.25000000 -0.07144777
 1.10000000 -0.20000000 -0.33825060
 1.10000000 -0.15000000 -0.61125914
 1.10000000 -0.10000000 -0.84438955
 1.10000000 -0.05000000 -0.98531602
 1.10000000  0.00000000 -0.99415275
 1.10000000  0.05000000 -0.86122456
 1.10000000  0.10000000 -0.60311029
 1.10000000  0.15000000 -0.27191636
 1.10000000  0.20000000  0.07582101
 1.10000000  0.25000000  0.36465076
 1.10000000  0.30000000  0.54843517
 1.10000000  0.35000000  0.61484616
 1.10000000  0.40000000  0.58687767
 1.10000000  0.45000000  0.46728021
 1.10000000  0.50000000  0.31333716
 1.10000000  0.55000000  0.15191479
 1.10000000  0.60000000  0.00165299
 1.10000000  0.65000000 -0.12241477
 1.10000000  0.70000000 -0.21617776
 1.10000000  0.75000000 -0.29217059
 1.10000000  0.80000000 -0.34411842
 1.10000000  0.85000000 -0.34801116
 1.10000000  0.90000000 -0.30708954
 1.10000000  0.95000000 -0.18829044
 1.10000000  1.00000000 -0.01239151
 1.10000000  1.05000000  0.20829584
 1.10000000  1.10000000  0.43882118
 1.10000000  1.15000000  0.63803522
 1.10000000  1.20000000  0.76646651
 1.10000000  1.25000000  0.81740318
 1.10000000  1.30000000  0.78030174
 1.10000000  1.35000000  0.68687236
 1.10000000  1.40000000  0.54556165
 1.10000000  1.45000000  0.37803237
 1.10000000  1.50000000  0.21542770
 1.10000000  1.55000000  0.05498667
 1.10000000  1.60000000 -0.09156734
 1.10000000  1.65000000 -0.20824047
 1.10000000  1.70000000 -0.26628967
 1.10000000  1.75000000 -0.26808204
 1.10000000  1.80000000 -0.19139973
 1.10000000  1.85000000 -0.06044337
 1.10000000  1.90000000  0.10654000
 1.10000000  1.95000000  0.28144623
 1.10000000  2.00000000  0.41481174
 1.10000000  2.05000000  0.48650963
 1.10000000  2.10000000  0.47578589
 1.10000000  2.15000000  0.40313787
 1.10000000  2.20000000  0.29989000
 1.15000000 -0.25000000 -0.18256526
 1.15000000 -0.20000000 -0.40440010
 1.15000000 -0.15000000 -0.64019641
 1.15000000 -0.10000000 -0.85147187
 1.15000000 -0.05000000 -0.98593263
 1.15000000  0.00000000 -1.00417751
 1.15000000  0.05000000 -0.87790154
 1.15000000  0.10000000 -0.62920391
 1.15000000  0.15000000 -0.31183304
 1.15000000  0.20000000  0.00562115
 1.15000000  0.25000000  0.26626286
 1.15000000  0.30000000  0.42225502
 1.15000000  0.35000000  0.46470569
 1.15000000  0.40000000  0.40959627
 1.15000000  0.45000000  0.27702989
 1.15000000  0.50000000  0.11265137
 1.15000000  0.55000000 -0.03866383
 1.15000000  0.60000000 -0.16195053
 1.15000000  0.65000000 -0.24462623
 1.15000000  0.70000000 -0.28749451
 1.15000000  0.75000000 -0.28330923
 1.15000000  0.80000000 -0.25817879
 1.15000000  0.85000000 -0.18860563
 1.15000000  0.90000000 -0.08598005
 1.15000000  0.95000000  0.08213457
 1.15000000  1.00000000  0.27735296
 1.15000000  1.05000000  0.49412946
 1.15000000  1.10000000  0.70543756
 1.15000000  1.15000000  0.86947793
 1.15000000  1.20000000  0.95492084
 1.15000000  1.25000000  0.96201082
 1.15000000  1.30000000  0.90714115
 1.15000000  1.35000000  0.80938012
 1.15000000  1.40000000  0.69752207
 1.15000000  1.45000000  0.57905074
 1.15000000  1.50000000  0.48788345
 1.15000000  1.55000000  0.39910293
 1.15000000  1.60000000  0.31038763
 1.15000000  1.65000000  0.23160185
 1.15000000  1.70000000  0.17236038
 1.15000000  1.75000000  0.14981692
 1.15000000  1.80000000  0.17011599
 1.15000000  1.85000000  0.24671641
 1.15000000  1.90000000  0.33681748
 1.15000000  1.95000000  0.41125443
 1.15000000  2.00000000  0.45089107
 1.15000000  2.05000000  0.43365250
 1.15000000  2.10000000  0.35437880
 1.15000000  2.15000000  0.24150381
 1.15000000  2.20000000  0.08308422
 1.20000000 -0.25000000 -0.38582783
 1.20000000 -0.20000000 -0.56969042
 1.20000000 -0.15000000 -0.78230159
 1.20000000 -0.10000000 -0.98011456
 1.20000000 -0.05000000 -1.11117507
 1.20000000  0.00000000 -1.12623993
 1.20000000  0.05000000 -1.00244043
 1.20000000  0.10000000 -0.75902314
 1.20000000  0.15000000 -0.45472501
 1.20000000  0.20000000 -0.14310010
 1.20000000  0.25000000  0.10286287
 1.20000000  0.30000000  0.23836830
 1.20000000  0.35000000  0.26272248
 1.20000000  0.40000000  0.19426670
 1.20000000  0.45000000  0.06520389
 1.20000000  0.50000000 -0.08324004
 1.20000000  0.55000000 -0.21364631
 1.20000000  0.60000000 -0.30233308
 1.20000000  0.65000000 -0.33868226
 1.20000000  0.70000000 -0.31764805
 1.20000000  0.75000000 -0.25005166
 1.20000000  0.80000000 -0.14502571
 1.20000000  0.85000000 -0.00560217
 1.20000000  0.90000000  0.16797697
 1.20000000  0.95000000  0.37018718
 1.20000000  1.00000000  0.57384111
 1.20000000  1.05000000  0.77283202
 1.20000000  1.10000000  0.92901273
 1.20000000  1.15000000  1.01226136
 1.20000000  1.20000000  1.03837056
 1.20000000  1.25000000  0.99692952
 1.20000000  1.30000000  0.90056813
 1.20000000  1.35000000  0.80571723
 1.20000000  1.40000000  0.73562699
 1.20000000  1.45000000  0.68906228
 1.20000000  1.50000000  0.65644726
 1.20000000  1.55000000  0.64088007
 1.20000000  1.60000000  0.61433333
 1.20000000  1.65000000  0.58160401
 1.20000000  1.70000000  0.53903011
 1.20000000  1.75000000  0.49433246
 1.20000000  1.80000000  0.46668348
 1.20000000  1.85000000  0.46140980
 1.20000000  1.90000000  0.46122355
 1.20000000  1.95000000  0.44082930
 1.20000000  2.00000000  0.38918452
 1.20000000  2.05000000  0.29130075
 1.20000000  2.10000000  0.16489484
 1.20000000  2.15000000  0.00315549
 1.20000000  2.20000000 -0.15109679
 1.25000000 -0.25000000 -0.64461562
 1.25000000 -0.20000000 -0.81047224
 1.25000000 -0.15000000 -1.00821374
 1.25000000 -0.10000000 -1.18950458
 1.25000000 -0.05000000 -1.31433642
 1.25000000  0.00000000 -1.32208398
 1.25000000  0.05000000 -1.20462728
 1.25000000  0.10000000 -0.96687332
 1.25000000  0.15000000 -0.66369917
 1.25000000  0.20000000 -0.36302638
 1.25000000  0.25000000 -0.13278367
 1.25000000  0.30000000  0.00210059
 1.25000000  0.35000000  0.02752989
 1.25000000  0.40000000 -0.02319202
 1.25000000  0.45000000 -0.13382039
 1.25000000  0.50000000 -0.26227874
 1.25000000  0.55000000 -0.35420749
 1.25000000  0.60000000 -0.39821116
 1.25000000  0.65000000 -0.38110523
 1.25000000  0.70000000 -0.29815801
 1.25000000  0.75000000 -0.17428537
 1.25000000  0.80000000  0.00240716
 1.25000000  0.85000000  0.21144859
 1.25000000  0.90000000  0.43587174
 1.25000000  0.95000000  0.65913162
 1.25000000  1.00000000  0.86185451
 1.25000000  1.05000000  1.01343126
 1.25000000  1.10000000  1.09622871
 1.25000000  1.15000000  1.09824115
 1.25000000  1.20000000  1.02625527
 1.25000000  1.25000000  0.90800974
 1.25000000  1.30000000  0.78000892
 1.25000000  1.35000000  0.68530837
 1.25000000  1.40000000  0.64100293
 1.25000000  1.45000000  0.66333332
 1.25000000  1.50000000  0.70630700
 1.25000000  1.55000000  0.76407331
 1.25000000  1.60000000  0.80271044
 1.25000000  1.65000000  0.81074661
 1.25000000  1.70000000  0.78086234
 1.25000000  1.75000000  0.72537700
 1.25000000  1.80000000  0.64721890
 1.25000000  1.85000000  0.56460126
 1.25000000  1.90000000  0.46763324
 1.25000000  1.95000000  0.36540548
 1.25000000  2.00000000  0.23586715
 1.25000000  2.05000000  0.08573104
 1.25000000  2.10000000 -0.06721812
 1.25000000  2.15000000 -0.22146568
 1.25000000  2.20000000 -0.36813950
 1.30000000 -0.25000000 -0.91133106
 1.30000000 -0.20000000 -1.08207888
 1.30000000 -0.15000000 -1.26717130
 1.30000000 -0.10000000 -1.44147848
 1.30000000 -0.05000000 -1.55222469
 1.30000000  0.00000000 -1.54749387
 1.30000000  0.05000000 -1.42985686
 1.30000000  0.10000000 -1.19520050
 1.30000000  0.15000000 -0.90370159
 1.30000000  0.20000000 -0.61420045
 1.30000000  0.25000000 -0.38237214
 1.30000000  0.30000000 -0.24679505
 1.30000000  0.35000000 -0.19875658
 1.30000000  0.40000000 -0.23583960
 1.30000000  0.45000000 -0.31192359
 1.30000000  0.50000000 -0.39317869
 1.30000000  0.55000000 -0.43617250
 1.30000000  0.60000000 -0.42581960
 1.30000000  0.65000000 -0.36042047
 1.30000000  0.70000000 -0.22819780
 1.30000000  0.75000000 -0.04230253
 1.30000000  0.80000000  0.19445027
 1.30000000  0.85000000  0.44844593
 1.30000000  0.90000000  0.69473762
 1.30000000  0.95000000  0.93015554
 1.30000000  1.00000000  1.10263962
 1.30000000  1.05000000  1.20691422
 1.30000000  1.10000000  1.19973142
 1.30000000  1.15000000  1.10813980
 1.30000000  1.20000000  0.94038143
 1.30000000  1.25000000  0.74269145
 1.30000000  1.30000000  0.57039212
 1.30000000  1.35000000  0.47745789
 1.30000000  1.40000000  0.45370608
 1.30000000  1.45000000  0.50755651
 1.30000000  1.50000000  0.62331649
 1.30000000  1.55000000  0.74583694
 1.30000000  1.60000000  0.84067197
 1.30000000  1.65000000  0.89068874
 1.30000000  1.70000000  0.88577488
 1.30000000  1.75000000  0.82107328
 1.30000000  1.80000000  0.71034298
 1.30000000  1.85000000  0.55910239
 1.30000000  1.90000000  0.39244099
 1.30000000  1.95000000  0.21144423
 1.30000000  2.00000000  0.02560398
 1.30000000  2.05000000 -0.13144181
 1.30000000  2.10000000 -0.28398606
 1.30000000  2.15000000 -0.40866439
 1.30000000  2.20000000 -0.51470018
 1.35000000 -0.25000000 -1.16464053
 1.35000000 -0.20000000 -1.32965773
 1.35000000 -0.15000000 -1.50974344
 1.35000000 -0.10000000 -1.67642552
 1.35000000 -0.05000000 -1.77194719
 1.35000000  0.00000000 -1.76915388
 1.35000000  0.05000000 -1.64415031
 1.35000000  0.10000000 -1.41935561
 1.35000000  0.15000000 -1.14149465
 1.35000000  0.20000000 -0.85539294
 1.35000000  0.25000000 -0.62991706
 1.35000000  0.30000000 -0.47610674
 1.35000000  0.35000000 -0.40179594
 1.35000000  0.40000000 -0.39398878
 1.35000000  0.45000000 -0.42513264
 1.35000000  0.50000000 -0.45292948
 1.35000000  0.55000000 -0.44487628
 1.35000000  0.60000000 -0.38986924
 1.35000000  0.65000000 -0.27380249
 1.35000000  0.70000000 -0.09251817
 1.35000000  0.75000000  0.13836129
 1.35000000  0.80000000  0.39634396
 1.35000000  0.85000000  0.68514796
 1.35000000  0.90000000  0.94960267
 1.35000000  0.95000000  1.16743805
 1.35000000  1.00000000  1.30426169
 1.35000000  1.05000000  1.32903634
 1.35000000  1.10000000  1.24138526
 1.35000000  1.15000000  1.04076755
 1.35000000  1.20000000  0.78410032
 1.35000000  1.25000000  0.52422256
 1.35000000  1.30000000  0.31675412
 1.35000000  1.35000000  0.20626571
 1.35000000  1.40000000  0.20500262
 1.35000000  1.45000000  0.29530598
 1.35000000  1.50000000  0.45467044
 1.35000000  1.55000000  0.62448606
 1.35000000  1.60000000  0.76406142
 1.35000000  1.65000000  0.85803751
 1.35000000  1.70000000  0.87433694
 1.35000000  1.75000000  0.81301170
 1.35000000  1.80000000  0.67946421
 1.35000000  1.85000000  0.49502291
 1.35000000  1.90000000  0.27659516
 1.35000000  1.95000000  0.04255401
 1.35000000  2.00000000 -0.17000785
 1.35000000  2.05000000 -0.34399208
 1.35000000  2.10000000 -0.46210133
 1.35000000  2.15000000 -0.54140180
 1.35000000  2.20000000 -0.57586092
 1.40000000 -0.25000000 -1.32955957
 1.40000000 -0.20000000 -1.51624411
 1.40000000 -0.15000000 -1.69215910
 1.40000000 -0.10000000 -1.84580568
 1.40000000 -0.05000000 -1.93532341
 1.40000000  0.00000000 -1.92169622
 1.40000000  0.05000000 -1.79665586
 1.40000000  0.10000000 -1.58780777
 1.40000000  0.15000000 -1.31898983
 1.40000000  0.20000000 -1.04478926
 1.40000000  0.25000000 -0.81460177
 1.40000000  0.30000000 -0.63724528
 1.40000000  0.35000000 -0.53393954
 1.40000000  0.40000000 -0.47983622
 1.40000000  0.45000000 -0.45993854
 1.40000000  0.50000000 -0.43722473
 1.40000000  0.55000000 -0.37882627
 1.40000000  0.60000000 -0.28184143
 1.40000000  0.65000000 -0.12430144
 1.40000000  0.70000000  0.08544324
 1.40000000  0.75000000  0.33272354
 1.40000000  0.80000000  0.61527654
 1.40000000  0.85000000  0.90512644
 1.40000000  0.90000000  1.16111411
 1.40000000  0.95000000  1.34751026
 1.40000000  1.00000000  1.43519994
 1.40000000  1.05000000  1.39783666
 1.40000000  1.10000000  1.21350140
 1.40000000  1.15000000  0.93484093
 1.40000000  1.20000000  0.59820196
 1.40000000  1.25000000  0.28535259
 1.40000000  1.30000000  0.05116352
 1.40000000  1.35000000 -0.05964208
 1.40000000  1.40000000 -0.04846342
 1.40000000  1.45000000  0.05660029
 1.40000000  1.50000000  0.23736834
 1.40000000  1.55000000  0.43866770
 1.40000000  1.60000000  0.61746710
 1.40000000  1.65000000  0.73954582
 1.40000000  1.70000000  0.79619687
 1.40000000  1.75000000  0.76257392
 1.40000000  1.80000000  0.62914186
 1.40000000  1.85000000  0.41379281
 1.40000000  1.90000000  0.16225473
 1.40000000  1.95000000 -0.09736091
 1.40000000  2.00000000 -0.32521960
 1.40000000  2.05000000 -0.48626592
 1.40000000  2.10000000 -0.56908984
 1.40000000  2.15000000 -0.58454009
 1.40000000  2.20000000 -0.57110418
 1.45000000 -0.25000000 -1.43606968
 1.45000000 -0.20000000 -1.62993807
 1.45000000 -0.15000000 -1.80440448
 1.45000000 -0.10000000 -1.93534808
 1.45000000 -0.05000000 -2.00596976
 1.45000000  0.00000000 -1.97714829
 1.45000000  0.05000000 -1.85753138
 1.45000000  0.10000000 -1.66086469
 1.45000000  0.15000000 -1.41068506
 1.45000000  0.20000000 -1.14467072
 1.45000000  0.25000000 -0.90135336
 1.45000000  0.30000000 -0.71135151
 1.45000000  0.35000000 -0.57654851
 1.45000000  0.40000000 -0.48252835
 1.45000000  0.45000000 -0.41236397
 1.45000000  0.50000000 -0.34214602
 1.45000000  0.55000000 -0.23885485
 1.45000000  0.60000000 -0.10894738
 1.45000000  0.65000000  0.06487861
 1.45000000  0.70000000  0.28702461
 1.45000000  0.75000000  0.54021588
 1.45000000  0.80000000  0.81355162
 1.45000000  0.85000000  1.07998778
 1.45000000  0.90000000  1.30603098
 1.45000000  0.95000000  1.45261831
 1.45000000  1.00000000  1.48565321
 1.45000000  1.05000000  1.37997251
 1.45000000  1.10000000  1.13521535
 1.45000000  1.15000000  0.79902835
 1.45000000  1.20000000  0.41865795
 1.45000000  1.25000000  0.07621938
 1.45000000  1.30000000 -0.16852384
 1.45000000  1.35000000 -0.27953417
 1.45000000  1.40000000 -0.27339615
 1.45000000  1.45000000 -0.15878056
 1.45000000  1.50000000  0.02990976
 1.45000000  1.55000000  0.23344362
 1.45000000  1.60000000  0.45163029
 1.45000000  1.65000000  0.61126691
 1.45000000  1.70000000  0.70639619
 1.45000000  1.75000000  0.70208383
 1.45000000  1.80000000  0.58465389
 1.45000000  1.85000000  0.37178159
 1.45000000  1.90000000  0.10430681
 1.45000000  1.95000000 -0.17498194
 1.45000000  2.00000000 -0.41712866
 1.45000000  2.05000000 -0.56052554
 1.45000000  2.10000000 -0.61459823
 1.45000000  2.15000000 -0.57455116
 1.45000000  2.20000000 -0.51284691
 1.50000000 -0.25000000 -1.45681935
 1.50000000 -0.20000000 -1.65528894
 1.50000000 -0.15000000 -1.82228371
 1.50000000 -0.10000000 -1.92904267
 1.50000000 -0.05000000 -1.96615992
 1.50000000  0.00000000 -1.93280546
 1.50000000  0.05000000 -1.81561014
 1.50000000  0.10000000 -1.63091798
 1.50000000  0.15000000 -1.39034996
 1.50000000  0.20000000 -1.13811440
 1.50000000  0.25000000 -0.89840355
 1.50000000  0.30000000 -0.68349074
 1.50000000  0.35000000 -0.52768853
 1.50000000  0.40000000 -0.39286629
 1.50000000  0.45000000 -0.27946153
 1.50000000  0.50000000 -0.17272240
 1.50000000  0.55000000 -0.04774809
 1.50000000  0.60000000  0.10421259
 1.50000000  0.65000000  0.28830154
 1.50000000  0.70000000  0.49760645
 1.50000000  0.75000000  0.72609856
 1.50000000  0.80000000  0.95814659
 1.50000000  0.85000000  1.18743541
 1.50000000  0.90000000  1.36683412
 1.50000000  0.95000000  1.46700245
 1.50000000  1.00000000  1.45097061
 1.50000000  1.05000000  1.29677861
 1.50000000  1.10000000  1.01935202
 1.50000000  1.15000000  0.64860701
 1.50000000  1.20000000  0.25830347
 1.50000000  1.25000000 -0.08607790
 1.50000000  1.30000000 -0.32547292
 1.50000000  1.35000000 -0.44117945
 1.50000000  1.40000000 -0.42921539
 1.50000000  1.45000000 -0.32008986
 1.50000000  1.50000000 -0.14112719
 1.50000000  1.55000000  0.07239930
 1.50000000  1.60000000  0.29661485
 1.50000000  1.65000000  0.49731507
 1.50000000  1.70000000  0.63234115
 1.50000000  1.75000000  0.66986005
 1.50000000  1.80000000  0.58441104
 1.50000000  1.85000000  0.38684500
 1.50000000  1.90000000  0.11003077
 1.50000000  1.95000000 -0.17116782
 1.50000000  2.00000000 -0.42232179
 1.50000000  2.05000000 -0.56355238
 1.50000000  2.10000000 -0.59559906
 1.50000000  2.15000000 -0.53674873
 1.50000000  2.20000000 -0.43901192
 1.55000000 -0.25000000 -1.41828461
 1.55000000 -0.20000000 -1.61827551
 1.55000000 -0.15000000 -1.75470607
 1.55000000 -0.10000000 -1.82895919
 1.55000000 -0.05000000 -1.84875014
 1.55000000  0.00000000 -1.79658869
 1.55000000  0.05000000 -1.68237399
 1.55000000  0.10000000 -1.50048622
 1.55000000  0.15000000 -1.27861887
 1.55000000  0.20000000 -1.03241061
 1.55000000  0.25000000 -0.78470513
 1.55000000  0.30000000 -0.56461490
 1.55000000  0.35000000 -0.37997725
 1.55000000  0.40000000 -0.22122074
 1.55000000  0.45000000 -0.08382332
 1.55000000  0.50000000  0.04248271
 1.55000000  0.55000000  0.18172405
 1.55000000  0.60000000  0.33117037
 1.55000000  0.65000000  0.50066641
 1.55000000  0.70000000  0.67986786
 1.55000000  0.75000000  0.86578659
 1.55000000  0.80000000  1.04599350
 1.55000000  0.85000000  1.20958562
 1.55000000  0.90000000  1.33008632
 1.55000000  0.95000000  1.37670237
 1.55000000  1.00000000  1.31392635
 1.55000000  1.05000000  1.13708685
 1.55000000  1.10000000  0.84137384
 1.55000000  1.15000000  0.48201633
 1.55000000  1.20000000  0.11525862
 1.55000000  1.25000000 -0.21283718
 1.55000000  1.30000000 -0.42867423
 1.55000000  1.35000000 -0.52933787
 1.55000000  1.40000000 -0.51653543
 1.55000000  1.45000000 -0.42180069
 1.55000000  1.50000000 -0.25555784
 1.55000000  1.55000000 -0.04299012
 1.55000000  1.60000000  0.19460013
 1.55000000  1.65000000  0.41632258
 1.55000000  1.70000000  0.59546937
 1.55000000  1.75000000  0.67715025
 1.55000000  1.80000000  0.62725140
 1.55000000  1.85000000  0.45418404
 1.55000000  1.90000000  0.18870031
 1.55000000  1.95000000 -0.10518598
 1.55000000  2.00000000 -0.35973229
 1.55000000  2.05000000 -0.51821842
 1.55000000  2.10000000 -0.55033613
 1.55000000  2.15000000 -0.48469836
 1.55000000  2.20000000 -0.37981741
 1.60000000 -0.25000000 -1.33351613
 1.60000000 -0.20000000 -1.51168891
 1.60000000 -0.15000000 -1.61633281
 1.60000000 -0.10000000 -1.66317210
 1.60000000 -0.05000000 -1.65650190
 1.60000000  0.00000000 -1.59135926
 1.60000000  0.05000000 -1.47709060
 1.60000000  0.10000000 -1.29498768
 1.60000000  0.15000000 -1.08538968
 1.60000000  0.20000000 -0.83950634
 1.60000000  0.25000000 -0.59397001
 1.60000000  0.30000000 -0.36627551
 1.60000000  0.35000000 -0.15874511
 1.60000000  0.40000000  0.00480965
 1.60000000  0.45000000  0.15530896
 1.60000000  0.50000000  0.29273985
 1.60000000  0.55000000  0.43374429
 1.60000000  0.60000000  0.56827024
 1.60000000  0.65000000  0.70407041
 1.60000000  0.70000000  0.83742812
 1.60000000  0.75000000  0.94459336
 1.60000000  0.80000000  1.05115730
 1.60000000  0.85000000  1.13305490
 1.60000000  0.90000000  1.18549705
 1.60000000  0.95000000  1.18210100
 1.60000000  1.00000000  1.08596735
 1.60000000  1.05000000  0.90354179
 1.60000000  1.10000000  0.62587439
 1.60000000  1.15000000  0.29807650
 1.60000000  1.20000000 -0.02774700
 1.60000000  1.25000000 -0.30741229
 1.60000000  1.30000000 -0.48762080
 1.60000000  1.35000000 -0.57311476
 1.60000000  1.40000000 -0.56709989
 1.60000000  1.45000000 -0.48345510
 1.60000000  1.50000000 -0.33025454
 1.60000000  1.55000000 -0.12440019
 1.60000000  1.60000000  0.12346362
 1.60000000  1.65000000  0.36555794
 1.60000000  1.70000000  0.58236258
 1.60000000  1.75000000  0.70664040
 1.60000000  1.80000000  0.70098247
 1.60000000  1.85000000  0.56198022
 1.60000000  1.90000000  0.30429798
 1.60000000  1.95000000  0.00914968
 1.60000000  2.00000000 -0.25819299
 1.60000000  2.05000000 -0.43846251
 1.60000000  2.10000000 -0.49530760
 1.60000000  2.15000000 -0.44689044
 1.60000000  2.20000000 -0.33741885
 1.65000000 -0.25000000 -1.22471214
 1.65000000 -0.20000000 -1.37483907
 1.65000000 -0.15000000 -1.45386979
 1.65000000 -0.10000000 -1.46965650
 1.65000000 -0.05000000 -1.43577557
 1.65000000  0.00000000 -1.37299277
 1.65000000  0.05000000 -1.24441584
 1.65000000  0.10000000 -1.07110723
 1.65000000  0.15000000 -0.85339261
 1.65000000  0.20000000 -0.60916975
 1.65000000  0.25000000 -0.36010967
 1.65000000  0.30000000 -0.11729833
 1.65000000  0.35000000  0.08729050
 1.65000000  0.40000000  0.27013753
 1.65000000  0.45000000  0.41837436
 1.65000000  0.50000000  0.54703131
 1.65000000  0.55000000  0.67215359
 1.65000000  0.60000000  0.77802434
 1.65000000  0.65000000  0.85736203
 1.65000000  0.70000000  0.92802591
 1.65000000  0.75000000  0.95216558
 1.65000000  0.80000000  0.97332281
 1.65000000  0.85000000  0.96229634
 1.65000000  0.90000000  0.93991537
 1.65000000  0.95000000  0.87932267
 1.65000000  1.00000000  0.77058820
 1.65000000  1.05000000  0.58789744
 1.65000000  1.10000000  0.34314058
 1.65000000  1.15000000  0.07665466
 1.65000000  1.20000000 -0.19091612
 1.65000000  1.25000000 -0.40188949
 1.65000000  1.30000000 -0.55131499
 1.65000000  1.35000000 -0.61379372
 1.65000000  1.40000000 -0.59673143
 1.65000000  1.45000000 -0.52069815
 1.65000000  1.50000000 -0.37683174
 1.65000000  1.55000000 -0.17580177
 1.65000000  1.60000000  0.08408645
 1.65000000  1.65000000  0.35353436
 1.65000000  1.70000000  0.60197356
 1.65000000  1.75000000  0.76228433
 1.65000000  1.80000000  0.79520772
 1.65000000  1.85000000  0.67429574
 1.65000000  1.90000000  0.43353758
 1.65000000  1.95000000  0.13659420
 1.65000000  2.00000000 -0.14458590
 1.65000000  2.05000000 -0.34770957
 1.65000000  2.10000000 -0.43727112
 1.65000000  2.15000000 -0.41438042
 1.65000000  2.20000000 -0.32963473
 1.70000000 -0.25000000 -1.12221386
 1.70000000 -0.20000000 -1.23731898
 1.70000000 -0.15000000 -1.27776786
 1.70000000 -0.10000000 -1.28449544
 1.70000000 -0.05000000 -1.24822501
 1.70000000  0.00000000 -1.17260271
 1.70000000  0.05000000 -1.05555899
 1.70000000  0.10000000 -0.88039259
 1.70000000  0.15000000 -0.65040584
 1.70000000  0.20000000 -0.39690529
 1.70000000  0.25000000 -0.13349729
 1.70000000  0.30000000  0.11364550
 1.70000000  0.35000000  0.32954443
 1.70000000  0.40000000  0.51389751
 1.70000000  0.45000000  0.65229416
 1.70000000  0.50000000  0.77585317
 1.70000000  0.55000000  0.87094152
 1.70000000  0.60000000  0.94247515
 1.70000000  0.65000000  0.97267775
 1.70000000  0.70000000  0.95912190
 1.70000000  0.75000000  0.90125916
 1.70000000  0.80000000  0.82418703
 1.70000000  0.85000000  0.72331387
 1.70000000  0.90000000  0.61731066
 1.70000000  0.95000000  0.50203131
 1.70000000  1.00000000  0.37342237
 1.70000000  1.05000000  0.19849529
 1.70000000  1.10000000  0.00734810
 1.70000000  1.15000000 -0.20254026
 1.70000000  1.20000000 -0.39545570
 1.70000000  1.25000000 -0.55928785
 1.70000000  1.30000000 -0.65454267
 1.70000000  1.35000000 -0.69173270
 1.70000000  1.40000000 -0.66014936
 1.70000000  1.45000000 -0.57138636
 1.70000000  1.50000000 -0.42783673
 1.70000000  1.55000000 -0.20996543
 1.70000000  1.60000000  0.05384669
 1.70000000  1.65000000  0.35255083
 1.70000000  1.70000000  0.62753911
 1.70000000  1.75000000  0.82770232
 1.70000000  1.80000000  0.88165625
 1.70000000  1.85000000  0.78601919
 1.70000000  1.90000000  0.56106480
 1.70000000  1.95000000  0.26866505
 1.70000000  2.00000000 -0.03187817
 1.70000000  2.05000000 -0.26372904
 1.70000000  2.10000000 -0.38652978
 1.70000000  2.15000000 -0.40633049
 1.70000000  2.20000000 -0.34663378
 1.75000000 -0.25000000 -1.05596072
 1.75000000 -0.20000000 -1.12622397
 1.75000000 -0.15000000 -1.14942033
 1.75000000 -0.10000000 -1.14008706
 1.75000000 -0.05000000 -1.11111168
 1.75000000  0.00000000 -1.05110458
 1.75000000  0.05000000 -0.93812359
 1.75000000  0.10000000 -0.75664808
 1.75000000  0.15000000 -0.52786686
 1.75000000  0.20000000 -0.25147317
 1.75000000  0.25000000  0.02684018
 1.75000000  0.30000000  0.29314445
 1.75000000  0.35000000  0.50927350
 1.75000000  0.40000000  0.69065010
 1.75000000  0.45000000  0.83069130
 1.75000000  0.50000000  0.92922300
 1.75000000  0.55000000  0.99713767
 1.75000000  0.60000000  1.02158962
 1.75000000  0.65000000  1.00075336
 1.75000000  0.70000000  0.91191471
 1.75000000  0.75000000  0.77589476
 1.75000000  0.80000000  0.60138151
 1.75000000  0.85000000  0.40922295
 1.75000000  0.90000000  0.23511114
 1.75000000  0.95000000  0.07368558
 1.75000000  1.00000000 -0.08232420
 1.75000000  1.05000000 -0.23434716
 1.75000000  1.10000000 -0.39522926
 1.75000000  1.15000000 -0.54267736
 1.75000000  1.20000000 -0.67459416
 1.75000000  1.25000000 -0.76709874
 1.75000000  1.30000000 -0.81796195
 1.75000000  1.35000000 -0.80986772
 1.75000000  1.40000000 -0.75476116
 1.75000000  1.45000000 -0.64631603
 1.75000000  1.50000000 -0.47852985
 1.75000000  1.55000000 -0.23954774
 1.75000000  1.60000000  0.05670088
 1.75000000  1.65000000  0.37608543
 1.75000000  1.70000000  0.67594550
 1.75000000  1.75000000  0.89148070
 1.75000000  1.80000000  0.96232453
 1.75000000  1.85000000  0.89020173
 1.75000000  1.90000000  0.67243994
 1.75000000  1.95000000  0.38252470
 1.75000000  2.00000000  0.07176789
 1.75000000  2.05000000 -0.18511669
 1.75000000  2.10000000 -0.35598207
 1.75000000  2.15000000 -0.41310120
 1.75000000  2.20000000 -0.37751546
 1.80000000 -0.25000000 -1.01627489
 1.80000000 -0.20000000 -1.05709621
 1.80000000 -0.15000000 -1.07253339
 1.80000000 -0.10000000 -1.08293085
 1.80000000 -0.05000000 -1.06895218
 1.80000000  0.00000000 -1.02648355
 1.80000000  0.05000000 -0.92855551
 1.80000000  0.10000000 -0.76373672
 1.80000000  0.15000000 -0.51650829
 1.80000000  0.20000000 -0.23383646
 1.80000000  0.25000000  0.06148911
 1.80000000  0.30000000  0.34314687
 1.80000000  0.35000000  0.57559448
 1.80000000  0.40000000  0.75922637
 1.80000000  0.45000000  0.88420305
 1.80000000  0.50000000  0.97452058
 1.80000000  0.55000000  1.01950653
 1.80000000  0.60000000  1.01645777
 1.80000000  0.65000000  0.93862861
 1.80000000  0.70000000  0.79048360
 1.80000000  0.75000000  0.57093833
 1.80000000  0.80000000  0.31965406
 1.80000000  0.85000000  0.06298159
 1.80000000  0.90000000 -0.18078456
 1.80000000  0.95000000 -0.38713336
 1.80000000  1.00000000 -0.55549504
 1.80000000  1.05000000 -0.70012979
 1.80000000  1.10000000 -0.81535896
 1.80000000  1.15000000 -0.92196411
 1.80000000  1.20000000 -1.00165921
 1.80000000  1.25000000 -1.03792043
 1.80000000  1.30000000 -1.03913590
 1.80000000  1.35000000 -0.98709161
 1.80000000  1.40000000 -0.88840515
 1.80000000  1.45000000 -0.74392510
 1.80000000  1.50000000 -0.52951223
 1.80000000  1.55000000 -0.25674801
 1.80000000  1.60000000  0.07132697
 1.80000000  1.65000000  0.41603159
 1.80000000  1.70000000  0.73435866
 1.80000000  1.75000000  0.95308305
 1.80000000  1.80000000  1.04137835
 1.80000000  1.85000000  0.96667885
 1.80000000  1.90000000  0.75349051
 1.80000000  1.95000000  0.45660024
 1.80000000  2.00000000  0.13382047
 1.80000000  2.05000000 -0.14076999
 1.80000000  2.10000000 -0.33720119
 1.80000000  2.15000000 -0.43292067
 1.80000000  2.20000000 -0.42335382
 1.85000000 -0.25000000 -1.03331997
 1.85000000 -0.20000000 -1.04717628
 1.85000000 -0.15000000 -1.06999557
 1.85000000 -0.10000000 -1.08908307
 1.85000000 -0.05000000 -1.11781583
 1.85000000  0.00000000 -1.10407314
 1.85000000  0.05000000 -1.02640342
 1.85000000  0.10000000 -0.86631886
 1.85000000  0.15000000 -0.62313934
 1.85000000  0.20000000 -0.32104419
 1.85000000  0.25000000 -0.00859154
 1.85000000  0.30000000  0.27964831
 1.85000000  0.35000000  0.51437948
 1.85000000  0.40000000  0.69529074
 1.85000000  0.45000000  0.81557215
 1.85000000  0.50000000  0.89490393
 1.85000000  0.55000000  0.92281865
 1.85000000  0.60000000  0.88682467
 1.85000000  0.65000000  0.77796579
 1.85000000  0.70000000  0.57992853
 1.85000000  0.75000000  0.31714838
 1.85000000  0.80000000  0.00523918
 1.85000000  0.85000000 -0.30774434
 1.85000000  0.90000000 -0.59600229
 1.85000000  0.95000000 -0.83568323
 1.85000000  1.00000000 -1.01365630
 1.85000000  1.05000000 -1.15479847
 1.85000000  1.10000000 -1.25550943
 1.85000000  1.15000000 -1.32623601
 1.85000000  1.20000000 -1.35483911
 1.85000000  1.25000000 -1.34324309
 1.85000000  1.30000000 -1.29199153
 1.85000000  1.35000000 -1.18932687
 1.85000000  1.40000000 -1.04021960
 1.85000000  1.45000000 -0.83199071
 1.85000000  1.50000000 -0.57690365
 1.85000000  1.55000000 -0.25199568
 1.85000000  1.60000000  0.10132118
 1.85000000  1.65000000  0.46759681
 1.85000000  1.70000000  0.79651760
 1.85000000  1.75000000  1.01234177
 1.85000000  1.80000000  1.08906557
 1.85000000  1.85000000  1.00880704
 1.85000000  1.90000000  0.78800509
 1.85000000  1.95000000  0.48705200
 1.85000000  2.00000000  0.16390792
 1.85000000  2.05000000 -0.14077211
 1.85000000  2.10000000 -0.35925980
 1.85000000  2.15000000 -0.47246500
 1.85000000  2.20000000 -0.48628743
 1.90000000 -0.25000000 -1.08731054
 1.90000000 -0.20000000 -1.09245491
 1.90000000 -0.15000000 -1.12317254
 1.90000000 -0.10000000 -1.17401386
 1.90000000 -0.05000000 -1.23547582
 1.90000000  0.00000000 -1.25434954
 1.90000000  0.05000000 -1.21063679
 1.90000000  0.10000000 -1.05016165
 1.90000000  0.15000000 -0.80507429
 1.90000000  0.20000000 -0.50823756
 1.90000000  0.25000000 -0.18859745
 1.90000000  0.30000000  0.10885749
 1.90000000  0.35000000  0.33926306
 1.90000000  0.40000000  0.51619925
 1.90000000  0.45000000  0.62424871
 1.90000000  0.50000000  0.70035956
 1.90000000  0.55000000  0.72598877
 1.90000000  0.60000000  0.67830295
 1.90000000  0.65000000  0.55395166
 1.90000000  0.70000000  0.32567498
 1.90000000  0.75000000  0.03042217
 1.90000000  0.80000000 -0.31178749
 1.90000000  0.85000000 -0.65276126
 1.90000000  0.90000000 -0.96408026
 1.90000000  0.95000000 -1.22088738
 1.90000000  1.00000000 -1.40821113
 1.90000000  1.05000000 -1.55399700
 1.90000000  1.10000000 -1.64102163
 1.90000000  1.15000000 -1.69821139
 1.90000000  1.20000000 -1.70482486
 1.90000000  1.25000000 -1.65797229
 1.90000000  1.30000000 -1.55016134
 1.90000000  1.35000000 -1.38928153
 1.90000000  1.40000000 -1.18202301
 1.90000000  1.45000000 -0.90486247
 1.90000000  1.50000000 -0.58533949
 1.90000000  1.55000000 -0.22068361
 1.90000000  1.60000000  0.15887834
 1.90000000  1.65000000  0.52707158
 1.90000000  1.70000000  0.83821503
 1.90000000  1.75000000  1.02961240
 1.90000000  1.80000000  1.08018578
 1.90000000  1.85000000  0.98436524
 1.90000000  1.90000000  0.74899897
 1.90000000  1.95000000  0.44088716
 1.90000000  2.00000000  0.09847467
 1.90000000  2.05000000 -0.19965083
 1.90000000  2.10000000 -0.42975370
 1.90000000  2.15000000 -0.55268577
 1.90000000  2.20000000 -0.57464362
 1.95000000 -0.25000000 -1.16449370
 1.95000000 -0.20000000 -1.16613000
 1.95000000 -0.15000000 -1.21069369
 1.95000000 -0.10000000 -1.29593507
 1.95000000 -0.05000000 -1.38765832
 1.95000000  0.00000000 -1.44009553
 1.95000000  0.05000000 -1.41427088
 1.95000000  0.10000000 -1.27403402
 1.95000000  0.15000000 -1.04183468
 1.95000000  0.20000000 -0.74533252
 1.95000000  0.25000000 -0.42190318
 1.95000000  0.30000000 -0.14393249
 1.95000000  0.35000000  0.08539476
 1.95000000  0.40000000  0.25157633
 1.95000000  0.45000000  0.36722297
 1.95000000  0.50000000  0.44230630
 1.95000000  0.55000000  0.46308907
 1.95000000  0.60000000  0.41096679
 1.95000000  0.65000000  0.29049630
 1.95000000  0.70000000  0.06236833
 1.95000000  0.75000000 -0.23866852
 1.95000000  0.80000000 -0.58833354
 1.95000000  0.85000000 -0.94096157
 1.95000000  0.90000000 -1.25767176
 1.95000000  0.95000000 -1.51867304
 1.95000000  1.00000000 -1.71201423
 1.95000000  1.05000000 -1.85805986
 1.95000000  1.10000000 -1.95268268
 1.95000000  1.15000000 -1.99516884
 1.95000000  1.20000000 -1.98612548
 1.95000000  1.25000000 -1.90846983
 1.95000000  1.30000000 -1.76307495
 1.95000000  1.35000000 -1.55343394
 1.95000000  1.40000000 -1.27813995
 1.95000000  1.45000000 -0.94505883
 1.95000000  1.50000000 -0.57876376
 1.95000000  1.55000000 -0.18535957
 1.95000000  1.60000000  0.21186863
 1.95000000  1.65000000  0.56586030
 1.95000000  1.70000000  0.83616264
 1.95000000  1.75000000  0.99495660
 1.95000000  1.80000000  0.99791270
 1.95000000  1.85000000  0.86138532
 1.95000000  1.90000000  0.61071147
 1.95000000  1.95000000  0.29274212
 1.95000000  2.00000000 -0.04613662
 1.95000000  2.05000000 -0.34271987
 1.95000000  2.10000000 -0.56380707
 1.95000000  2.15000000 -0.67778158
 1.95000000  2.20000000 -0.70426369
 2.00000000 -0.25000000 -1.23108519
 2.00000000 -0.20000000 -1.24370170
 2.00000000 -0.15000000 -1.30437481
 2.00000000 -0.10000000 -1.42377726
 2.00000000 -0.05000000 -1.54208489
 2.00000000  0.00000000 -1.61912019
 2.00000000  0.05000000 -1.60909811
 2.00000000  0.10000000 -1.48468532
 2.00000000  0.15000000 -1.26763094
 2.00000000  0.20000000 -0.97478832
 2.00000000  0.25000000 -0.67588734
 2.00000000  0.30000000 -0.40761340
 2.00000000  0.35000000 -0.18370187
 2.00000000  0.40000000 -0.03501301
 2.00000000  0.45000000  0.08121453
 2.00000000  0.50000000  0.15824562
 2.00000000  0.55000000  0.19346247
 2.00000000  0.60000000  0.16541666
 2.00000000  0.65000000  0.04434590
 2.00000000  0.70000000 -0.15592918
 2.00000000  0.75000000 -0.44451840
 2.00000000  0.80000000 -0.78601861
 2.00000000  0.85000000 -1.12722622
 2.00000000  0.90000000 -1.42659135
 2.00000000  0.95000000 -1.68582132
 2.00000000  1.00000000 -1.88937708
 2.00000000  1.05000000 -2.03028892
 2.00000000  1.10000000 -2.12919967
 2.00000000  1.15000000 -2.18325688
 2.00000000  1.20000000 -2.16622739
 2.00000000  1.25000000 -2.07832224
 2.00000000  1.30000000 -1.90073444
 2.00000000  1.35000000 -1.64286177
 2.00000000  1.40000000 -1.32984055
 2.00000000  1.45000000 -0.95174856
 2.00000000  1.50000000 -0.55440985
 2.00000000  1.55000000 -0.14664617
 2.00000000  1.60000000  0.23939027
 2.00000000  1.65000000  0.55843667
 2.00000000  1.70000000  0.77627076
 2.00000000  1.75000000  0.87367211
 2.00000000  1.80000000  0.82014649
 2.00000000  1.85000000  0.63845926
 2.00000000  1.90000000  0.36178826
 2.00000000  1.95000000  0.03467530
 2.00000000  2.00000000 -0.28465858
 2.00000000  2.05000000 -0.56008239
 2.00000000  2.10000000 -0.75210980
 2.00000000  2.15000000 -0.83996069
 2.00000000  2.20000000 -0.82776045
 2.05000000 -0.25000000 -1.28293977
 2.05000000 -0.20000000 -1.29682595
 2.05000000 -0.15000000 -1.37702753
 2.05000000 -0.10000000 -1.52282503
 2.05000000 -0.05000000 -1.66977065
 2.05000000  0.00000000 -1.76430518
 2.05000000  0.05000000 -1.76636636
 2.05000000  0.10000000 -1.65577277
 2.05000000  0.15000000 -1.44787803
 2.05000000  0.20000000 -1.17495204
 2.05000000  0.25000000 -0.88916705
 2.05000000  0.30000000 -0.63869525
 2.05000000  0.35000000 -0.44224657
 2.05000000  0.40000000 -0.28418532
 2.05000000  0.45000000 -0.17285209
 2.05000000  0.50000000 -0.09066790
 2.05000000  0.55000000 -0.03578139
 2.05000000  0.60000000 -0.03142312
 2.05000000  0.65000000 -0.11636895
 2.05000000  0.70000000 -0.28903032
 2.05000000  0.75000000 -0.55577572
 2.05000000  0.80000000 -0.86679493
 2.05000000  0.85000000 -1.18914536
 2.05000000  0.90000000 -1.47565561
 2.05000000  0.95000000 -1.72839237
 2.05000000  1.00000000 -1.91622859
 2.05000000  1.05000000 -2.06674800
 2.05000000  1.10000000 -2.17216773
 2.05000000  1.15000000 -2.23466769
 2.05000000  1.20000000 -2.21754070
 2.05000000  1.25000000 -2.12584314
 2.05000000  1.30000000 -1.94296385
 2.05000000  1.35000000 -1.66466761
 2.05000000  1.40000000 -1.31824502
 2.05000000  1.45000000 -0.92116952
 2.05000000  1.50000000 -0.51486885
 2.05000000  1.55000000 -0.12461895
 2.05000000  1.60000000  0.22121583
 2.05000000  1.65000000  0.48035891
 2.05000000  1.70000000  0.63996793
 2.05000000  1.75000000  0.65899379
 2.05000000  1.80000000  0.54878018
 2.05000000  1.85000000  0.32799720
 2.05000000  1.90000000  0.02410452
 2.05000000  1.95000000 -0.30028572
 2.05000000  2.00000000 -0.59849142
 2.05000000  2.05000000 -0.84212191
 2.05000000  2.10000000 -0.98288664
 2.05000000  2.15000000 -1.01596282
 2.05000000  2.20000000 -0.95335573
 2.10000000 -0.25000000 -1.28278310
 2.10000000 -0.20000000 -1.31223998
 2.10000000 -0.15000000 -1.41004413
 2.10000000 -0.10000000 -1.57412359
 2.10000000 -0.05000000 -1.73879950
 2.10000000  0.00000000 -1.85671052
 2.10000000  0.05000000 -1.87298745
 2.10000000  0.10000000 -1.77267010
 2.10000000  0.15000000 -1.57365373
 2.10000000  0.20000000 -1.31407234
 2.10000000  0.25000000 -1.05303263
 2.10000000  0.30000000 -0.81101338
 2.10000000  0.35000000 -0.62298347
 2.10000000  0.40000000 -0.48300037
 2.10000000  0.45000000 -0.36908934
 2.10000000  0.50000000 -0.26814642
 2.10000000  0.55000000 -0.18815011
 2.10000000  0.60000000 -0.15806029
 2.10000000  0.65000000 -0.19516008
 2.10000000  0.70000000 -0.33759473
 2.10000000  0.75000000 -0.56282445
 2.10000000  0.80000000 -0.84034545
 2.10000000  0.85000000 -1.13618497
 2.10000000  0.90000000 -1.41588049
 2.10000000  0.95000000 -1.64090988
 2.10000000  1.00000000 -1.82934237
 2.10000000  1.05000000 -1.97256788
 2.10000000  1.10000000 -2.07903352
 2.10000000  1.15000000 -2.14110835
 2.10000000  1.20000000 -2.14381514
 2.10000000  1.25000000 -2.04903438
 2.10000000  1.30000000 -1.86415480
 2.10000000  1.35000000 -1.59193436
 2.10000000  1.40000000 -1.25965946
 2.10000000  1.45000000 -0.88232647
 2.10000000  1.50000000 -0.49953725
 2.10000000  1.55000000 -0.13816546
 2.10000000  1.60000000  0.14616413
 2.10000000  1.65000000  0.34270520
 2.10000000  1.70000000  0.42201299
 2.10000000  1.75000000  0.37229532
 2.10000000  1.80000000  0.21209462
 2.10000000  1.85000000 -0.04861492
 2.10000000  1.90000000 -0.36374056
 2.10000000  1.95000000 -0.67837956
 2.10000000  2.00000000 -0.94124932
 2.10000000  2.05000000 -1.12081414
 2.10000000  2.10000000 -1.20331560
 2.10000000  2.15000000 -1.17149338
 2.10000000  2.20000000 -1.05637479
 2.15000000 -0.25000000 -1.24282365
 2.15000000 -0.20000000 -1.26596017
 2.15000000 -0.15000000 -1.38772228
 2.15000000 -0.10000000 -1.57091302
 2.15000000 -0.05000000 -1.75250599
 2.15000000  0.00000000 -1.88113675
 2.15000000  0.05000000 -1.91126334
 2.15000000  0.10000000 -1.82421723
 2.15000000  0.15000000 -1.63660021
 2.15000000  0.20000000 -1.39786114
 2.15000000  0.25000000 -1.15100135
 2.15000000  0.30000000 -0.92715171
 2.15000000  0.35000000 -0.74592607
 2.15000000  0.40000000 -0.60141516
 2.15000000  0.45000000 -0.47993876
 2.15000000  0.50000000 -0.36870987
 2.15000000  0.55000000 -0.26431560
 2.15000000  0.60000000 -0.19948181
 2.15000000  0.65000000 -0.21407949
 2.15000000  0.70000000 -0.30513651
 2.15000000  0.75000000 -0.49279180
 2.15000000  0.80000000 -0.74087529
 2.15000000  0.85000000 -1.01484487
 2.15000000  0.90000000 -1.26796400
 2.15000000  0.95000000 -1.47879124
 2.15000000  1.00000000 -1.64845509
 2.15000000  1.05000000 -1.78245463
 2.15000000  1.10000000 -1.88758008
 2.15000000  1.15000000 -1.93748224
 2.15000000  1.20000000 -1.94715009
 2.15000000  1.25000000 -1.86221538
 2.15000000  1.30000000 -1.69378952
 2.15000000  1.35000000 -1.45939162
 2.15000000  1.40000000 -1.15616928
 2.15000000  1.45000000 -0.82625502
 2.15000000  1.50000000 -0.49433107
 2.15000000  1.55000000 -0.19744203
 2.15000000  1.60000000  0.02218826
 2.15000000  1.65000000  0.15266133
 2.15000000  1.70000000  0.17397550
 2.15000000  1.75000000  0.05683463
 2.15000000  1.80000000 -0.14405268
 2.15000000  1.85000000 -0.42800788
 2.15000000  1.90000000 -0.73172626
 2.15000000  1.95000000 -1.02332458
 2.15000000  2.00000000 -1.23336480
 2.15000000  2.05000000 -1.35561221
 2.15000000  2.10000000 -1.35890391
 2.15000000  2.15000000 -1.26808706
 2.15000000  2.20000000 -1.09861721
 2.20000000 -0.25000000 -1.13658403
 2.20000000 -0.20000000 -1.16615244
 2.20000000 -0.15000000 -1.30395115
 2.20000000 -0.10000000 -1.49874707
 2.20000000 -0.05000000 -1.69864785
 2.20000000  0.00000000 -1.83683666
 2.20000000  0.05000000 -1.87552543
 2.20000000  0.10000000 -1.80045834
 2.20000000  0.15000000 -1.63736412
 2.20000000  0.20000000 -1.42092997
 2.20000000  0.25000000 -1.19125087
 2.20000000  0.30000000 -0.98406542
 2.20000000  0.35000000 -0.80623630
 2.20000000  0.40000000 -0.66203595
 2.20000000  0.45000000 -0.53436352
 2.20000000  0.50000000 -0.41076001
 2.20000000  0.55000000 -0.29003921
 2.20000000  0.60000000 -0.20580735
 2.20000000  0.65000000 -0.18518491
 2.20000000  0.70000000 -0.25051947
 2.20000000  0.75000000 -0.41389550
 2.20000000  0.80000000 -0.62758228
 2.20000000  0.85000000 -0.87077311
 2.20000000  0.90000000 -1.10307670
 2.20000000  0.95000000 -1.29225678
 2.20000000  1.00000000 -1.44031075
 2.20000000  1.05000000 -1.55871771
 2.20000000  1.10000000 -1.63133933
 2.20000000  1.15000000 -1.66661099
 2.20000000  1.20000000 -1.66350266
 2.20000000  1.25000000 -1.59835915
 2.20000000  1.30000000 -1.46839351
 2.20000000  1.35000000 -1.26949424
 2.20000000  1.40000000 -1.02826774
 2.20000000  1.45000000 -0.76429856
 2.20000000  1.50000000 -0.51066943
 2.20000000  1.55000000 -0.27851148
 2.20000000  1.60000000 -0.12067153
 2.20000000  1.65000000 -0.04444189
 2.20000000  1.70000000 -0.09062066
 2.20000000  1.75000000 -0.23328648
 2.20000000  1.80000000 -0.45620594
 2.20000000  1.85000000 -0.74254983
 2.20000000  1.90000000 -1.01591740
 2.20000000  1.95000000 -1.25231911
 2.20000000  2.00000000 -1.41568826
 2.20000000  2.05000000 -1.46737049
 2.20000000  2.10000000 -1.42388901
 2.20000000  2.15000000 -1.28115115
 2.20000000  2.20000000 -1.07894376
