Anytime H=4
[2.5296635391378937, 9.2189742493292002, 16.540846716488488, 24.21195177399693, 31.533824241156218]
LP
[-3.2754832880623717, -5.3488774929469036, -8.6243607810092762, -15.810999814306308, -24.021170922325076]
myqEI
[-0.29302120438802604, 0.020775680333287028, -3.3811065344882483, -10.567745567785281, -14.864048592745196]
PE
[-0.29302120438802604, 0.020775680333287028, 4.1852277554138588, 9.9035964862742549, 13.656112643136705]
BUCB
[2.5296635391378937, 4.9025547556605789, 8.0963876474477523, 14.930693347277511, 22.252565814436799]
MLE H=4
[1.398655655848192, 3.8650193730212119, 6.4618361661195927, 8.9281998832926135, 11.525016676390994]
H=1
[1.398655655848192, 3.8650193730212119, 6.4618361661195927, 8.9281998832926135, 11.525016676390994]
H=2
[-0.29302120438802604, 1.9840227168754887, 6.7980665027798644, 10.696658707536491, 15.229866148938937]
H=3
[-0.29302120438802604, 1.9840227168754887, 6.7980665027798644, 10.696658707536491, 15.229866148938937]
