Physical State
[[ 0.85  1.  ]
 [ 0.9   1.  ]
 [ 0.95  1.  ]
 [ 1.    1.  ]]
Locations
[[ 1.    1.  ]
 [ 0.95  1.  ]
 [ 0.9   1.  ]
 [ 0.85  1.  ]
 [ 0.8   1.  ]
 [ 0.85  1.  ]
 [ 0.9   1.  ]
 [ 0.95  1.  ]
 [ 1.    1.  ]
 [ 0.95  1.  ]
 [ 0.9   1.  ]
 [ 0.85  1.  ]
 [ 0.8   1.  ]
 [ 0.85  1.  ]
 [ 0.9   1.  ]
 [ 0.95  1.  ]
 [ 1.    1.  ]]
Measurements
[ 0.33235771  0.44038426  0.5040647   0.528201    0.5063099   0.528201
  0.5040647   0.44038426  0.33235771  0.44038426  0.5040647   0.528201
  0.5063099   0.528201    0.5040647   0.44038426  0.33235771]
Total accumulated reward = 7.56793502627
Nodes expanded = -1.0