Physical State
[[ 1.    1.15]
 [ 1.    1.1 ]
 [ 1.    1.05]
 [ 1.    1.  ]]
Locations
[[ 1.    1.  ]
 [ 0.95  1.  ]
 [ 0.9   1.  ]
 [ 0.85  1.  ]
 [ 0.8   1.  ]
 [ 0.8   1.05]
 [ 0.8   1.1 ]
 [ 0.8   1.15]
 [ 0.8   1.2 ]
 [ 0.85  1.2 ]
 [ 0.9   1.2 ]
 [ 0.95  1.2 ]
 [ 1.    1.2 ]
 [ 1.    1.15]
 [ 1.    1.1 ]
 [ 1.    1.05]
 [ 1.    1.  ]]
Measurements
[ 0.33235771  0.44038426  0.5040647   0.528201    0.5063099   0.60538678
  0.6627286   0.65974037  0.55145943  0.68551891  0.70532294  0.60541307
  0.39547984  0.3628882   0.33749306  0.32066352  0.33235771]
Total accumulated reward = 8.20341227503
Nodes expanded = -1.0