Physical State
[[ 0.85  1.2 ]
 [ 0.9   1.2 ]
 [ 0.95  1.2 ]
 [ 1.    1.2 ]]
Locations
[[ 1.    1.  ]
 [ 0.95  1.  ]
 [ 0.9   1.  ]
 [ 0.85  1.  ]
 [ 0.8   1.  ]
 [ 0.8   1.05]
 [ 0.8   1.1 ]
 [ 0.8   1.15]
 [ 0.8   1.2 ]
 [ 0.85  1.2 ]
 [ 0.9   1.2 ]
 [ 0.95  1.2 ]
 [ 1.    1.2 ]]
Measurements
[-0.52585736 -0.5958773  -0.63893665 -0.6767862  -0.71922264 -0.78731456
 -0.87479731 -0.95414961 -0.98326524 -1.02977613 -1.03270793 -0.98070543
 -0.86557241]
Total accumulated reward = -10.1391113986
Nodes expanded = -1.0