Physical State
[[ 1.25  0.8 ]
 [ 1.3   0.8 ]
 [ 1.35  0.8 ]
 [ 1.4   0.8 ]]
Locations
[[ 1.    1.  ]
 [ 1.05  1.  ]
 [ 1.1   1.  ]
 [ 1.15  1.  ]
 [ 1.2   1.  ]
 [ 1.2   0.95]
 [ 1.2   0.9 ]
 [ 1.2   0.85]
 [ 1.2   0.8 ]
 [ 1.25  0.8 ]
 [ 1.3   0.8 ]
 [ 1.35  0.8 ]
 [ 1.4   0.8 ]]
Measurements
[-0.52585736 -0.41239974 -0.27185502 -0.14562029 -0.04249171 -0.21349514
 -0.39985419 -0.56428997 -0.66183133 -0.46815992 -0.28622323 -0.13514795
 -0.03568762]
Total accumulated reward = -3.63705610388
Nodes expanded = 4