Physical State
[[ 1.15  0.8 ]
 [ 1.1   0.8 ]
 [ 1.05  0.8 ]
 [ 1.    0.8 ]]
Locations
[[ 1.    1.  ]
 [ 1.05  1.  ]
 [ 1.1   1.  ]
 [ 1.15  1.  ]
 [ 1.2   1.  ]
 [ 1.2   0.95]
 [ 1.2   0.9 ]
 [ 1.2   0.85]
 [ 1.2   0.8 ]
 [ 1.15  0.8 ]
 [ 1.1   0.8 ]
 [ 1.05  0.8 ]
 [ 1.    0.8 ]]
Measurements
[ 0.33235771  0.21902674  0.10119739  0.02863632 -0.00336014  0.28825795
  0.57096165  0.81327728  1.02405907  1.03649482  1.0135924   0.9514575
  0.85210995]
Total accumulated reward = 6.89571093157
Nodes expanded = -1.0