Physical State
[[ 1.    0.75]
 [ 1.    0.7 ]
 [ 1.    0.65]
 [ 1.    0.6 ]]
Locations
[[ 1.    1.  ]
 [ 1.05  1.  ]
 [ 1.1   1.  ]
 [ 1.15  1.  ]
 [ 1.2   1.  ]
 [ 1.2   0.95]
 [ 1.2   0.9 ]
 [ 1.2   0.85]
 [ 1.2   0.8 ]
 [ 1.15  0.8 ]
 [ 1.1   0.8 ]
 [ 1.05  0.8 ]
 [ 1.    0.8 ]
 [ 1.    0.75]
 [ 1.    0.7 ]
 [ 1.    0.65]
 [ 1.    0.6 ]]
Measurements
[ 0.33235771  0.21902674  0.10119739  0.02863632 -0.00336014  0.28825795
  0.57096165  0.81327728  1.02405907  1.03649482  1.0135924   0.9514575
  0.85210995  1.04647303  1.2526742   1.45522654  1.65778737]
Total accumulated reward = 12.3078720738
Nodes expanded = -1.0