Physical State
[[ 0.95  1.4 ]
 [ 0.9   1.4 ]
 [ 0.85  1.4 ]
 [ 0.8   1.4 ]]
Locations
[[ 1.    1.  ]
 [ 1.    1.05]
 [ 1.    1.1 ]
 [ 1.    1.15]
 [ 1.    1.2 ]
 [ 1.    1.25]
 [ 1.    1.3 ]
 [ 1.    1.35]
 [ 1.    1.4 ]
 [ 0.95  1.4 ]
 [ 0.9   1.4 ]
 [ 0.85  1.4 ]
 [ 0.8   1.4 ]]
Measurements
[ 0.5656135   0.33646805  0.21674164  0.20529902  0.29405401  0.4355008
  0.60426926  0.70989899  0.74225775  0.96796566  1.17272066  1.36749108
  1.5163855 ]
Total accumulated reward = 8.56905240576
Nodes expanded = -1