-0.25000000 -0.25000000  0.03834136
-0.25000000 -0.20000000 -0.07354510
-0.25000000 -0.15000000 -0.29611505
-0.25000000 -0.10000000 -0.63679863
-0.25000000 -0.05000000 -1.03234679
-0.25000000  0.00000000 -1.42388198
-0.25000000  0.05000000 -1.74304484
-0.25000000  0.10000000 -1.97922740
-0.25000000  0.15000000 -2.08795166
-0.25000000  0.20000000 -2.07788254
-0.25000000  0.25000000 -1.98201547
-0.25000000  0.30000000 -1.80637557
-0.25000000  0.35000000 -1.58663416
-0.25000000  0.40000000 -1.32103008
-0.25000000  0.45000000 -1.03601329
-0.25000000  0.50000000 -0.76414433
-0.25000000  0.55000000 -0.53214847
-0.25000000  0.60000000 -0.35874651
-0.25000000  0.65000000 -0.24425984
-0.25000000  0.70000000 -0.19977735
-0.25000000  0.75000000 -0.18459201
-0.25000000  0.80000000 -0.19938515
-0.25000000  0.85000000 -0.22516763
-0.25000000  0.90000000 -0.24080808
-0.25000000  0.95000000 -0.25086060
-0.25000000  1.00000000 -0.27427529
-0.25000000  1.05000000 -0.32816918
-0.25000000  1.10000000 -0.40426216
-0.25000000  1.15000000 -0.51333921
-0.25000000  1.20000000 -0.65995667
-0.25000000  1.25000000 -0.82075919
-0.25000000  1.30000000 -0.97761167
-0.25000000  1.35000000 -1.10253845
-0.25000000  1.40000000 -1.14571491
-0.25000000  1.45000000 -1.10473684
-0.25000000  1.50000000 -0.97430561
-0.25000000  1.55000000 -0.78512559
-0.25000000  1.60000000 -0.58196660
-0.25000000  1.65000000 -0.40453865
-0.25000000  1.70000000 -0.28730918
-0.25000000  1.75000000 -0.24165736
-0.25000000  1.80000000 -0.28308051
-0.25000000  1.85000000 -0.39447814
-0.25000000  1.90000000 -0.55460667
-0.25000000  1.95000000 -0.74462650
-0.25000000  2.00000000 -0.94289657
-0.25000000  2.05000000 -1.10752944
-0.25000000  2.10000000 -1.19740406
-0.25000000  2.15000000 -1.18625682
-0.25000000  2.20000000 -1.05739835
-0.20000000 -0.25000000 -0.00605487
-0.20000000 -0.20000000 -0.09333670
-0.20000000 -0.15000000 -0.28315709
-0.20000000 -0.10000000 -0.57497949
-0.20000000 -0.05000000 -0.91959250
-0.20000000  0.00000000 -1.26148617
-0.20000000  0.05000000 -1.53232174
-0.20000000  0.10000000 -1.69352745
-0.20000000  0.15000000 -1.75772223
-0.20000000  0.20000000 -1.71085261
-0.20000000  0.25000000 -1.58206493
-0.20000000  0.30000000 -1.40042242
-0.20000000  0.35000000 -1.16337667
-0.20000000  0.40000000 -0.88151428
-0.20000000  0.45000000 -0.61551320
-0.20000000  0.50000000 -0.35785988
-0.20000000  0.55000000 -0.15093381
-0.20000000  0.60000000 -0.00940056
-0.20000000  0.65000000  0.05059448
-0.20000000  0.70000000  0.05605350
-0.20000000  0.75000000  0.01415004
-0.20000000  0.80000000 -0.04279301
-0.20000000  0.85000000 -0.08960236
-0.20000000  0.90000000 -0.12446853
-0.20000000  0.95000000 -0.13975256
-0.20000000  1.00000000 -0.16317292
-0.20000000  1.05000000 -0.19383463
-0.20000000  1.10000000 -0.25635168
-0.20000000  1.15000000 -0.35114346
-0.20000000  1.20000000 -0.49619099
-0.20000000  1.25000000 -0.67541384
-0.20000000  1.30000000 -0.85249380
-0.20000000  1.35000000 -1.00287631
-0.20000000  1.40000000 -1.08285665
-0.20000000  1.45000000 -1.07276934
-0.20000000  1.50000000 -0.96253619
-0.20000000  1.55000000 -0.78104998
-0.20000000  1.60000000 -0.55852409
-0.20000000  1.65000000 -0.36055221
-0.20000000  1.70000000 -0.20976794
-0.20000000  1.75000000 -0.13772794
-0.20000000  1.80000000 -0.14722194
-0.20000000  1.85000000 -0.24696274
-0.20000000  1.90000000 -0.42377139
-0.20000000  1.95000000 -0.63664582
-0.20000000  2.00000000 -0.87396211
-0.20000000  2.05000000 -1.09627158
-0.20000000  2.10000000 -1.25132481
-0.20000000  2.15000000 -1.30024191
-0.20000000  2.20000000 -1.22711268
-0.15000000 -0.25000000 -0.08375194
-0.15000000 -0.20000000 -0.13924880
-0.15000000 -0.15000000 -0.29876039
-0.15000000 -0.10000000 -0.53887858
-0.15000000 -0.05000000 -0.81394857
-0.15000000  0.00000000 -1.07606108
-0.15000000  0.05000000 -1.26987960
-0.15000000  0.10000000 -1.37076582
-0.15000000  0.15000000 -1.36803162
-0.15000000  0.20000000 -1.28296087
-0.15000000  0.25000000 -1.12345242
-0.15000000  0.30000000 -0.91023007
-0.15000000  0.35000000 -0.65822008
-0.15000000  0.40000000 -0.38095663
-0.15000000  0.45000000 -0.11053386
-0.15000000  0.50000000  0.11406018
-0.15000000  0.55000000  0.28143866
-0.15000000  0.60000000  0.37560899
-0.15000000  0.65000000  0.39153422
-0.15000000  0.70000000  0.33444782
-0.15000000  0.75000000  0.23686201
-0.15000000  0.80000000  0.14274119
-0.15000000  0.85000000  0.05255621
-0.15000000  0.90000000 -0.00244575
-0.15000000  0.95000000 -0.02797565
-0.15000000  1.00000000 -0.03482168
-0.15000000  1.05000000 -0.05660825
-0.15000000  1.10000000 -0.11077667
-0.15000000  1.15000000 -0.20575084
-0.15000000  1.20000000 -0.35848192
-0.15000000  1.25000000 -0.53931614
-0.15000000  1.30000000 -0.73977155
-0.15000000  1.35000000 -0.92082041
-0.15000000  1.40000000 -1.02752954
-0.15000000  1.45000000 -1.04132571
-0.15000000  1.50000000 -0.94893451
-0.15000000  1.55000000 -0.77272808
-0.15000000  1.60000000 -0.54443449
-0.15000000  1.65000000 -0.31703917
-0.15000000  1.70000000 -0.11777021
-0.15000000  1.75000000  0.00350650
-0.15000000  1.80000000  0.04130444
-0.15000000  1.85000000 -0.02008569
-0.15000000  1.90000000 -0.16314724
-0.15000000  1.95000000 -0.38153987
-0.15000000  2.00000000 -0.64993394
-0.15000000  2.05000000 -0.89768819
-0.15000000  2.10000000 -1.10874155
-0.15000000  2.15000000 -1.22075945
-0.15000000  2.20000000 -1.21491157
-0.10000000 -0.25000000 -0.16347632
-0.10000000 -0.20000000 -0.21018432
-0.10000000 -0.15000000 -0.32973995
-0.10000000 -0.10000000 -0.52137184
-0.10000000 -0.05000000 -0.71796757
-0.10000000  0.00000000 -0.90346840
-0.10000000  0.05000000 -1.00994743
-0.10000000  0.10000000 -1.04171033
-0.10000000  0.15000000 -0.97621785
-0.10000000  0.20000000 -0.84158605
-0.10000000  0.25000000 -0.65163853
-0.10000000  0.30000000 -0.40484937
-0.10000000  0.35000000 -0.14157473
-0.10000000  0.40000000  0.12893594
-0.10000000  0.45000000  0.39102606
-0.10000000  0.50000000  0.59518885
-0.10000000  0.55000000  0.72187297
-0.10000000  0.60000000  0.76211280
-0.10000000  0.65000000  0.70614333
-0.10000000  0.70000000  0.59011446
-0.10000000  0.75000000  0.43776005
-0.10000000  0.80000000  0.28814800
-0.10000000  0.85000000  0.16999748
-0.10000000  0.90000000  0.09696845
-0.10000000  0.95000000  0.07277700
-0.10000000  1.00000000  0.06573892
-0.10000000  1.05000000  0.05292014
-0.10000000  1.10000000  0.02508630
-0.10000000  1.15000000 -0.08068184
-0.10000000  1.20000000 -0.23290125
-0.10000000  1.25000000 -0.43646366
-0.10000000  1.30000000 -0.65900711
-0.10000000  1.35000000 -0.85843616
-0.10000000  1.40000000 -0.98443095
-0.10000000  1.45000000 -1.02003115
-0.10000000  1.50000000 -0.93503418
-0.10000000  1.55000000 -0.77055180
-0.10000000  1.60000000 -0.52999935
-0.10000000  1.65000000 -0.27706742
-0.10000000  1.70000000 -0.03466975
-0.10000000  1.75000000  0.15061367
-0.10000000  1.80000000  0.25097018
-0.10000000  1.85000000  0.26338838
-0.10000000  1.90000000  0.17079770
-0.10000000  1.95000000 -0.02705622
-0.10000000  2.00000000 -0.27973955
-0.10000000  2.05000000 -0.55722597
-0.10000000  2.10000000 -0.80793881
-0.10000000  2.15000000 -0.96905443
-0.10000000  2.20000000 -1.02964358
-0.05000000 -0.25000000 -0.24049573
-0.05000000 -0.20000000 -0.28285365
-0.05000000 -0.15000000 -0.38231069
-0.05000000 -0.10000000 -0.52360696
-0.05000000 -0.05000000 -0.66370244
-0.05000000  0.00000000 -0.75787469
-0.05000000  0.05000000 -0.79346338
-0.05000000  0.10000000 -0.74973149
-0.05000000  0.15000000 -0.62362351
-0.05000000  0.20000000 -0.44104473
-0.05000000  0.25000000 -0.21005426
-0.05000000  0.30000000  0.05384299
-0.05000000  0.35000000  0.33615515
-0.05000000  0.40000000  0.61220177
-0.05000000  0.45000000  0.85800548
-0.05000000  0.50000000  1.03402702
-0.05000000  0.55000000  1.11832620
-0.05000000  0.60000000  1.09694848
-0.05000000  0.65000000  0.97336564
-0.05000000  0.70000000  0.78994381
-0.05000000  0.75000000  0.57917250
-0.05000000  0.80000000  0.37849592
-0.05000000  0.85000000  0.22525006
-0.05000000  0.90000000  0.14868418
-0.05000000  0.95000000  0.12195377
-0.05000000  1.00000000  0.13140849
-0.05000000  1.05000000  0.14288965
-0.05000000  1.10000000  0.10582882
-0.05000000  1.15000000  0.01164756
-0.05000000  1.20000000 -0.14910859
-0.05000000  1.25000000 -0.36706158
-0.05000000  1.30000000 -0.60095316
-0.05000000  1.35000000 -0.82436163
-0.05000000  1.40000000 -0.96151145
-0.05000000  1.45000000 -1.00774876
-0.05000000  1.50000000 -0.92656410
-0.05000000  1.55000000 -0.76217252
-0.05000000  1.60000000 -0.52280719
-0.05000000  1.65000000 -0.23598363
-0.05000000  1.70000000  0.04621950
-0.05000000  1.75000000  0.29228735
-0.05000000  1.80000000  0.46923028
-0.05000000  1.85000000  0.56450695
-0.05000000  1.90000000  0.54438694
-0.05000000  1.95000000  0.39940051
-0.05000000  2.00000000  0.17287462
-0.05000000  2.05000000 -0.11196884
-0.05000000  2.10000000 -0.38876553
-0.05000000  2.15000000 -0.59985954
-0.05000000  2.20000000 -0.72577687
 0.00000000 -0.25000000 -0.28955884
 0.00000000 -0.20000000 -0.34262408
 0.00000000 -0.15000000 -0.43592865
 0.00000000 -0.10000000 -0.53992707
 0.00000000 -0.05000000 -0.62396561
 0.00000000  0.00000000 -0.65747888
 0.00000000  0.05000000 -0.61881923
 0.00000000  0.10000000 -0.51221078
 0.00000000  0.15000000 -0.33488181
 0.00000000  0.20000000 -0.11020712
 0.00000000  0.25000000  0.15202743
 0.00000000  0.30000000  0.43498006
 0.00000000  0.35000000  0.73111676
 0.00000000  0.40000000  1.00581410
 0.00000000  0.45000000  1.23996183
 0.00000000  0.50000000  1.38624015
 0.00000000  0.55000000  1.43062178
 0.00000000  0.60000000  1.35078483
 0.00000000  0.65000000  1.16543956
 0.00000000  0.70000000  0.90885397
 0.00000000  0.75000000  0.63969887
 0.00000000  0.80000000  0.39963457
 0.00000000  0.85000000  0.23658633
 0.00000000  0.90000000  0.13799794
 0.00000000  0.95000000  0.12579403
 0.00000000  1.00000000  0.15502880
 0.00000000  1.05000000  0.18424055
 0.00000000  1.10000000  0.16880100
 0.00000000  1.15000000  0.07411545
 0.00000000  1.20000000 -0.08785442
 0.00000000  1.25000000 -0.32624157
 0.00000000  1.30000000 -0.58389353
 0.00000000  1.35000000 -0.80599233
 0.00000000  1.40000000 -0.94970329
 0.00000000  1.45000000 -0.99392710
 0.00000000  1.50000000 -0.92571938
 0.00000000  1.55000000 -0.75156982
 0.00000000  1.60000000 -0.50557919
 0.00000000  1.65000000 -0.20510792
 0.00000000  1.70000000  0.11152607
 0.00000000  1.75000000  0.42183257
 0.00000000  1.80000000  0.68639800
 0.00000000  1.85000000  0.86309993
 0.00000000  1.90000000  0.91846277
 0.00000000  1.95000000  0.84156392
 0.00000000  2.00000000  0.64940149
 0.00000000  2.05000000  0.38453888
 0.00000000  2.10000000  0.09504226
 0.00000000  2.15000000 -0.16151927
 0.00000000  2.20000000 -0.34842658
 0.05000000 -0.25000000 -0.30761908
 0.05000000 -0.20000000 -0.36512888
 0.05000000 -0.15000000 -0.45870617
 0.05000000 -0.10000000 -0.54925306
 0.05000000 -0.05000000 -0.59902460
 0.05000000  0.00000000 -0.58524118
 0.05000000  0.05000000 -0.49773661
 0.05000000  0.10000000 -0.33330568
 0.05000000  0.15000000 -0.11976506
 0.05000000  0.20000000  0.13611756
 0.05000000  0.25000000  0.42266377
 0.05000000  0.30000000  0.71782183
 0.05000000  0.35000000  1.01541287
 0.05000000  0.40000000  1.29791283
 0.05000000  0.45000000  1.51719790
 0.05000000  0.50000000  1.63474591
 0.05000000  0.55000000  1.62888590
 0.05000000  0.60000000  1.50369892
 0.05000000  0.65000000  1.26114090
 0.05000000  0.70000000  0.95234885
 0.05000000  0.75000000  0.63297325
 0.05000000  0.80000000  0.36116395
 0.05000000  0.85000000  0.17329671
 0.05000000  0.90000000  0.09191756
 0.05000000  0.95000000  0.09118716
 0.05000000  1.00000000  0.14785022
 0.05000000  1.05000000  0.18627596
 0.05000000  1.10000000  0.18745084
 0.05000000  1.15000000  0.09160999
 0.05000000  1.20000000 -0.08674564
 0.05000000  1.25000000 -0.33649715
 0.05000000  1.30000000 -0.59229752
 0.05000000  1.35000000 -0.81461967
 0.05000000  1.40000000 -0.95435492
 0.05000000  1.45000000 -0.99549235
 0.05000000  1.50000000 -0.90378885
 0.05000000  1.55000000 -0.72649747
 0.05000000  1.60000000 -0.47405291
 0.05000000  1.65000000 -0.16394743
 0.05000000  1.70000000  0.18135530
 0.05000000  1.75000000  0.53813998
 0.05000000  1.80000000  0.86488123
 0.05000000  1.85000000  1.11735442
 0.05000000  1.90000000  1.25993956
 0.05000000  1.95000000  1.25522875
 0.05000000  2.00000000  1.11314446
 0.05000000  2.05000000  0.87602227
 0.05000000  2.10000000  0.57575603
 0.05000000  2.15000000  0.28404162
 0.05000000  2.20000000  0.05259707
 0.10000000 -0.25000000 -0.26717859
 0.10000000 -0.20000000 -0.34197535
 0.10000000 -0.15000000 -0.43993126
 0.10000000 -0.10000000 -0.52161786
 0.10000000 -0.05000000 -0.55820889
 0.10000000  0.00000000 -0.51472434
 0.10000000  0.05000000 -0.38395959
 0.10000000  0.10000000 -0.19166787
 0.10000000  0.15000000  0.05018669
 0.10000000  0.20000000  0.31356889
 0.10000000  0.25000000  0.60716242
 0.10000000  0.30000000  0.90007861
 0.10000000  0.35000000  1.19470057
 0.10000000  0.40000000  1.46225557
 0.10000000  0.45000000  1.66156593
 0.10000000  0.50000000  1.75422501
 0.10000000  0.55000000  1.72511189
 0.10000000  0.60000000  1.55110526
 0.10000000  0.65000000  1.26217197
 0.10000000  0.70000000  0.91479448
 0.10000000  0.75000000  0.55961775
 0.10000000  0.80000000  0.26960486
 0.10000000  0.85000000  0.07798564
 0.10000000  0.90000000  0.00005693
 0.10000000  0.95000000  0.02031817
 0.10000000  1.00000000  0.08895160
 0.10000000  1.05000000  0.14888433
 0.10000000  1.10000000  0.14377129
 0.10000000  1.15000000  0.06019677
 0.10000000  1.20000000 -0.12658459
 0.10000000  1.25000000 -0.38076252
 0.10000000  1.30000000 -0.63820367
 0.10000000  1.35000000 -0.84390134
 0.10000000  1.40000000 -0.96578656
 0.10000000  1.45000000 -0.97711093
 0.10000000  1.50000000 -0.87110693
 0.10000000  1.55000000 -0.68126199
 0.10000000  1.60000000 -0.41400343
 0.10000000  1.65000000 -0.08894290
 0.10000000  1.70000000  0.27246132
 0.10000000  1.75000000  0.65181666
 0.10000000  1.80000000  1.02407033
 0.10000000  1.85000000  1.33718296
 0.10000000  1.90000000  1.54152976
 0.10000000  1.95000000  1.60654837
 0.10000000  2.00000000  1.50895468
 0.10000000  2.05000000  1.29163849
 0.10000000  2.10000000  1.00334730
 0.10000000  2.15000000  0.70411637
 0.10000000  2.20000000  0.41570570
 0.15000000 -0.25000000 -0.20868324
 0.15000000 -0.20000000 -0.26729706
 0.15000000 -0.15000000 -0.37058995
 0.15000000 -0.10000000 -0.45048629
 0.15000000 -0.05000000 -0.46767627
 0.15000000  0.00000000 -0.41823945
 0.15000000  0.05000000 -0.26830376
 0.15000000  0.10000000 -0.07130461
 0.15000000  0.15000000  0.17734327
 0.15000000  0.20000000  0.44017791
 0.15000000  0.25000000  0.71234224
 0.15000000  0.30000000  0.98319452
 0.15000000  0.35000000  1.25487420
 0.15000000  0.40000000  1.49431582
 0.15000000  0.45000000  1.67395169
 0.15000000  0.50000000  1.74761029
 0.15000000  0.55000000  1.68455625
 0.15000000  0.60000000  1.49069786
 0.15000000  0.65000000  1.18960503
 0.15000000  0.70000000  0.81988512
 0.15000000  0.75000000  0.45635090
 0.15000000  0.80000000  0.15429088
 0.15000000  0.85000000 -0.03355931
 0.15000000  0.90000000 -0.10420015
 0.15000000  0.95000000 -0.08305920
 0.15000000  1.00000000 -0.00102214
 0.15000000  1.05000000  0.06973578
 0.15000000  1.10000000  0.06709779
 0.15000000  1.15000000 -0.02883825
 0.15000000  1.20000000 -0.21691346
 0.15000000  1.25000000 -0.45832379
 0.15000000  1.30000000 -0.69922014
 0.15000000  1.35000000 -0.88426814
 0.15000000  1.40000000 -0.97107319
 0.15000000  1.45000000 -0.94093627
 0.15000000  1.50000000 -0.80738441
 0.15000000  1.55000000 -0.58610846
 0.15000000  1.60000000 -0.31872518
 0.15000000  1.65000000  0.01153383
 0.15000000  1.70000000  0.37295814
 0.15000000  1.75000000  0.76557244
 0.15000000  1.80000000  1.15897952
 0.15000000  1.85000000  1.50614718
 0.15000000  1.90000000  1.74461343
 0.15000000  1.95000000  1.85369685
 0.15000000  2.00000000  1.79722369
 0.15000000  2.05000000  1.61297136
 0.15000000  2.10000000  1.33830886
 0.15000000  2.15000000  1.03077768
 0.15000000  2.20000000  0.73296464
 0.20000000 -0.25000000 -0.11562062
 0.20000000 -0.20000000 -0.14633997
 0.20000000 -0.15000000 -0.22840473
 0.20000000 -0.10000000 -0.30050751
 0.20000000 -0.05000000 -0.32125598
 0.20000000  0.00000000 -0.27054512
 0.20000000  0.05000000 -0.12778631
 0.20000000  0.10000000  0.06754455
 0.20000000  0.15000000  0.29104773
 0.20000000  0.20000000  0.53240366
 0.20000000  0.25000000  0.76753415
 0.20000000  0.30000000  1.00430223
 0.20000000  0.35000000  1.22797164
 0.20000000  0.40000000  1.42360436
 0.20000000  0.45000000  1.55555990
 0.20000000  0.50000000  1.61713609
 0.20000000  0.55000000  1.54490467
 0.20000000  0.60000000  1.34291972
 0.20000000  0.65000000  1.03977931
 0.20000000  0.70000000  0.68493293
 0.20000000  0.75000000  0.32458551
 0.20000000  0.80000000  0.04305504
 0.20000000  0.85000000 -0.14113443
 0.20000000  0.90000000 -0.20886404
 0.20000000  0.95000000 -0.17708949
 0.20000000  1.00000000 -0.10412567
 0.20000000  1.05000000 -0.04294864
 0.20000000  1.10000000 -0.05397964
 0.20000000  1.15000000 -0.14506932
 0.20000000  1.20000000 -0.32854372
 0.20000000  1.25000000 -0.54981715
 0.20000000  1.30000000 -0.76032997
 0.20000000  1.35000000 -0.90112474
 0.20000000  1.40000000 -0.94772981
 0.20000000  1.45000000 -0.87103606
 0.20000000  1.50000000 -0.69721482
 0.20000000  1.55000000 -0.45985880
 0.20000000  1.60000000 -0.17207830
 0.20000000  1.65000000  0.14936255
 0.20000000  1.70000000  0.50404806
 0.20000000  1.75000000  0.88034179
 0.20000000  1.80000000  1.26285537
 0.20000000  1.85000000  1.60240470
 0.20000000  1.90000000  1.85470701
 0.20000000  1.95000000  1.97059974
 0.20000000  2.00000000  1.94390004
 0.20000000  2.05000000  1.78565350
 0.20000000  2.10000000  1.54435496
 0.20000000  2.15000000  1.25117765
 0.20000000  2.20000000  0.95310405
 0.25000000 -0.25000000 -0.01380952
 0.25000000 -0.20000000 -0.00439453
 0.25000000 -0.15000000 -0.06149277
 0.25000000 -0.10000000 -0.10873110
 0.25000000 -0.05000000 -0.12096299
 0.25000000  0.00000000 -0.06855570
 0.25000000  0.05000000  0.05387240
 0.25000000  0.10000000  0.22817540
 0.25000000  0.15000000  0.42194358
 0.25000000  0.20000000  0.60542384
 0.25000000  0.25000000  0.77913253
 0.25000000  0.30000000  0.94988825
 0.25000000  0.35000000  1.11405933
 0.25000000  0.40000000  1.25953607
 0.25000000  0.45000000  1.35278161
 0.25000000  0.50000000  1.37993535
 0.25000000  0.55000000  1.30229973
 0.25000000  0.60000000  1.12276314
 0.25000000  0.65000000  0.83981450
 0.25000000  0.70000000  0.51656257
 0.25000000  0.75000000  0.19566387
 0.25000000  0.80000000 -0.06682860
 0.25000000  0.85000000 -0.22778325
 0.25000000  0.90000000 -0.28982043
 0.25000000  0.95000000 -0.26994455
 0.25000000  1.00000000 -0.20721633
 0.25000000  1.05000000 -0.16061634
 0.25000000  1.10000000 -0.16672920
 0.25000000  1.15000000 -0.27280195
 0.25000000  1.20000000 -0.43042437
 0.25000000  1.25000000 -0.62438394
 0.25000000  1.30000000 -0.78933414
 0.25000000  1.35000000 -0.88884457
 0.25000000  1.40000000 -0.87395955
 0.25000000  1.45000000 -0.76115615
 0.25000000  1.50000000 -0.55103228
 0.25000000  1.55000000 -0.29738188
 0.25000000  1.60000000 -0.00355349
 0.25000000  1.65000000  0.30592289
 0.25000000  1.70000000  0.63014937
 0.25000000  1.75000000  0.96952224
 0.25000000  1.80000000  1.31537725
 0.25000000  1.85000000  1.62208684
 0.25000000  1.90000000  1.84361654
 0.25000000  1.95000000  1.96187970
 0.25000000  2.00000000  1.94231852
 0.25000000  2.05000000  1.80860297
 0.25000000  2.10000000  1.60281790
 0.25000000  2.15000000  1.35145262
 0.25000000  2.20000000  1.06917182
 0.30000000 -0.25000000  0.06620486
 0.30000000 -0.20000000  0.13032831
 0.30000000 -0.15000000  0.13319158
 0.30000000 -0.10000000  0.11888370
 0.30000000 -0.05000000  0.12728203
 0.30000000  0.00000000  0.17999738
 0.30000000  0.05000000  0.28153188
 0.30000000  0.10000000  0.42157765
 0.30000000  0.15000000  0.56316213
 0.30000000  0.20000000  0.68464746
 0.30000000  0.25000000  0.78435888
 0.30000000  0.30000000  0.86744639
 0.30000000  0.35000000  0.93601942
 0.30000000  0.40000000  1.01142782
 0.30000000  0.45000000  1.06660215
 0.30000000  0.50000000  1.06054276
 0.30000000  0.55000000  0.98831506
 0.30000000  0.60000000  0.83252404
 0.30000000  0.65000000  0.60058194
 0.30000000  0.70000000  0.32916608
 0.30000000  0.75000000  0.05461137
 0.30000000  0.80000000 -0.16444566
 0.30000000  0.85000000 -0.30387299
 0.30000000  0.90000000 -0.34992380
 0.30000000  0.95000000 -0.34376250
 0.30000000  1.00000000 -0.29787571
 0.30000000  1.05000000 -0.27616359
 0.30000000  1.10000000 -0.29845773
 0.30000000  1.15000000 -0.38657266
 0.30000000  1.20000000 -0.52079723
 0.30000000  1.25000000 -0.66659428
 0.30000000  1.30000000 -0.78938716
 0.30000000  1.35000000 -0.82393828
 0.30000000  1.40000000 -0.76262811
 0.30000000  1.45000000 -0.60868860
 0.30000000  1.50000000 -0.38321424
 0.30000000  1.55000000 -0.11275252
 0.30000000  1.60000000  0.17153071
 0.30000000  1.65000000  0.45949362
 0.30000000  1.70000000  0.73893714
 0.30000000  1.75000000  1.02689193
 0.30000000  1.80000000  1.30794891
 0.30000000  1.85000000  1.55745102
 0.30000000  1.90000000  1.72343912
 0.30000000  1.95000000  1.81951761
 0.30000000  2.00000000  1.79866099
 0.30000000  2.05000000  1.69701842
 0.30000000  2.10000000  1.52517621
 0.30000000  2.15000000  1.31408732
 0.30000000  2.20000000  1.09115563
 0.35000000 -0.25000000  0.14162932
 0.35000000 -0.20000000  0.27256779
 0.35000000 -0.15000000  0.32081493
 0.35000000 -0.10000000  0.35330670
 0.35000000 -0.05000000  0.38209113
 0.35000000  0.00000000  0.43875764
 0.35000000  0.05000000  0.52513280
 0.35000000  0.10000000  0.62902493
 0.35000000  0.15000000  0.70808331
 0.35000000  0.20000000  0.75500713
 0.35000000  0.25000000  0.77072415
 0.35000000  0.30000000  0.75980998
 0.35000000  0.35000000  0.74767173
 0.35000000  0.40000000  0.73189496
 0.35000000  0.45000000  0.73349774
 0.35000000  0.50000000  0.69979856
 0.35000000  0.55000000  0.63002667
 0.35000000  0.60000000  0.49554960
 0.35000000  0.65000000  0.31565253
 0.35000000  0.70000000  0.10777442
 0.35000000  0.75000000 -0.09390902
 0.35000000  0.80000000 -0.25648570
 0.35000000  0.85000000 -0.35998664
 0.35000000  0.90000000 -0.41146264
 0.35000000  0.95000000 -0.40641190
 0.35000000  1.00000000 -0.39338461
 0.35000000  1.05000000 -0.38778579
 0.35000000  1.10000000 -0.41597499
 0.35000000  1.15000000 -0.48203934
 0.35000000  1.20000000 -0.57115766
 0.35000000  1.25000000 -0.66244119
 0.35000000  1.30000000 -0.71900409
 0.35000000  1.35000000 -0.70723509
 0.35000000  1.40000000 -0.61030623
 0.35000000  1.45000000 -0.42972952
 0.35000000  1.50000000 -0.19651689
 0.35000000  1.55000000  0.06051315
 0.35000000  1.60000000  0.31526635
 0.35000000  1.65000000  0.56868616
 0.35000000  1.70000000  0.79967785
 0.35000000  1.75000000  1.02957940
 0.35000000  1.80000000  1.24504091
 0.35000000  1.85000000  1.41650981
 0.35000000  1.90000000  1.53639381
 0.35000000  1.95000000  1.58483906
 0.35000000  2.00000000  1.55257250
 0.35000000  2.05000000  1.46827387
 0.35000000  2.10000000  1.34365268
 0.35000000  2.15000000  1.20786931
 0.35000000  2.20000000  1.04020281
 0.40000000 -0.25000000  0.21194457
 0.40000000 -0.20000000  0.39256059
 0.40000000 -0.15000000  0.50659885
 0.40000000 -0.10000000  0.56671694
 0.40000000 -0.05000000  0.62187275
 0.40000000  0.00000000  0.68309767
 0.40000000  0.05000000  0.75114485
 0.40000000  0.10000000  0.81625430
 0.40000000  0.15000000  0.84737869
 0.40000000  0.20000000  0.82673332
 0.40000000  0.25000000  0.74917223
 0.40000000  0.30000000  0.64442840
 0.40000000  0.35000000  0.53598703
 0.40000000  0.40000000  0.44755968
 0.40000000  0.45000000  0.37121253
 0.40000000  0.50000000  0.30977641
 0.40000000  0.55000000  0.23873763
 0.40000000  0.60000000  0.13786040
 0.40000000  0.65000000  0.00772042
 0.40000000  0.70000000 -0.12648284
 0.40000000  0.75000000 -0.26020772
 0.40000000  0.80000000 -0.37031007
 0.40000000  0.85000000 -0.43908703
 0.40000000  0.90000000 -0.47087434
 0.40000000  0.95000000 -0.48278311
 0.40000000  1.00000000 -0.48452955
 0.40000000  1.05000000 -0.49655421
 0.40000000  1.10000000 -0.51907519
 0.40000000  1.15000000 -0.55601635
 0.40000000  1.20000000 -0.59335052
 0.40000000  1.25000000 -0.62750599
 0.40000000  1.30000000 -0.62039537
 0.40000000  1.35000000 -0.56022281
 0.40000000  1.40000000 -0.43156935
 0.40000000  1.45000000 -0.24291445
 0.40000000  1.50000000 -0.02644225
 0.40000000  1.55000000  0.20873670
 0.40000000  1.60000000  0.42429561
 0.40000000  1.65000000  0.63293713
 0.40000000  1.70000000  0.82191364
 0.40000000  1.75000000  0.99055462
 0.40000000  1.80000000  1.14437284
 0.40000000  1.85000000  1.25528627
 0.40000000  1.90000000  1.31376337
 0.40000000  1.95000000  1.31963772
 0.40000000  2.00000000  1.27854132
 0.40000000  2.05000000  1.20552604
 0.40000000  2.10000000  1.13053425
 0.40000000  2.15000000  1.04570223
 0.40000000  2.20000000  0.94597443
 0.45000000 -0.25000000  0.30188671
 0.45000000 -0.20000000  0.51144528
 0.45000000 -0.15000000  0.65172702
 0.45000000 -0.10000000  0.75728743
 0.45000000 -0.05000000  0.83141268
 0.45000000  0.00000000  0.90708190
 0.45000000  0.05000000  0.96228331
 0.45000000  0.10000000  0.98410844
 0.45000000  0.15000000  0.96775206
 0.45000000  0.20000000  0.87547688
 0.45000000  0.25000000  0.72481249
 0.45000000  0.30000000  0.52656035
 0.45000000  0.35000000  0.32983301
 0.45000000  0.40000000  0.16529925
 0.45000000  0.45000000  0.03011787
 0.45000000  0.50000000 -0.07133253
 0.45000000  0.55000000 -0.14313338
 0.45000000  0.60000000 -0.21610052
 0.45000000  0.65000000 -0.28854584
 0.45000000  0.70000000 -0.36662845
 0.45000000  0.75000000 -0.44202265
 0.45000000  0.80000000 -0.49171268
 0.45000000  0.85000000 -0.52804468
 0.45000000  0.90000000 -0.55091723
 0.45000000  0.95000000 -0.56979924
 0.45000000  1.00000000 -0.58305180
 0.45000000  1.05000000 -0.58958098
 0.45000000  1.10000000 -0.59403751
 0.45000000  1.15000000 -0.59550764
 0.45000000  1.20000000 -0.58444730
 0.45000000  1.25000000 -0.55751819
 0.45000000  1.30000000 -0.49650185
 0.45000000  1.35000000 -0.39227732
 0.45000000  1.40000000 -0.26024539
 0.45000000  1.45000000 -0.08179758
 0.45000000  1.50000000  0.10996879
 0.45000000  1.55000000  0.30714373
 0.45000000  1.60000000  0.48651139
 0.45000000  1.65000000  0.64849126
 0.45000000  1.70000000  0.80829965
 0.45000000  1.75000000  0.93794518
 0.45000000  1.80000000  1.04291542
 0.45000000  1.85000000  1.10639098
 0.45000000  1.90000000  1.12629260
 0.45000000  1.95000000  1.09904768
 0.45000000  2.00000000  1.03570868
 0.45000000  2.05000000  0.97385081
 0.45000000  2.10000000  0.92497013
 0.45000000  2.15000000  0.89258526
 0.45000000  2.20000000  0.85175917
 0.50000000 -0.25000000  0.42326675
 0.50000000 -0.20000000  0.64727376
 0.50000000 -0.15000000  0.80527693
 0.50000000 -0.10000000  0.92454962
 0.50000000 -0.05000000  1.01098178
 0.50000000  0.00000000  1.07720282
 0.50000000  0.05000000  1.12681525
 0.50000000  0.10000000  1.13041515
 0.50000000  0.15000000  1.06551201
 0.50000000  0.20000000  0.91521748
 0.50000000  0.25000000  0.69608691
 0.50000000  0.30000000  0.42813293
 0.50000000  0.35000000  0.15640327
 0.50000000  0.40000000 -0.08716834
 0.50000000  0.45000000 -0.27330130
 0.50000000  0.50000000 -0.39925772
 0.50000000  0.55000000 -0.47890607
 0.50000000  0.60000000 -0.52762095
 0.50000000  0.65000000 -0.55461119
 0.50000000  0.70000000 -0.58232401
 0.50000000  0.75000000 -0.59766376
 0.50000000  0.80000000 -0.60851562
 0.50000000  0.85000000 -0.62474136
 0.50000000  0.90000000 -0.63644513
 0.50000000  0.95000000 -0.64410137
 0.50000000  1.00000000 -0.65724716
 0.50000000  1.05000000 -0.65711960
 0.50000000  1.10000000 -0.64359700
 0.50000000  1.15000000 -0.60932268
 0.50000000  1.20000000 -0.55180524
 0.50000000  1.25000000 -0.48101101
 0.50000000  1.30000000 -0.38440896
 0.50000000  1.35000000 -0.25916380
 0.50000000  1.40000000 -0.11804068
 0.50000000  1.45000000  0.04131833
 0.50000000  1.50000000  0.20477740
 0.50000000  1.55000000  0.36716906
 0.50000000  1.60000000  0.51874131
 0.50000000  1.65000000  0.65526832
 0.50000000  1.70000000  0.79059347
 0.50000000  1.75000000  0.90469167
 0.50000000  1.80000000  0.99012929
 0.50000000  1.85000000  1.04033221
 0.50000000  1.90000000  1.03992994
 0.50000000  1.95000000  0.99270724
 0.50000000  2.00000000  0.92556212
 0.50000000  2.05000000  0.85879328
 0.50000000  2.10000000  0.81334850
 0.50000000  2.15000000  0.79808580
 0.50000000  2.20000000  0.79089865
 0.55000000 -0.25000000  0.59183232
 0.55000000 -0.20000000  0.80327393
 0.55000000 -0.15000000  0.95176717
 0.55000000 -0.10000000  1.07218365
 0.55000000 -0.05000000  1.15574206
 0.55000000  0.00000000  1.22786715
 0.55000000  0.05000000  1.25918384
 0.55000000  0.10000000  1.24077284
 0.55000000  0.15000000  1.14282223
 0.55000000  0.20000000  0.94932671
 0.55000000  0.25000000  0.67791415
 0.55000000  0.30000000  0.34987463
 0.55000000  0.35000000  0.01433007
 0.55000000  0.40000000 -0.26811337
 0.55000000  0.45000000 -0.51276516
 0.55000000  0.50000000 -0.66011321
 0.55000000  0.55000000 -0.74175503
 0.55000000  0.60000000 -0.77127979
 0.55000000  0.65000000 -0.76230093
 0.55000000  0.70000000 -0.73550985
 0.55000000  0.75000000 -0.70803164
 0.55000000  0.80000000 -0.68323338
 0.55000000  0.85000000 -0.67764767
 0.55000000  0.90000000 -0.67525536
 0.55000000  0.95000000 -0.67765310
 0.55000000  1.00000000 -0.68721080
 0.55000000  1.05000000 -0.67679945
 0.55000000  1.10000000 -0.64263973
 0.55000000  1.15000000 -0.57664789
 0.55000000  1.20000000 -0.49388754
 0.55000000  1.25000000 -0.39735267
 0.55000000  1.30000000 -0.27927123
 0.55000000  1.35000000 -0.14849799
 0.55000000  1.40000000 -0.02461823
 0.55000000  1.45000000  0.10891546
 0.55000000  1.50000000  0.25647837
 0.55000000  1.55000000  0.39767778
 0.55000000  1.60000000  0.53463379
 0.55000000  1.65000000  0.67296258
 0.55000000  1.70000000  0.82100347
 0.55000000  1.75000000  0.94524895
 0.55000000  1.80000000  1.04789299
 0.55000000  1.85000000  1.10097054
 0.55000000  1.90000000  1.10221435
 0.55000000  1.95000000  1.05231730
 0.55000000  2.00000000  0.96708716
 0.55000000  2.05000000  0.88873325
 0.55000000  2.10000000  0.82577358
 0.55000000  2.15000000  0.79834813
 0.55000000  2.20000000  0.79562411
 0.60000000 -0.25000000  0.79701738
 0.60000000 -0.20000000  0.97621207
 0.60000000 -0.15000000  1.11121627
 0.60000000 -0.10000000  1.20883908
 0.60000000 -0.05000000  1.29345076
 0.60000000  0.00000000  1.35262902
 0.60000000  0.05000000  1.37044584
 0.60000000  0.10000000  1.33441052
 0.60000000  0.15000000  1.21259310
 0.60000000  0.20000000  0.98608078
 0.60000000  0.25000000  0.68001590
 0.60000000  0.30000000  0.31616899
 0.60000000  0.35000000 -0.06231275
 0.60000000  0.40000000 -0.38567776
 0.60000000  0.45000000 -0.65181922
 0.60000000  0.50000000 -0.81537072
 0.60000000  0.55000000 -0.89242823
 0.60000000  0.60000000 -0.89574334
 0.60000000  0.65000000 -0.85203826
 0.60000000  0.70000000 -0.79874115
 0.60000000  0.75000000 -0.72364700
 0.60000000  0.80000000 -0.66809451
 0.60000000  0.85000000 -0.63588600
 0.60000000  0.90000000 -0.62043346
 0.60000000  0.95000000 -0.63160675
 0.60000000  1.00000000 -0.63332382
 0.60000000  1.05000000 -0.60519024
 0.60000000  1.10000000 -0.56676694
 0.60000000  1.15000000 -0.50076187
 0.60000000  1.20000000 -0.40688566
 0.60000000  1.25000000 -0.31048295
 0.60000000  1.30000000 -0.20494887
 0.60000000  1.35000000 -0.09608510
 0.60000000  1.40000000  0.01381844
 0.60000000  1.45000000  0.13649397
 0.60000000  1.50000000  0.26461372
 0.60000000  1.55000000  0.40226072
 0.60000000  1.60000000  0.55251321
 0.60000000  1.65000000  0.72335865
 0.60000000  1.70000000  0.89349683
 0.60000000  1.75000000  1.06325794
 0.60000000  1.80000000  1.20252979
 0.60000000  1.85000000  1.29095007
 0.60000000  1.90000000  1.31411891
 0.60000000  1.95000000  1.27320740
 0.60000000  2.00000000  1.18242101
 0.60000000  2.05000000  1.06571037
 0.60000000  2.10000000  0.97139580
 0.60000000  2.15000000  0.90578203
 0.60000000  2.20000000  0.86982915
 0.65000000 -0.25000000  1.00510895
 0.65000000 -0.20000000  1.14437262
 0.65000000 -0.15000000  1.25605738
 0.65000000 -0.10000000  1.33871347
 0.65000000 -0.05000000  1.40506196
 0.65000000  0.00000000  1.45013154
 0.65000000  0.05000000  1.46933327
 0.65000000  0.10000000  1.42080056
 0.65000000  0.15000000  1.28303008
 0.65000000  0.20000000  1.04440533
 0.65000000  0.25000000  0.71951978
 0.65000000  0.30000000  0.33623705
 0.65000000  0.35000000 -0.05488806
 0.65000000  0.40000000 -0.40941431
 0.65000000  0.45000000 -0.67574743
 0.65000000  0.50000000 -0.85542236
 0.65000000  0.55000000 -0.92009000
 0.65000000  0.60000000 -0.89600917
 0.65000000  0.65000000 -0.82233405
 0.65000000  0.70000000 -0.71656318
 0.65000000  0.75000000 -0.60949810
 0.65000000  0.80000000 -0.52848140
 0.65000000  0.85000000 -0.47952255
 0.65000000  0.90000000 -0.46106758
 0.65000000  0.95000000 -0.45383264
 0.65000000  1.00000000 -0.45259067
 0.65000000  1.05000000 -0.43595905
 0.65000000  1.10000000 -0.40271856
 0.65000000  1.15000000 -0.35598991
 0.65000000  1.20000000 -0.29367062
 0.65000000  1.25000000 -0.22792745
 0.65000000  1.30000000 -0.17025368
 0.65000000  1.35000000 -0.09572600
 0.65000000  1.40000000 -0.01039841
 0.65000000  1.45000000  0.09560831
 0.65000000  1.50000000  0.22127472
 0.65000000  1.55000000  0.38417638
 0.65000000  1.60000000  0.57317230
 0.65000000  1.65000000  0.78600856
 0.65000000  1.70000000  1.02262178
 0.65000000  1.75000000  1.24057780
 0.65000000  1.80000000  1.43143123
 0.65000000  1.85000000  1.57502505
 0.65000000  1.90000000  1.63862872
 0.65000000  1.95000000  1.61742392
 0.65000000  2.00000000  1.51422404
 0.65000000  2.05000000  1.37463742
 0.65000000  2.10000000  1.21842163
 0.65000000  2.15000000  1.09205189
 0.65000000  2.20000000  1.00864600
 0.70000000 -0.25000000  1.18559603
 0.70000000 -0.20000000  1.28868900
 0.70000000 -0.15000000  1.37388286
 0.70000000 -0.10000000  1.43423525
 0.70000000 -0.05000000  1.49759813
 0.70000000  0.00000000  1.52929102
 0.70000000  0.05000000  1.54405508
 0.70000000  0.10000000  1.49835857
 0.70000000  0.15000000  1.35620252
 0.70000000  0.20000000  1.12717556
 0.70000000  0.25000000  0.80275603
 0.70000000  0.30000000  0.41725476
 0.70000000  0.35000000  0.02403554
 0.70000000  0.40000000 -0.33298283
 0.70000000  0.45000000 -0.60432540
 0.70000000  0.50000000 -0.76951661
 0.70000000  0.55000000 -0.82195698
 0.70000000  0.60000000 -0.77265746
 0.70000000  0.65000000 -0.66122684
 0.70000000  0.70000000 -0.50995195
 0.70000000  0.75000000 -0.36505800
 0.70000000  0.80000000 -0.25686363
 0.70000000  0.85000000 -0.18486647
 0.70000000  0.90000000 -0.14371626
 0.70000000  0.95000000 -0.13800870
 0.70000000  1.00000000 -0.14707613
 0.70000000  1.05000000 -0.15144516
 0.70000000  1.10000000 -0.15679708
 0.70000000  1.15000000 -0.14534452
 0.70000000  1.20000000 -0.15258806
 0.70000000  1.25000000 -0.14966280
 0.70000000  1.30000000 -0.15079156
 0.70000000  1.35000000 -0.13107372
 0.70000000  1.40000000 -0.08298201
 0.70000000  1.45000000  0.00945008
 0.70000000  1.50000000  0.15841258
 0.70000000  1.55000000  0.35420437
 0.70000000  1.60000000  0.59007726
 0.70000000  1.65000000  0.86294805
 0.70000000  1.70000000  1.16062438
 0.70000000  1.75000000  1.44550076
 0.70000000  1.80000000  1.71250940
 0.70000000  1.85000000  1.91224223
 0.70000000  1.90000000  2.01843761
 0.70000000  1.95000000  2.01218697
 0.70000000  2.00000000  1.91173162
 0.70000000  2.05000000  1.73220541
 0.70000000  2.10000000  1.52588587
 0.70000000  2.15000000  1.33022732
 0.70000000  2.20000000  1.17947927
 0.75000000 -0.25000000  1.28572545
 0.75000000 -0.20000000  1.36925221
 0.75000000 -0.15000000  1.43765894
 0.75000000 -0.10000000  1.49542063
 0.75000000 -0.05000000  1.54417690
 0.75000000  0.00000000  1.57493004
 0.75000000  0.05000000  1.59241551
 0.75000000  0.10000000  1.55028417
 0.75000000  0.15000000  1.42997488
 0.75000000  0.20000000  1.21332565
 0.75000000  0.25000000  0.91371480
 0.75000000  0.30000000  0.55698566
 0.75000000  0.35000000  0.17348591
 0.75000000  0.40000000 -0.15874008
 0.75000000  0.45000000 -0.42499685
 0.75000000  0.50000000 -0.57439752
 0.75000000  0.55000000 -0.60755159
 0.75000000  0.60000000 -0.53912314
 0.75000000  0.65000000 -0.38564746
 0.75000000  0.70000000 -0.19624502
 0.75000000  0.75000000 -0.01605568
 0.75000000  0.80000000  0.13949121
 0.75000000  0.85000000  0.24482793
 0.75000000  0.90000000  0.29157642
 0.75000000  0.95000000  0.29359148
 0.75000000  1.00000000  0.26310951
 0.75000000  1.05000000  0.21461757
 0.75000000  1.10000000  0.15797260
 0.75000000  1.15000000  0.08500176
 0.75000000  1.20000000  0.00279948
 0.75000000  1.25000000 -0.08100312
 0.75000000  1.30000000 -0.15647072
 0.75000000  1.35000000 -0.19524984
 0.75000000  1.40000000 -0.18782529
 0.75000000  1.45000000 -0.09469732
 0.75000000  1.50000000  0.06815964
 0.75000000  1.55000000  0.29568714
 0.75000000  1.60000000  0.58755550
 0.75000000  1.65000000  0.91948169
 0.75000000  1.70000000  1.27379562
 0.75000000  1.75000000  1.62953653
 0.75000000  1.80000000  1.94534736
 0.75000000  1.85000000  2.21007700
 0.75000000  1.90000000  2.36106074
 0.75000000  1.95000000  2.38809013
 0.75000000  2.00000000  2.28799533
 0.75000000  2.05000000  2.09385043
 0.75000000  2.10000000  1.83427031
 0.75000000  2.15000000  1.57964702
 0.75000000  2.20000000  1.35927820
 0.80000000 -0.25000000  1.31009408
 0.80000000 -0.20000000  1.37666165
 0.80000000 -0.15000000  1.43823492
 0.80000000 -0.10000000  1.49205199
 0.80000000 -0.05000000  1.53497190
 0.80000000  0.00000000  1.57139889
 0.80000000  0.05000000  1.58371852
 0.80000000  0.10000000  1.56238048
 0.80000000  0.15000000  1.47005859
 0.80000000  0.20000000  1.29165025
 0.80000000  0.25000000  1.03027272
 0.80000000  0.30000000  0.70645541
 0.80000000  0.35000000  0.36653312
 0.80000000  0.40000000  0.05748597
 0.80000000  0.45000000 -0.19242503
 0.80000000  0.50000000 -0.33194338
 0.80000000  0.55000000 -0.34460080
 0.80000000  0.60000000 -0.24551303
 0.80000000  0.65000000 -0.05560962
 0.80000000  0.70000000  0.18515444
 0.80000000  0.75000000  0.41878540
 0.80000000  0.80000000  0.61475738
 0.80000000  0.85000000  0.74094420
 0.80000000  0.90000000  0.80353228
 0.80000000  0.95000000  0.77890839
 0.80000000  1.00000000  0.72176184
 0.80000000  1.05000000  0.62074476
 0.80000000  1.10000000  0.48718813
 0.80000000  1.15000000  0.33297584
 0.80000000  1.20000000  0.15127225
 0.80000000  1.25000000 -0.02383117
 0.80000000  1.30000000 -0.16810506
 0.80000000  1.35000000 -0.27738633
 0.80000000  1.40000000 -0.29737584
 0.80000000  1.45000000 -0.21661599
 0.80000000  1.50000000 -0.04435062
 0.80000000  1.55000000  0.21016429
 0.80000000  1.60000000  0.54446516
 0.80000000  1.65000000  0.92149401
 0.80000000  1.70000000  1.33374925
 0.80000000  1.75000000  1.74030812
 0.80000000  1.80000000  2.11603101
 0.80000000  1.85000000  2.41624225
 0.80000000  1.90000000  2.61792885
 0.80000000  1.95000000  2.67686931
 0.80000000  2.00000000  2.60145378
 0.80000000  2.05000000  2.39230355
 0.80000000  2.10000000  2.10556148
 0.80000000  2.15000000  1.79856226
 0.80000000  2.20000000  1.52700478
 0.85000000 -0.25000000  1.23619617
 0.85000000 -0.20000000  1.29409261
 0.85000000 -0.15000000  1.36484172
 0.85000000 -0.10000000  1.42037061
 0.85000000 -0.05000000  1.46748408
 0.85000000  0.00000000  1.51040697
 0.85000000  0.05000000  1.54293874
 0.85000000  0.10000000  1.52639547
 0.85000000  0.15000000  1.46523807
 0.85000000  0.20000000  1.32573974
 0.85000000  0.25000000  1.11714825
 0.85000000  0.30000000  0.85184810
 0.85000000  0.35000000  0.55385729
 0.85000000  0.40000000  0.27167986
 0.85000000  0.45000000  0.05683754
 0.85000000  0.50000000 -0.06707189
 0.85000000  0.55000000 -0.06926969
 0.85000000  0.60000000  0.05858179
 0.85000000  0.65000000  0.28466421
 0.85000000  0.70000000  0.56691896
 0.85000000  0.75000000  0.85183126
 0.85000000  0.80000000  1.08926007
 0.85000000  0.85000000  1.24950159
 0.85000000  0.90000000  1.30898793
 0.85000000  0.95000000  1.27400875
 0.85000000  1.00000000  1.16258247
 0.85000000  1.05000000  0.99918764
 0.85000000  1.10000000  0.79123654
 0.85000000  1.15000000  0.53791766
 0.85000000  1.20000000  0.29457858
 0.85000000  1.25000000  0.02718890
 0.85000000  1.30000000 -0.18682431
 0.85000000  1.35000000 -0.33959107
 0.85000000  1.40000000 -0.38739652
 0.85000000  1.45000000 -0.32699222
 0.85000000  1.50000000 -0.16320555
 0.85000000  1.55000000  0.10130089
 0.85000000  1.60000000  0.45053477
 0.85000000  1.65000000  0.85167222
 0.85000000  1.70000000  1.30298426
 0.85000000  1.75000000  1.74281896
 0.85000000  1.80000000  2.16971180
 0.85000000  1.85000000  2.51697505
 0.85000000  1.90000000  2.76303522
 0.85000000  1.95000000  2.85803699
 0.85000000  2.00000000  2.81485810
 0.85000000  2.05000000  2.61041892
 0.85000000  2.10000000  2.31817937
 0.85000000  2.15000000  1.98577962
 0.85000000  2.20000000  1.67809094
 0.90000000 -0.25000000  1.09839192
 0.90000000 -0.20000000  1.16097028
 0.90000000 -0.15000000  1.23150750
 0.90000000 -0.10000000  1.28332523
 0.90000000 -0.05000000  1.34197961
 0.90000000  0.00000000  1.38196106
 0.90000000  0.05000000  1.41033145
 0.90000000  0.10000000  1.42244561
 0.90000000  0.15000000  1.37997829
 0.90000000  0.20000000  1.29574180
 0.90000000  0.25000000  1.14275893
 0.90000000  0.30000000  0.94008298
 0.90000000  0.35000000  0.69282784
 0.90000000  0.40000000  0.45865427
 0.90000000  0.45000000  0.25522077
 0.90000000  0.50000000  0.14865451
 0.90000000  0.55000000  0.15757218
 0.90000000  0.60000000  0.30628477
 0.90000000  0.65000000  0.56281005
 0.90000000  0.70000000  0.89216951
 0.90000000  0.75000000  1.22733878
 0.90000000  0.80000000  1.50199966
 0.90000000  0.85000000  1.68465240
 0.90000000  0.90000000  1.74874847
 0.90000000  0.95000000  1.69665974
 0.90000000  1.00000000  1.54270926
 0.90000000  1.05000000  1.32566862
 0.90000000  1.10000000  1.04038842
 0.90000000  1.15000000  0.73498751
 0.90000000  1.20000000  0.40389499
 0.90000000  1.25000000  0.08788207
 0.90000000  1.30000000 -0.17216622
 0.90000000  1.35000000 -0.35960701
 0.90000000  1.40000000 -0.44617330
 0.90000000  1.45000000 -0.41692498
 0.90000000  1.50000000 -0.27683260
 0.90000000  1.55000000 -0.02844787
 0.90000000  1.60000000  0.31369884
 0.90000000  1.65000000  0.71125017
 0.90000000  1.70000000  1.16744857
 0.90000000  1.75000000  1.64552348
 0.90000000  1.80000000  2.11679757
 0.90000000  1.85000000  2.51654920
 0.90000000  1.90000000  2.80201926
 0.90000000  1.95000000  2.95233670
 0.90000000  2.00000000  2.93201661
 0.90000000  2.05000000  2.76127375
 0.90000000  2.10000000  2.47219520
 0.90000000  2.15000000  2.13212667
 0.90000000  2.20000000  1.79194221
 0.95000000 -0.25000000  0.93010271
 0.95000000 -0.20000000  0.99557729
 0.95000000 -0.15000000  1.05796888
 0.95000000 -0.10000000  1.12100671
 0.95000000 -0.05000000  1.15996073
 0.95000000  0.00000000  1.19645378
 0.95000000  0.05000000  1.21691464
 0.95000000  0.10000000  1.22807702
 0.95000000  0.15000000  1.21836828
 0.95000000  0.20000000  1.17501591
 0.95000000  0.25000000  1.08657701
 0.95000000  0.30000000  0.94348149
 0.95000000  0.35000000  0.75025876
 0.95000000  0.40000000  0.55680933
 0.95000000  0.45000000  0.38071141
 0.95000000  0.50000000  0.29445560
 0.95000000  0.55000000  0.31321092
 0.95000000  0.60000000  0.47973929
 0.95000000  0.65000000  0.76153570
 0.95000000  0.70000000  1.12492924
 0.95000000  0.75000000  1.49101640
 0.95000000  0.80000000  1.80889824
 0.95000000  0.85000000  2.00706408
 0.95000000  0.90000000  2.07290404
 0.95000000  0.95000000  1.99620610
 0.95000000  1.00000000  1.80801021
 0.95000000  1.05000000  1.54724320
 0.95000000  1.10000000  1.23025741
 0.95000000  1.15000000  0.87628630
 0.95000000  1.20000000  0.50892501
 0.95000000  1.25000000  0.17144336
 0.95000000  1.30000000 -0.11713712
 0.95000000  1.35000000 -0.32485909
 0.95000000  1.40000000 -0.43795765
 0.95000000  1.45000000 -0.46103530
 0.95000000  1.50000000 -0.36163981
 0.95000000  1.55000000 -0.16360024
 0.95000000  1.60000000  0.12853929
 0.95000000  1.65000000  0.52047404
 0.95000000  1.70000000  0.97644471
 0.95000000  1.75000000  1.47452840
 0.95000000  1.80000000  1.98072341
 0.95000000  1.85000000  2.42420677
 0.95000000  1.90000000  2.77414992
 0.95000000  1.95000000  2.96465620
 0.95000000  2.00000000  2.99323936
 0.95000000  2.05000000  2.85234858
 0.95000000  2.10000000  2.58700723
 0.95000000  2.15000000  2.23843347
 0.95000000  2.20000000  1.89080315
 1.00000000 -0.25000000  0.75419883
 1.00000000 -0.20000000  0.80571440
 1.00000000 -0.15000000  0.87251931
 1.00000000 -0.10000000  0.92300883
 1.00000000 -0.05000000  0.95146428
 1.00000000  0.00000000  0.95984218
 1.00000000  0.05000000  0.96324613
 1.00000000  0.10000000  0.96939655
 1.00000000  0.15000000  0.97443976
 1.00000000  0.20000000  0.98628024
 1.00000000  0.25000000  0.94872088
 1.00000000  0.30000000  0.86065942
 1.00000000  0.35000000  0.73242123
 1.00000000  0.40000000  0.57076817
 1.00000000  0.45000000  0.42170435
 1.00000000  0.50000000  0.33960821
 1.00000000  0.55000000  0.38255204
 1.00000000  0.60000000  0.54843450
 1.00000000  0.65000000  0.85180426
 1.00000000  0.70000000  1.23415455
 1.00000000  0.75000000  1.63168081
 1.00000000  0.80000000  1.96110394
 1.00000000  0.85000000  2.17042829
 1.00000000  0.90000000  2.23305472
 1.00000000  0.95000000  2.15426418
 1.00000000  1.00000000  1.95175563
 1.00000000  1.05000000  1.66112116
 1.00000000  1.10000000  1.32726946
 1.00000000  1.15000000  0.97296152
 1.00000000  1.20000000  0.60691191
 1.00000000  1.25000000  0.28035932
 1.00000000  1.30000000 -0.01138304
 1.00000000  1.35000000 -0.23249640
 1.00000000  1.40000000 -0.38569587
 1.00000000  1.45000000 -0.45618946
 1.00000000  1.50000000 -0.42361851
 1.00000000  1.55000000 -0.28959437
 1.00000000  1.60000000 -0.05838030
 1.00000000  1.65000000  0.29900056
 1.00000000  1.70000000  0.75215940
 1.00000000  1.75000000  1.27264350
 1.00000000  1.80000000  1.80392459
 1.00000000  1.85000000  2.30005733
 1.00000000  1.90000000  2.69177347
 1.00000000  1.95000000  2.93454131
 1.00000000  2.00000000  3.00314526
 1.00000000  2.05000000  2.89723048
 1.00000000  2.10000000  2.65467220
 1.00000000  2.15000000  2.31847556
 1.00000000  2.20000000  1.96158402
 1.05000000 -0.25000000  0.59574283
 1.05000000 -0.20000000  0.64607391
 1.05000000 -0.15000000  0.70150888
 1.05000000 -0.10000000  0.72911775
 1.05000000 -0.05000000  0.72936672
 1.05000000  0.00000000  0.71027258
 1.05000000  0.05000000  0.68360366
 1.05000000  0.10000000  0.68839884
 1.05000000  0.15000000  0.70149508
 1.05000000  0.20000000  0.73145927
 1.05000000  0.25000000  0.74564405
 1.05000000  0.30000000  0.71804164
 1.05000000  0.35000000  0.64133403
 1.05000000  0.40000000  0.52502197
 1.05000000  0.45000000  0.39815165
 1.05000000  0.50000000  0.32542726
 1.05000000  0.55000000  0.35922675
 1.05000000  0.60000000  0.52956527
 1.05000000  0.65000000  0.82571678
 1.05000000  0.70000000  1.21304588
 1.05000000  0.75000000  1.61045877
 1.05000000  0.80000000  1.95378660
 1.05000000  0.85000000  2.16960904
 1.05000000  0.90000000  2.23621671
 1.05000000  0.95000000  2.14707647
 1.05000000  1.00000000  1.95059338
 1.05000000  1.05000000  1.67322970
 1.05000000  1.10000000  1.35813830
 1.05000000  1.15000000  1.02502273
 1.05000000  1.20000000  0.70159439
 1.05000000  1.25000000  0.39555052
 1.05000000  1.30000000  0.12676262
 1.05000000  1.35000000 -0.10061278
 1.05000000  1.40000000 -0.27129608
 1.05000000  1.45000000 -0.38900279
 1.05000000  1.50000000 -0.43466006
 1.05000000  1.55000000 -0.38243048
 1.05000000  1.60000000 -0.20555813
 1.05000000  1.65000000  0.10391876
 1.05000000  1.70000000  0.53589220
 1.05000000  1.75000000  1.05869984
 1.05000000  1.80000000  1.61928909
 1.05000000  1.85000000  2.14658034
 1.05000000  1.90000000  2.58125215
 1.05000000  1.95000000  2.86698107
 1.05000000  2.00000000  2.96829092
 1.05000000  2.05000000  2.90203039
 1.05000000  2.10000000  2.68353263
 1.05000000  2.15000000  2.37031915
 1.05000000  2.20000000  1.99773553
 1.10000000 -0.25000000  0.48444397
 1.10000000 -0.20000000  0.52957966
 1.10000000 -0.15000000  0.56127966
 1.10000000 -0.10000000  0.57195875
 1.10000000 -0.05000000  0.52983885
 1.10000000  0.00000000  0.48545728
 1.10000000  0.05000000  0.42792650
 1.10000000  0.10000000  0.40523688
 1.10000000  0.15000000  0.42099219
 1.10000000  0.20000000  0.47609309
 1.10000000  0.25000000  0.53255977
 1.10000000  0.30000000  0.56133243
 1.10000000  0.35000000  0.52567934
 1.10000000  0.40000000  0.44633841
 1.10000000  0.45000000  0.34386152
 1.10000000  0.50000000  0.27718756
 1.10000000  0.55000000  0.30245022
 1.10000000  0.60000000  0.45599008
 1.10000000  0.65000000  0.72594624
 1.10000000  0.70000000  1.09238765
 1.10000000  0.75000000  1.47553584
 1.10000000  0.80000000  1.80283083
 1.10000000  0.85000000  2.00844839
 1.10000000  0.90000000  2.06864323
 1.10000000  0.95000000  2.01031797
 1.10000000  1.00000000  1.82573399
 1.10000000  1.05000000  1.58856327
 1.10000000  1.10000000  1.30972281
 1.10000000  1.15000000  1.02260692
 1.10000000  1.20000000  0.75550685
 1.10000000  1.25000000  0.50487800
 1.10000000  1.30000000  0.27186655
 1.10000000  1.35000000  0.06315091
 1.10000000  1.40000000 -0.13022735
 1.10000000  1.45000000 -0.29098490
 1.10000000  1.50000000 -0.39851658
 1.10000000  1.55000000 -0.41104964
 1.10000000  1.60000000 -0.30142217
 1.10000000  1.65000000 -0.04323304
 1.10000000  1.70000000  0.36631533
 1.10000000  1.75000000  0.88448149
 1.10000000  1.80000000  1.45901577
 1.10000000  1.85000000  2.00938198
 1.10000000  1.90000000  2.46153931
 1.10000000  1.95000000  2.77315132
 1.10000000  2.00000000  2.91689210
 1.10000000  2.05000000  2.87043121
 1.10000000  2.10000000  2.67986756
 1.10000000  2.15000000  2.37924487
 1.10000000  2.20000000  2.00252514
 1.15000000 -0.25000000  0.42758328
 1.15000000 -0.20000000  0.47043452
 1.15000000 -0.15000000  0.48630331
 1.15000000 -0.10000000  0.46942237
 1.15000000 -0.05000000  0.40870455
 1.15000000  0.00000000  0.31142808
 1.15000000  0.05000000  0.22823838
 1.15000000  0.10000000  0.18076424
 1.15000000  0.15000000  0.19510951
 1.15000000  0.20000000  0.25246659
 1.15000000  0.25000000  0.34580078
 1.15000000  0.30000000  0.41908756
 1.15000000  0.35000000  0.43522271
 1.15000000  0.40000000  0.38303342
 1.15000000  0.45000000  0.29637970
 1.15000000  0.50000000  0.23636486
 1.15000000  0.55000000  0.24312001
 1.15000000  0.60000000  0.35689924
 1.15000000  0.65000000  0.59023657
 1.15000000  0.70000000  0.91261932
 1.15000000  0.75000000  1.24622406
 1.15000000  0.80000000  1.53877574
 1.15000000  0.85000000  1.73107280
 1.15000000  0.90000000  1.79486850
 1.15000000  0.95000000  1.73997656
 1.15000000  1.00000000  1.60196019
 1.15000000  1.05000000  1.41415327
 1.15000000  1.10000000  1.19254624
 1.15000000  1.15000000  0.97829394
 1.15000000  1.20000000  0.77339921
 1.15000000  1.25000000  0.58634410
 1.15000000  1.30000000  0.39744898
 1.15000000  1.35000000  0.21956790
 1.15000000  1.40000000  0.01499070
 1.15000000  1.45000000 -0.16636522
 1.15000000  1.50000000 -0.31590590
 1.15000000  1.55000000 -0.38664303
 1.15000000  1.60000000 -0.33537112
 1.15000000  1.65000000 -0.11270171
 1.15000000  1.70000000  0.26462224
 1.15000000  1.75000000  0.76442305
 1.15000000  1.80000000  1.32297347
 1.15000000  1.85000000  1.86815998
 1.15000000  1.90000000  2.32438106
 1.15000000  1.95000000  2.65942991
 1.15000000  2.00000000  2.81519239
 1.15000000  2.05000000  2.81158664
 1.15000000  2.10000000  2.64289901
 1.15000000  2.15000000  2.34410446
 1.15000000  2.20000000  1.97516861
 1.20000000 -0.25000000  0.43861168
 1.20000000 -0.20000000  0.47357416
 1.20000000 -0.15000000  0.48542953
 1.20000000 -0.10000000  0.44547327
 1.20000000 -0.05000000  0.34421835
 1.20000000  0.00000000  0.22432214
 1.20000000  0.05000000  0.10690809
 1.20000000  0.10000000  0.03258112
 1.20000000  0.15000000  0.04482515
 1.20000000  0.20000000  0.11686615
 1.20000000  0.25000000  0.22988212
 1.20000000  0.30000000  0.32841751
 1.20000000  0.35000000  0.38037227
 1.20000000  0.40000000  0.35559142
 1.20000000  0.45000000  0.29406686
 1.20000000  0.50000000  0.21847735
 1.20000000  0.55000000  0.19962529
 1.20000000  0.60000000  0.27302122
 1.20000000  0.65000000  0.44392404
 1.20000000  0.70000000  0.69750416
 1.20000000  0.75000000  0.97155955
 1.20000000  0.80000000  1.21457201
 1.20000000  0.85000000  1.37653953
 1.20000000  0.90000000  1.43746760
 1.20000000  0.95000000  1.40724788
 1.20000000  1.00000000  1.29566023
 1.20000000  1.05000000  1.15421574
 1.20000000  1.10000000  1.00207562
 1.20000000  1.15000000  0.85433244
 1.20000000  1.20000000  0.71355172
 1.20000000  1.25000000  0.58670876
 1.20000000  1.30000000  0.46042642
 1.20000000  1.35000000  0.31512718
 1.20000000  1.40000000  0.14465515
 1.20000000  1.45000000 -0.04764309
 1.20000000  1.50000000 -0.22038678
 1.20000000  1.55000000 -0.30930667
 1.20000000  1.60000000 -0.28357406
 1.20000000  1.65000000 -0.10445377
 1.20000000  1.70000000  0.23212442
 1.20000000  1.75000000  0.69377830
 1.20000000  1.80000000  1.23015244
 1.20000000  1.85000000  1.74785331
 1.20000000  1.90000000  2.19231452
 1.20000000  1.95000000  2.51328373
 1.20000000  2.00000000  2.69509862
 1.20000000  2.05000000  2.70449048
 1.20000000  2.10000000  2.55941583
 1.20000000  2.15000000  2.30060127
 1.20000000  2.20000000  1.93655074
 1.25000000 -0.25000000  0.51867922
 1.25000000 -0.20000000  0.54244568
 1.25000000 -0.15000000  0.53985968
 1.25000000 -0.10000000  0.47930596
 1.25000000 -0.05000000  0.36582868
 1.25000000  0.00000000  0.22178094
 1.25000000  0.05000000  0.08001859
 1.25000000  0.10000000 -0.00948261
 1.25000000  0.15000000 -0.01775675
 1.25000000  0.20000000  0.05293811
 1.25000000  0.25000000  0.17593441
 1.25000000  0.30000000  0.28949465
 1.25000000  0.35000000  0.36626209
 1.25000000  0.40000000  0.36087856
 1.25000000  0.45000000  0.31044177
 1.25000000  0.50000000  0.23686273
 1.25000000  0.55000000  0.18487164
 1.25000000  0.60000000  0.20732426
 1.25000000  0.65000000  0.31403763
 1.25000000  0.70000000  0.47419470
 1.25000000  0.75000000  0.67981729
 1.25000000  0.80000000  0.86312544
 1.25000000  0.85000000  0.99400111
 1.25000000  0.90000000  1.04395279
 1.25000000  0.95000000  1.01692638
 1.25000000  1.00000000  0.94047923
 1.25000000  1.05000000  0.84995817
 1.25000000  1.10000000  0.74951998
 1.25000000  1.15000000  0.66017257
 1.25000000  1.20000000  0.57727440
 1.25000000  1.25000000  0.51524554
 1.25000000  1.30000000  0.43777823
 1.25000000  1.35000000  0.33362160
 1.25000000  1.40000000  0.20546709
 1.25000000  1.45000000  0.04470280
 1.25000000  1.50000000 -0.10770435
 1.25000000  1.55000000 -0.21443634
 1.25000000  1.60000000 -0.19680298
 1.25000000  1.65000000 -0.05285463
 1.25000000  1.70000000  0.25305040
 1.25000000  1.75000000  0.67412388
 1.25000000  1.80000000  1.15636956
 1.25000000  1.85000000  1.62585326
 1.25000000  1.90000000  2.03563374
 1.25000000  1.95000000  2.34824655
 1.25000000  2.00000000  2.53489036
 1.25000000  2.05000000  2.56283632
 1.25000000  2.10000000  2.45706715
 1.25000000  2.15000000  2.21538324
 1.25000000  2.20000000  1.86212607
 1.30000000 -0.25000000  0.64026340
 1.30000000 -0.20000000  0.65067817
 1.30000000 -0.15000000  0.62671324
 1.30000000 -0.10000000  0.55430165
 1.30000000 -0.05000000  0.42438072
 1.30000000  0.00000000  0.26936021
 1.30000000  0.05000000  0.12449366
 1.30000000  0.10000000  0.02204784
 1.30000000  0.15000000  0.00043975
 1.30000000  0.20000000  0.05839596
 1.30000000  0.25000000  0.16312597
 1.30000000  0.30000000  0.28696393
 1.30000000  0.35000000  0.36504629
 1.30000000  0.40000000  0.38652210
 1.30000000  0.45000000  0.34660078
 1.30000000  0.50000000  0.26581284
 1.30000000  0.55000000  0.19717972
 1.30000000  0.60000000  0.16169999
 1.30000000  0.65000000  0.19343244
 1.30000000  0.70000000  0.29133139
 1.30000000  0.75000000  0.41292878
 1.30000000  0.80000000  0.53445557
 1.30000000  0.85000000  0.61363750
 1.30000000  0.90000000  0.63468988
 1.30000000  0.95000000  0.61826934
 1.30000000  1.00000000  0.56438450
 1.30000000  1.05000000  0.48828235
 1.30000000  1.10000000  0.43692670
 1.30000000  1.15000000  0.39191474
 1.30000000  1.20000000  0.36354933
 1.30000000  1.25000000  0.34794006
 1.30000000  1.30000000  0.33015291
 1.30000000  1.35000000  0.28368253
 1.30000000  1.40000000  0.18934633
 1.30000000  1.45000000  0.08056191
 1.30000000  1.50000000 -0.04160234
 1.30000000  1.55000000 -0.11741161
 1.30000000  1.60000000 -0.09853027
 1.30000000  1.65000000  0.03944955
 1.30000000  1.70000000  0.31061282
 1.30000000  1.75000000  0.67617421
 1.30000000  1.80000000  1.08938364
 1.30000000  1.85000000  1.49939075
 1.30000000  1.90000000  1.86553600
 1.30000000  1.95000000  2.14977312
 1.30000000  2.00000000  2.32884037
 1.30000000  2.05000000  2.38244263
 1.30000000  2.10000000  2.30059101
 1.30000000  2.15000000  2.08976914
 1.30000000  2.20000000  1.76291162
 1.35000000 -0.25000000  0.75493378
 1.35000000 -0.20000000  0.74929847
 1.35000000 -0.15000000  0.70954617
 1.35000000 -0.10000000  0.63224742
 1.35000000 -0.05000000  0.49842365
 1.35000000  0.00000000  0.35077050
 1.35000000  0.05000000  0.20353757
 1.35000000  0.10000000  0.10471364
 1.35000000  0.15000000  0.06833068
 1.35000000  0.20000000  0.11128162
 1.35000000  0.25000000  0.19669300
 1.35000000  0.30000000  0.31074808
 1.35000000  0.35000000  0.38940531
 1.35000000  0.40000000  0.41318751
 1.35000000  0.45000000  0.38683076
 1.35000000  0.50000000  0.30409770
 1.35000000  0.55000000  0.21793537
 1.35000000  0.60000000  0.14198345
 1.35000000  0.65000000  0.11573129
 1.35000000  0.70000000  0.13572488
 1.35000000  0.75000000  0.18031692
 1.35000000  0.80000000  0.23360220
 1.35000000  0.85000000  0.26834618
 1.35000000  0.90000000  0.27123514
 1.35000000  0.95000000  0.23840799
 1.35000000  1.00000000  0.17849808
 1.35000000  1.05000000  0.13457865
 1.35000000  1.10000000  0.09383681
 1.35000000  1.15000000  0.08408563
 1.35000000  1.20000000  0.09079085
 1.35000000  1.25000000  0.11287802
 1.35000000  1.30000000  0.14113346
 1.35000000  1.35000000  0.13855166
 1.35000000  1.40000000  0.09784039
 1.35000000  1.45000000  0.04736383
 1.35000000  1.50000000 -0.02209151
 1.35000000  1.55000000 -0.04818343
 1.35000000  1.60000000 -0.00880396
 1.35000000  1.65000000  0.13657686
 1.35000000  1.70000000  0.37617555
 1.35000000  1.75000000  0.68568216
 1.35000000  1.80000000  1.03206396
 1.35000000  1.85000000  1.37779497
 1.35000000  1.90000000  1.68327914
 1.35000000  1.95000000  1.92843197
 1.35000000  2.00000000  2.08202983
 1.35000000  2.05000000  2.13664882
 1.35000000  2.10000000  2.07915968
 1.35000000  2.15000000  1.89307444
 1.35000000  2.20000000  1.59222235
 1.40000000 -0.25000000  0.83588504
 1.40000000 -0.20000000  0.80645878
 1.40000000 -0.15000000  0.74409859
 1.40000000 -0.10000000  0.65550657
 1.40000000 -0.05000000  0.54423227
 1.40000000  0.00000000  0.40510023
 1.40000000  0.05000000  0.27858162
 1.40000000  0.10000000  0.19419605
 1.40000000  0.15000000  0.15394429
 1.40000000  0.20000000  0.17304578
 1.40000000  0.25000000  0.24327130
 1.40000000  0.30000000  0.32742480
 1.40000000  0.35000000  0.39724212
 1.40000000  0.40000000  0.42763513
 1.40000000  0.45000000  0.40195270
 1.40000000  0.50000000  0.33117696
 1.40000000  0.55000000  0.22774843
 1.40000000  0.60000000  0.12508607
 1.40000000  0.65000000  0.04306721
 1.40000000  0.70000000  0.00016124
 1.40000000  0.75000000 -0.01997485
 1.40000000  0.80000000 -0.02652881
 1.40000000  0.85000000 -0.03000246
 1.40000000  0.90000000 -0.06637129
 1.40000000  0.95000000 -0.11571614
 1.40000000  1.00000000 -0.16860942
 1.40000000  1.05000000 -0.21026655
 1.40000000  1.10000000 -0.22939349
 1.40000000  1.15000000 -0.21742696
 1.40000000  1.20000000 -0.19036757
 1.40000000  1.25000000 -0.13612353
 1.40000000  1.30000000 -0.08027700
 1.40000000  1.35000000 -0.04523347
 1.40000000  1.40000000 -0.01879991
 1.40000000  1.45000000 -0.03706163
 1.40000000  1.50000000 -0.04144215
 1.40000000  1.55000000 -0.02495580
 1.40000000  1.60000000  0.06464135
 1.40000000  1.65000000  0.21057292
 1.40000000  1.70000000  0.44084547
 1.40000000  1.75000000  0.70190635
 1.40000000  1.80000000  0.98429080
 1.40000000  1.85000000  1.24966230
 1.40000000  1.90000000  1.48124754
 1.40000000  1.95000000  1.66778243
 1.40000000  2.00000000  1.78543556
 1.40000000  2.05000000  1.82080778
 1.40000000  2.10000000  1.77546177
 1.40000000  2.15000000  1.60715422
 1.40000000  2.20000000  1.34591232
 1.45000000 -0.25000000  0.85752104
 1.45000000 -0.20000000  0.79309453
 1.45000000 -0.15000000  0.71988257
 1.45000000 -0.10000000  0.62672570
 1.45000000 -0.05000000  0.52993874
 1.45000000  0.00000000  0.42724045
 1.45000000  0.05000000  0.32714009
 1.45000000  0.10000000  0.26951851
 1.45000000  0.15000000  0.24595140
 1.45000000  0.20000000  0.25659987
 1.45000000  0.25000000  0.30578992
 1.45000000  0.30000000  0.36563349
 1.45000000  0.35000000  0.41679446
 1.45000000  0.40000000  0.44833830
 1.45000000  0.45000000  0.41230707
 1.45000000  0.50000000  0.33214033
 1.45000000  0.55000000  0.21405716
 1.45000000  0.60000000  0.08450609
 1.45000000  0.65000000 -0.03247558
 1.45000000  0.70000000 -0.13935037
 1.45000000  0.75000000 -0.20789144
 1.45000000  0.80000000 -0.26008769
 1.45000000  0.85000000 -0.31130544
 1.45000000  0.90000000 -0.35810351
 1.45000000  0.95000000 -0.40853909
 1.45000000  1.00000000 -0.45889958
 1.45000000  1.05000000 -0.49680612
 1.45000000  1.10000000 -0.49711768
 1.45000000  1.15000000 -0.47101048
 1.45000000  1.20000000 -0.41056479
 1.45000000  1.25000000 -0.34568135
 1.45000000  1.30000000 -0.26842031
 1.45000000  1.35000000 -0.21210980
 1.45000000  1.40000000 -0.17260216
 1.45000000  1.45000000 -0.13261617
 1.45000000  1.50000000 -0.09077700
 1.45000000  1.55000000 -0.01378652
 1.45000000  1.60000000  0.10866487
 1.45000000  1.65000000  0.27616467
 1.45000000  1.70000000  0.49679413
 1.45000000  1.75000000  0.72143566
 1.45000000  1.80000000  0.93433116
 1.45000000  1.85000000  1.11635007
 1.45000000  1.90000000  1.27276863
 1.45000000  1.95000000  1.38976227
 1.45000000  2.00000000  1.44541282
 1.45000000  2.05000000  1.44990587
 1.45000000  2.10000000  1.38538478
 1.45000000  2.15000000  1.22688294
 1.45000000  2.20000000  0.98841486
 1.50000000 -0.25000000  0.80801804
 1.50000000 -0.20000000  0.71820191
 1.50000000 -0.15000000  0.61620352
 1.50000000 -0.10000000  0.53035991
 1.50000000 -0.05000000  0.45744517
 1.50000000  0.00000000  0.39237910
 1.50000000  0.05000000  0.35705352
 1.50000000  0.10000000  0.33708923
 1.50000000  0.15000000  0.34650931
 1.50000000  0.20000000  0.36901592
 1.50000000  0.25000000  0.40405774
 1.50000000  0.30000000  0.44923829
 1.50000000  0.35000000  0.46993797
 1.50000000  0.40000000  0.47098489
 1.50000000  0.45000000  0.41772491
 1.50000000  0.50000000  0.33157373
 1.50000000  0.55000000  0.18714625
 1.50000000  0.60000000  0.02264701
 1.50000000  0.65000000 -0.14308827
 1.50000000  0.70000000 -0.28705135
 1.50000000  0.75000000 -0.40622069
 1.50000000  0.80000000 -0.49262730
 1.50000000  0.85000000 -0.55560438
 1.50000000  0.90000000 -0.60151239
 1.50000000  0.95000000 -0.64165613
 1.50000000  1.00000000 -0.67868814
 1.50000000  1.05000000 -0.67506529
 1.50000000  1.10000000 -0.64924691
 1.50000000  1.15000000 -0.60275029
 1.50000000  1.20000000 -0.53136020
 1.50000000  1.25000000 -0.44823055
 1.50000000  1.30000000 -0.37819758
 1.50000000  1.35000000 -0.31692616
 1.50000000  1.40000000 -0.26772402
 1.50000000  1.45000000 -0.20944208
 1.50000000  1.50000000 -0.12908319
 1.50000000  1.55000000 -0.01559966
 1.50000000  1.60000000  0.15050912
 1.50000000  1.65000000  0.35156454
 1.50000000  1.70000000  0.55402590
 1.50000000  1.75000000  0.74310948
 1.50000000  1.80000000  0.90953289
 1.50000000  1.85000000  1.01899486
 1.50000000  1.90000000  1.07488402
 1.50000000  1.95000000  1.09731396
 1.50000000  2.00000000  1.08562647
 1.50000000  2.05000000  1.03739552
 1.50000000  2.10000000  0.94211136
 1.50000000  2.15000000  0.78296627
 1.50000000  2.20000000  0.56270690
 1.55000000 -0.25000000  0.72780274
 1.55000000 -0.20000000  0.60546702
 1.55000000 -0.15000000  0.48445904
 1.55000000 -0.10000000  0.39645403
 1.55000000 -0.05000000  0.35363624
 1.55000000  0.00000000  0.33916779
 1.55000000  0.05000000  0.36492273
 1.55000000  0.10000000  0.41452579
 1.55000000  0.15000000  0.46833196
 1.55000000  0.20000000  0.51760614
 1.55000000  0.25000000  0.56094717
 1.55000000  0.30000000  0.58294418
 1.55000000  0.35000000  0.56929527
 1.55000000  0.40000000  0.52929181
 1.55000000  0.45000000  0.44138838
 1.55000000  0.50000000  0.30243374
 1.55000000  0.55000000  0.11449433
 1.55000000  0.60000000 -0.08574548
 1.55000000  0.65000000 -0.30073486
 1.55000000  0.70000000 -0.49097468
 1.55000000  0.75000000 -0.63913546
 1.55000000  0.80000000 -0.73378934
 1.55000000  0.85000000 -0.79544980
 1.55000000  0.90000000 -0.82204310
 1.55000000  0.95000000 -0.83363093
 1.55000000  1.00000000 -0.80893988
 1.55000000  1.05000000 -0.77064887
 1.55000000  1.10000000 -0.69760823
 1.55000000  1.15000000 -0.61683058
 1.55000000  1.20000000 -0.51769676
 1.55000000  1.25000000 -0.42997856
 1.55000000  1.30000000 -0.35615471
 1.55000000  1.35000000 -0.31629100
 1.55000000  1.40000000 -0.26907091
 1.55000000  1.45000000 -0.21426611
 1.55000000  1.50000000 -0.11082799
 1.55000000  1.55000000  0.02888444
 1.55000000  1.60000000  0.21307248
 1.55000000  1.65000000  0.42602871
 1.55000000  1.70000000  0.62656143
 1.55000000  1.75000000  0.78858149
 1.55000000  1.80000000  0.89411119
 1.55000000  1.85000000  0.92380708
 1.55000000  1.90000000  0.90179890
 1.55000000  1.95000000  0.83605151
 1.55000000  2.00000000  0.74485421
 1.55000000  2.05000000  0.62320397
 1.55000000  2.10000000  0.48932239
 1.55000000  2.15000000  0.32357460
 1.55000000  2.20000000  0.12414087
 1.60000000 -0.25000000  0.67488913
 1.60000000 -0.20000000  0.51144291
 1.60000000 -0.15000000  0.37063225
 1.60000000 -0.10000000  0.27419310
 1.60000000 -0.05000000  0.25824977
 1.60000000  0.00000000  0.29341814
 1.60000000  0.05000000  0.39133781
 1.60000000  0.10000000  0.51246467
 1.60000000  0.15000000  0.62485907
 1.60000000  0.20000000  0.71727371
 1.60000000  0.25000000  0.77307616
 1.60000000  0.30000000  0.77177813
 1.60000000  0.35000000  0.72836542
 1.60000000  0.40000000  0.62342263
 1.60000000  0.45000000  0.47904881
 1.60000000  0.50000000  0.27202994
 1.60000000  0.55000000  0.02633071
 1.60000000  0.60000000 -0.24428857
 1.60000000  0.65000000 -0.51183421
 1.60000000  0.70000000 -0.73941204
 1.60000000  0.75000000 -0.91289728
 1.60000000  0.80000000 -1.01483540
 1.60000000  0.85000000 -1.05121096
 1.60000000  0.90000000 -1.03448686
 1.60000000  0.95000000 -0.97697696
 1.60000000  1.00000000 -0.88364374
 1.60000000  1.05000000 -0.78044238
 1.60000000  1.10000000 -0.64431659
 1.60000000  1.15000000 -0.50634694
 1.60000000  1.20000000 -0.38280584
 1.60000000  1.25000000 -0.28039981
 1.60000000  1.30000000 -0.22264234
 1.60000000  1.35000000 -0.19113660
 1.60000000  1.40000000 -0.16979779
 1.60000000  1.45000000 -0.12421772
 1.60000000  1.50000000 -0.02754873
 1.60000000  1.55000000  0.11739472
 1.60000000  1.60000000  0.30817993
 1.60000000  1.65000000  0.52085640
 1.60000000  1.70000000  0.71296600
 1.60000000  1.75000000  0.85260681
 1.60000000  1.80000000  0.90734318
 1.60000000  1.85000000  0.87589236
 1.60000000  1.90000000  0.76745553
 1.60000000  1.95000000  0.61477545
 1.60000000  2.00000000  0.44183466
 1.60000000  2.05000000  0.27104982
 1.60000000  2.10000000  0.09175660
 1.60000000  2.15000000 -0.07561234
 1.60000000  2.20000000 -0.25734102
 1.65000000 -0.25000000  0.68849882
 1.65000000 -0.20000000  0.48219448
 1.65000000 -0.15000000  0.31252857
 1.65000000 -0.10000000  0.21235475
 1.65000000 -0.05000000  0.20688570
 1.65000000  0.00000000  0.28835543
 1.65000000  0.05000000  0.43934845
 1.65000000  0.10000000  0.63117409
 1.65000000  0.15000000  0.80878828
 1.65000000  0.20000000  0.94815038
 1.65000000  0.25000000  1.01624347
 1.65000000  0.30000000  0.99477078
 1.65000000  0.35000000  0.90404150
 1.65000000  0.40000000  0.74259423
 1.65000000  0.45000000  0.51759366
 1.65000000  0.50000000  0.22917856
 1.65000000  0.55000000 -0.10060200
 1.65000000  0.60000000 -0.43848147
 1.65000000  0.65000000 -0.77469250
 1.65000000  0.70000000 -1.04775393
 1.65000000  0.75000000 -1.23916969
 1.65000000  0.80000000 -1.32989624
 1.65000000  0.85000000 -1.32951511
 1.65000000  0.90000000 -1.25565227
 1.65000000  0.95000000 -1.11641435
 1.65000000  1.00000000 -0.93648932
 1.65000000  1.05000000 -0.73834563
 1.65000000  1.10000000 -0.53404451
 1.65000000  1.15000000 -0.33348538
 1.65000000  1.20000000 -0.17392635
 1.65000000  1.25000000 -0.05834474
 1.65000000  1.30000000 -0.00314133
 1.65000000  1.35000000  0.01708801
 1.65000000  1.40000000  0.02114511
 1.65000000  1.45000000  0.04663776
 1.65000000  1.50000000  0.12334376
 1.65000000  1.55000000  0.26234034
 1.65000000  1.60000000  0.45475753
 1.65000000  1.65000000  0.64646351
 1.65000000  1.70000000  0.82127484
 1.65000000  1.75000000  0.92730348
 1.65000000  1.80000000  0.93327401
 1.65000000  1.85000000  0.84663063
 1.65000000  1.90000000  0.67997486
 1.65000000  1.95000000  0.45606740
 1.65000000  2.00000000  0.23120168
 1.65000000  2.05000000  0.00670478
 1.65000000  2.10000000 -0.18056559
 1.65000000  2.15000000 -0.34876943
 1.65000000  2.20000000 -0.50127626
 1.70000000 -0.25000000  0.77733577
 1.70000000 -0.20000000  0.54444437
 1.70000000 -0.15000000  0.33760111
 1.70000000 -0.10000000  0.22437847
 1.70000000 -0.05000000  0.22195656
 1.70000000  0.00000000  0.33424099
 1.70000000  0.05000000  0.53379916
 1.70000000  0.10000000  0.76893491
 1.70000000  0.15000000  0.99610852
 1.70000000  0.20000000  1.16985716
 1.70000000  0.25000000  1.25053894
 1.70000000  0.30000000  1.21623007
 1.70000000  0.35000000  1.08243734
 1.70000000  0.40000000  0.85610036
 1.70000000  0.45000000  0.54257271
 1.70000000  0.50000000  0.16747935
 1.70000000  0.55000000 -0.25216415
 1.70000000  0.60000000 -0.67137234
 1.70000000  0.65000000 -1.07469144
 1.70000000  0.70000000 -1.38750754
 1.70000000  0.75000000 -1.59854554
 1.70000000  0.80000000 -1.67831885
 1.70000000  0.85000000 -1.63203233
 1.70000000  0.90000000 -1.48556724
 1.70000000  0.95000000 -1.26602195
 1.70000000  1.00000000 -0.99827658
 1.70000000  1.05000000 -0.71569449
 1.70000000  1.10000000 -0.43960627
 1.70000000  1.15000000 -0.18114757
 1.70000000  1.20000000  0.02179247
 1.70000000  1.25000000  0.16134443
 1.70000000  1.30000000  0.24577600
 1.70000000  1.35000000  0.26336867
 1.70000000  1.40000000  0.25174316
 1.70000000  1.45000000  0.26982629
 1.70000000  1.50000000  0.33650306
 1.70000000  1.55000000  0.45081056
 1.70000000  1.60000000  0.62170693
 1.70000000  1.65000000  0.79424862
 1.70000000  1.70000000  0.93682034
 1.70000000  1.75000000  1.00626481
 1.70000000  1.80000000  0.97355266
 1.70000000  1.85000000  0.84619051
 1.70000000  1.90000000  0.63128122
 1.70000000  1.95000000  0.37415461
 1.70000000  2.00000000  0.10829316
 1.70000000  2.05000000 -0.11945497
 1.70000000  2.10000000 -0.31393351
 1.70000000  2.15000000 -0.45445037
 1.70000000  2.20000000 -0.57765625
 1.75000000 -0.25000000  0.94195152
 1.75000000 -0.20000000  0.66460356
 1.75000000 -0.15000000  0.43710213
 1.75000000 -0.10000000  0.30476771
 1.75000000 -0.05000000  0.30587598
 1.75000000  0.00000000  0.41909278
 1.75000000  0.05000000  0.64044566
 1.75000000  0.10000000  0.90585089
 1.75000000  0.15000000  1.16376207
 1.75000000  0.20000000  1.34404974
 1.75000000  0.25000000  1.42928300
 1.75000000  0.30000000  1.38718534
 1.75000000  0.35000000  1.21534623
 1.75000000  0.40000000  0.92323481
 1.75000000  0.45000000  0.54668931
 1.75000000  0.50000000  0.07735160
 1.75000000  0.55000000 -0.41471044
 1.75000000  0.60000000 -0.92149428
 1.75000000  0.65000000 -1.37141306
 1.75000000  0.70000000 -1.73195604
 1.75000000  0.75000000 -1.96041731
 1.75000000  0.80000000 -2.02469048
 1.75000000  0.85000000 -1.93511476
 1.75000000  0.90000000 -1.73427472
 1.75000000  0.95000000 -1.42681135
 1.75000000  1.00000000 -1.09123429
 1.75000000  1.05000000 -0.73820695
 1.75000000  1.10000000 -0.39732035
 1.75000000  1.15000000 -0.09183746
 1.75000000  1.20000000  0.16334813
 1.75000000  1.25000000  0.33166598
 1.75000000  1.30000000  0.43991445
 1.75000000  1.35000000  0.47951428
 1.75000000  1.40000000  0.48864700
 1.75000000  1.45000000  0.50361792
 1.75000000  1.50000000  0.56237355
 1.75000000  1.55000000  0.66553080
 1.75000000  1.60000000  0.80383830
 1.75000000  1.65000000  0.93848124
 1.75000000  1.70000000  1.04345213
 1.75000000  1.75000000  1.08432434
 1.75000000  1.80000000  1.02171893
 1.75000000  1.85000000  0.87078544
 1.75000000  1.90000000  0.65154753
 1.75000000  1.95000000  0.38689376
 1.75000000  2.00000000  0.11246825
 1.75000000  2.05000000 -0.11217452
 1.75000000  2.10000000 -0.28779435
 1.75000000  2.15000000 -0.39496847
 1.75000000  2.20000000 -0.46877558
 1.80000000 -0.25000000  1.12023796
 1.80000000 -0.20000000  0.82010233
 1.80000000 -0.15000000  0.57195297
 1.80000000 -0.10000000  0.43265131
 1.80000000 -0.05000000  0.42379803
 1.80000000  0.00000000  0.53410176
 1.80000000  0.05000000  0.75241780
 1.80000000  0.10000000  1.01308081
 1.80000000  0.15000000  1.26921580
 1.80000000  0.20000000  1.45205898
 1.80000000  0.25000000  1.52786241
 1.80000000  0.30000000  1.47171802
 1.80000000  0.35000000  1.26678648
 1.80000000  0.40000000  0.95590276
 1.80000000  0.45000000  0.51646687
 1.80000000  0.50000000 -0.00184443
 1.80000000  0.55000000 -0.57304346
 1.80000000  0.60000000 -1.13413548
 1.80000000  0.65000000 -1.64647147
 1.80000000  0.70000000 -2.04042455
 1.80000000  0.75000000 -2.26588107
 1.80000000  0.80000000 -2.32253264
 1.80000000  0.85000000 -2.19588387
 1.80000000  0.90000000 -1.93683074
 1.80000000  0.95000000 -1.58492627
 1.80000000  1.00000000 -1.20427567
 1.80000000  1.05000000 -0.80260104
 1.80000000  1.10000000 -0.42747715
 1.80000000  1.15000000 -0.08748518
 1.80000000  1.20000000  0.19237415
 1.80000000  1.25000000  0.40297870
 1.80000000  1.30000000  0.54448336
 1.80000000  1.35000000  0.62447621
 1.80000000  1.40000000  0.66789563
 1.80000000  1.45000000  0.71193795
 1.80000000  1.50000000  0.76619413
 1.80000000  1.55000000  0.85193242
 1.80000000  1.60000000  0.97120176
 1.80000000  1.65000000  1.07770729
 1.80000000  1.70000000  1.14180697
 1.80000000  1.75000000  1.16492324
 1.80000000  1.80000000  1.09441844
 1.80000000  1.85000000  0.94039417
 1.80000000  1.90000000  0.72946645
 1.80000000  1.95000000  0.47707651
 1.80000000  2.00000000  0.23599880
 1.80000000  2.05000000  0.02667578
 1.80000000  2.10000000 -0.12407627
 1.80000000  2.15000000 -0.20297733
 1.80000000  2.20000000 -0.22668380
 1.85000000 -0.25000000  1.23530140
 1.85000000 -0.20000000  0.94701175
 1.85000000 -0.15000000  0.71144376
 1.85000000 -0.10000000  0.56626958
 1.85000000 -0.05000000  0.55057469
 1.85000000  0.00000000  0.65150500
 1.85000000  0.05000000  0.84157911
 1.85000000  0.10000000  1.08883634
 1.85000000  0.15000000  1.31671388
 1.85000000  0.20000000  1.48610137
 1.85000000  0.25000000  1.54247529
 1.85000000  0.30000000  1.46905545
 1.85000000  0.35000000  1.25950768
 1.85000000  0.40000000  0.91726308
 1.85000000  0.45000000  0.46815430
 1.85000000  0.50000000 -0.08710732
 1.85000000  0.55000000 -0.68890561
 1.85000000  0.60000000 -1.28832286
 1.85000000  0.65000000 -1.82175650
 1.85000000  0.70000000 -2.23200210
 1.85000000  0.75000000 -2.46800918
 1.85000000  0.80000000 -2.50957049
 1.85000000  0.85000000 -2.36220115
 1.85000000  0.90000000 -2.07254620
 1.85000000  0.95000000 -1.70275341
 1.85000000  1.00000000 -1.29508285
 1.85000000  1.05000000 -0.88090420
 1.85000000  1.10000000 -0.50118539
 1.85000000  1.15000000 -0.16457193
 1.85000000  1.20000000  0.13010634
 1.85000000  1.25000000  0.36798899
 1.85000000  1.30000000  0.55510751
 1.85000000  1.35000000  0.67991378
 1.85000000  1.40000000  0.77418735
 1.85000000  1.45000000  0.84732503
 1.85000000  1.50000000  0.92478790
 1.85000000  1.55000000  1.01477224
 1.85000000  1.60000000  1.10671311
 1.85000000  1.65000000  1.18028544
 1.85000000  1.70000000  1.24390436
 1.85000000  1.75000000  1.24467526
 1.85000000  1.80000000  1.18315457
 1.85000000  1.85000000  1.06506619
 1.85000000  1.90000000  0.88543012
 1.85000000  1.95000000  0.67552335
 1.85000000  2.00000000  0.46116940
 1.85000000  2.05000000  0.27359019
 1.85000000  2.10000000  0.14838525
 1.85000000  2.15000000  0.09120234
 1.85000000  2.20000000  0.08586729
 1.90000000 -0.25000000  1.24804024
 1.90000000 -0.20000000  0.98297819
 1.90000000 -0.15000000  0.77512584
 1.90000000 -0.10000000  0.66065356
 1.90000000 -0.05000000  0.65375644
 1.90000000  0.00000000  0.75069628
 1.90000000  0.05000000  0.92086067
 1.90000000  0.10000000  1.13200429
 1.90000000  0.15000000  1.32030727
 1.90000000  0.20000000  1.45448570
 1.90000000  0.25000000  1.48872202
 1.90000000  0.30000000  1.40699557
 1.90000000  0.35000000  1.19094820
 1.90000000  0.40000000  0.85746512
 1.90000000  0.45000000  0.41257553
 1.90000000  0.50000000 -0.11617529
 1.90000000  0.55000000 -0.72305169
 1.90000000  0.60000000 -1.33123057
 1.90000000  0.65000000 -1.86732062
 1.90000000  0.70000000 -2.27955285
 1.90000000  0.75000000 -2.51421391
 1.90000000  0.80000000 -2.53664663
 1.90000000  0.85000000 -2.38225259
 1.90000000  0.90000000 -2.09082621
 1.90000000  0.95000000 -1.72030162
 1.90000000  1.00000000 -1.32882308
 1.90000000  1.05000000 -0.95146153
 1.90000000  1.10000000 -0.59501586
 1.90000000  1.15000000 -0.27619571
 1.90000000  1.20000000  0.01585525
 1.90000000  1.25000000  0.27174977
 1.90000000  1.30000000  0.49486949
 1.90000000  1.35000000  0.66665619
 1.90000000  1.40000000  0.81404100
 1.90000000  1.45000000  0.93222975
 1.90000000  1.50000000  1.02761315
 1.90000000  1.55000000  1.10947053
 1.90000000  1.60000000  1.20034548
 1.90000000  1.65000000  1.25782700
 1.90000000  1.70000000  1.30255329
 1.90000000  1.75000000  1.32389396
 1.90000000  1.80000000  1.31399301
 1.90000000  1.85000000  1.24209805
 1.90000000  1.90000000  1.11890522
 1.90000000  1.95000000  0.96032432
 1.90000000  2.00000000  0.77578135
 1.90000000  2.05000000  0.60561707
 1.90000000  2.10000000  0.47881925
 1.90000000  2.15000000  0.40835654
 1.90000000  2.20000000  0.39286360
 1.95000000 -0.25000000  1.11343795
 1.95000000 -0.20000000  0.88356991
 1.95000000 -0.15000000  0.72314199
 1.95000000 -0.10000000  0.66675682
 1.95000000 -0.05000000  0.70027199
 1.95000000  0.00000000  0.80439797
 1.95000000  0.05000000  0.96189439
 1.95000000  0.10000000  1.14338525
 1.95000000  0.15000000  1.29584319
 1.95000000  0.20000000  1.39410236
 1.95000000  0.25000000  1.40889019
 1.95000000  0.30000000  1.32042240
 1.95000000  0.35000000  1.12910910
 1.95000000  0.40000000  0.82409301
 1.95000000  0.45000000  0.40445426
 1.95000000  0.50000000 -0.10731492
 1.95000000  0.55000000 -0.66656844
 1.95000000  0.60000000 -1.24640887
 1.95000000  0.65000000 -1.76582638
 1.95000000  0.70000000 -2.14906797
 1.95000000  0.75000000 -2.36147637
 1.95000000  0.80000000 -2.37161706
 1.95000000  0.85000000 -2.22465152
 1.95000000  0.90000000 -1.94497764
 1.95000000  0.95000000 -1.61006801
 1.95000000  1.00000000 -1.27560692
 1.95000000  1.05000000 -0.93401935
 1.95000000  1.10000000 -0.63663699
 1.95000000  1.15000000 -0.35668829
 1.95000000  1.20000000 -0.08582281
 1.95000000  1.25000000  0.16746278
 1.95000000  1.30000000  0.41522577
 1.95000000  1.35000000  0.62077185
 1.95000000  1.40000000  0.80436610
 1.95000000  1.45000000  0.95724583
 1.95000000  1.50000000  1.07399158
 1.95000000  1.55000000  1.16094554
 1.95000000  1.60000000  1.23591006
 1.95000000  1.65000000  1.30275964
 1.95000000  1.70000000  1.35944935
 1.95000000  1.75000000  1.41894169
 1.95000000  1.80000000  1.45926123
 1.95000000  1.85000000  1.47338655
 1.95000000  1.90000000  1.42613349
 1.95000000  1.95000000  1.32246769
 1.95000000  2.00000000  1.16700278
 1.95000000  2.05000000  0.99565827
 1.95000000  2.10000000  0.83279131
 1.95000000  2.15000000  0.71588702
 1.95000000  2.20000000  0.65906789
 2.00000000 -0.25000000  0.81271192
 2.00000000 -0.20000000  0.64499842
 2.00000000 -0.15000000  0.55193808
 2.00000000 -0.10000000  0.55990157
 2.00000000 -0.05000000  0.64098369
 2.00000000  0.00000000  0.77699228
 2.00000000  0.05000000  0.95431364
 2.00000000  0.10000000  1.12231605
 2.00000000  0.15000000  1.25448089
 2.00000000  0.20000000  1.33258588
 2.00000000  0.25000000  1.33238750
 2.00000000  0.30000000  1.25418356
 2.00000000  0.35000000  1.08259841
 2.00000000  0.40000000  0.80591373
 2.00000000  0.45000000  0.44863721
 2.00000000  0.50000000 -0.00804319
 2.00000000  0.55000000 -0.52593102
 2.00000000  0.60000000 -1.04483400
 2.00000000  0.65000000 -1.50996220
 2.00000000  0.70000000 -1.86047568
 2.00000000  0.75000000 -2.02651679
 2.00000000  0.80000000 -2.02651335
 2.00000000  0.85000000 -1.88423143
 2.00000000  0.90000000 -1.64403567
 2.00000000  0.95000000 -1.36570141
 2.00000000  1.00000000 -1.09547640
 2.00000000  1.05000000 -0.83725201
 2.00000000  1.10000000 -0.60820506
 2.00000000  1.15000000 -0.37128882
 2.00000000  1.20000000 -0.13653507
 2.00000000  1.25000000  0.12152720
 2.00000000  1.30000000  0.36076932
 2.00000000  1.35000000  0.60062036
 2.00000000  1.40000000  0.80357365
 2.00000000  1.45000000  0.96129028
 2.00000000  1.50000000  1.08615194
 2.00000000  1.55000000  1.17869600
 2.00000000  1.60000000  1.24825742
 2.00000000  1.65000000  1.30388228
 2.00000000  1.70000000  1.40295008
 2.00000000  1.75000000  1.51382208
 2.00000000  1.80000000  1.62949815
 2.00000000  1.85000000  1.73571168
 2.00000000  1.90000000  1.77559080
 2.00000000  1.95000000  1.72527394
 2.00000000  2.00000000  1.59179835
 2.00000000  2.05000000  1.39894971
 2.00000000  2.10000000  1.17691875
 2.00000000  2.15000000  0.99156836
 2.00000000  2.20000000  0.85404580
 2.05000000 -0.25000000  0.39380874
 2.05000000 -0.20000000  0.25781910
 2.05000000 -0.15000000  0.24175260
 2.05000000 -0.10000000  0.31404226
 2.05000000 -0.05000000  0.46217858
 2.05000000  0.00000000  0.66795462
 2.05000000  0.05000000  0.87818246
 2.05000000  0.10000000  1.07067780
 2.05000000  0.15000000  1.21166581
 2.05000000  0.20000000  1.28548737
 2.05000000  0.25000000  1.29830891
 2.05000000  0.30000000  1.22054035
 2.05000000  0.35000000  1.07461549
 2.05000000  0.40000000  0.85161338
 2.05000000  0.45000000  0.53722423
 2.05000000  0.50000000  0.14169217
 2.05000000  0.55000000 -0.30690404
 2.05000000  0.60000000 -0.75174286
 2.05000000  0.65000000 -1.13879582
 2.05000000  0.70000000 -1.41566725
 2.05000000  0.75000000 -1.54505278
 2.05000000  0.80000000 -1.52297618
 2.05000000  0.85000000 -1.40308151
 2.05000000  0.90000000 -1.20949250
 2.05000000  0.95000000 -1.00259710
 2.05000000  1.00000000 -0.80750943
 2.05000000  1.05000000 -0.64273057
 2.05000000  1.10000000 -0.47110401
 2.05000000  1.15000000 -0.29357568
 2.05000000  1.20000000 -0.08638682
 2.05000000  1.25000000  0.14254566
 2.05000000  1.30000000  0.38226953
 2.05000000  1.35000000  0.62035282
 2.05000000  1.40000000  0.82220193
 2.05000000  1.45000000  0.98007391
 2.05000000  1.50000000  1.08901532
 2.05000000  1.55000000  1.15867878
 2.05000000  1.60000000  1.21449977
 2.05000000  1.65000000  1.29647908
 2.05000000  1.70000000  1.42163377
 2.05000000  1.75000000  1.58980564
 2.05000000  1.80000000  1.79927640
 2.05000000  1.85000000  1.99907624
 2.05000000  1.90000000  2.12612632
 2.05000000  1.95000000  2.13129101
 2.05000000  2.00000000  2.01408019
 2.05000000  2.05000000  1.77435930
 2.05000000  2.10000000  1.48957357
 2.05000000  2.15000000  1.19916610
 2.05000000  2.20000000  0.96246923
 2.10000000 -0.25000000 -0.13246224
 2.10000000 -0.20000000 -0.21247266
 2.10000000 -0.15000000 -0.18483396
 2.10000000 -0.10000000 -0.05013352
 2.10000000 -0.05000000  0.17628860
 2.10000000  0.00000000  0.45307920
 2.10000000  0.05000000  0.72180674
 2.10000000  0.10000000  0.96261710
 2.10000000  0.15000000  1.14279013
 2.10000000  0.20000000  1.25009560
 2.10000000  0.25000000  1.29157419
 2.10000000  0.30000000  1.24563590
 2.10000000  0.35000000  1.12592578
 2.10000000  0.40000000  0.93355688
 2.10000000  0.45000000  0.66919387
 2.10000000  0.50000000  0.33437747
 2.10000000  0.55000000 -0.04460140
 2.10000000  0.60000000 -0.40782624
 2.10000000  0.65000000 -0.70676648
 2.10000000  0.70000000 -0.90250722
 2.10000000  0.75000000 -0.97437680
 2.10000000  0.80000000 -0.94491045
 2.10000000  0.85000000 -0.82853290
 2.10000000  0.90000000 -0.69077216
 2.10000000  0.95000000 -0.55923699
 2.10000000  1.00000000 -0.45281289
 2.10000000  1.05000000 -0.36516860
 2.10000000  1.10000000 -0.26118195
 2.10000000  1.15000000 -0.13398298
 2.10000000  1.20000000  0.04829088
 2.10000000  1.25000000  0.25768622
 2.10000000  1.30000000  0.48340955
 2.10000000  1.35000000  0.70497814
 2.10000000  1.40000000  0.88642062
 2.10000000  1.45000000  1.01463884
 2.10000000  1.50000000  1.08582038
 2.10000000  1.55000000  1.13301905
 2.10000000  1.60000000  1.17723510
 2.10000000  1.65000000  1.25941041
 2.10000000  1.70000000  1.41517327
 2.10000000  1.75000000  1.65391709
 2.10000000  1.80000000  1.93524023
 2.10000000  1.85000000  2.21738653
 2.10000000  1.90000000  2.41061735
 2.10000000  1.95000000  2.47264539
 2.10000000  2.00000000  2.35721172
 2.10000000  2.05000000  2.09110892
 2.10000000  2.10000000  1.73388470
 2.10000000  2.15000000  1.35461715
 2.10000000  2.20000000  1.02216166
 2.15000000 -0.25000000 -0.68954245
 2.15000000 -0.20000000 -0.75527073
 2.15000000 -0.15000000 -0.68560143
 2.15000000 -0.10000000 -0.48948108
 2.15000000 -0.05000000 -0.19378274
 2.15000000  0.00000000  0.14893858
 2.15000000  0.05000000  0.49693424
 2.15000000  0.10000000  0.81170469
 2.15000000  0.15000000  1.05263687
 2.15000000  0.20000000  1.22033441
 2.15000000  0.25000000  1.29716332
 2.15000000  0.30000000  1.29119081
 2.15000000  0.35000000  1.20589812
 2.15000000  0.40000000  1.05045797
 2.15000000  0.45000000  0.81463775
 2.15000000  0.50000000  0.53147043
 2.15000000  0.55000000  0.22784961
 2.15000000  0.60000000 -0.06151264
 2.15000000  0.65000000 -0.26721300
 2.15000000  0.70000000 -0.38754636
 2.15000000  0.75000000 -0.40543817
 2.15000000  0.80000000 -0.33983369
 2.15000000  0.85000000 -0.23085179
 2.15000000  0.90000000 -0.14925941
 2.15000000  0.95000000 -0.09244711
 2.15000000  1.00000000 -0.06194679
 2.15000000  1.05000000 -0.04254509
 2.15000000  1.10000000 -0.00133036
 2.15000000  1.15000000  0.08660838
 2.15000000  1.20000000  0.23562210
 2.15000000  1.25000000  0.42521592
 2.15000000  1.30000000  0.63244279
 2.15000000  1.35000000  0.82306657
 2.15000000  1.40000000  0.96112156
 2.15000000  1.45000000  1.05384032
 2.15000000  1.50000000  1.09073117
 2.15000000  1.55000000  1.10010038
 2.15000000  1.60000000  1.11777699
 2.15000000  1.65000000  1.21653126
 2.15000000  1.70000000  1.39158706
 2.15000000  1.75000000  1.66915178
 2.15000000  1.80000000  2.01691197
 2.15000000  1.85000000  2.35282442
 2.15000000  1.90000000  2.61542037
 2.15000000  1.95000000  2.70405875
 2.15000000  2.00000000  2.59883172
 2.15000000  2.05000000  2.30464291
 2.15000000  2.10000000  1.89199541
 2.15000000  2.15000000  1.44689744
 2.15000000  2.20000000  1.04057246
 2.20000000 -0.25000000 -1.19782304
 2.20000000 -0.20000000 -1.25137317
 2.20000000 -0.15000000 -1.17267818
 2.20000000 -0.10000000 -0.94514246
 2.20000000 -0.05000000 -0.61048075
 2.20000000  0.00000000 -0.20882821
 2.20000000  0.05000000  0.21676580
 2.20000000  0.10000000  0.61282899
 2.20000000  0.15000000  0.92550676
 2.20000000  0.20000000  1.15281250
 2.20000000  0.25000000  1.29678381
 2.20000000  0.30000000  1.32846068
 2.20000000  0.35000000  1.28075273
 2.20000000  0.40000000  1.14417496
 2.20000000  0.45000000  0.94974083
 2.20000000  0.50000000  0.70419688
 2.20000000  0.55000000  0.45253419
 2.20000000  0.60000000  0.23994334
 2.20000000  0.65000000  0.11807465
 2.20000000  0.70000000  0.07737501
 2.20000000  0.75000000  0.12018756
 2.20000000  0.80000000  0.22080463
 2.20000000  0.85000000  0.31640628
 2.20000000  0.90000000  0.36644925
 2.20000000  0.95000000  0.36583555
 2.20000000  1.00000000  0.32856270
 2.20000000  1.05000000  0.28048119
 2.20000000  1.10000000  0.27067883
 2.20000000  1.15000000  0.32024856
 2.20000000  1.20000000  0.44255621
 2.20000000  1.25000000  0.61018887
 2.20000000  1.30000000  0.78137101
 2.20000000  1.35000000  0.93522592
 2.20000000  1.40000000  1.03495084
 2.20000000  1.45000000  1.07714468
 2.20000000  1.50000000  1.08223838
 2.20000000  1.55000000  1.05721107
 2.20000000  1.60000000  1.06062153
 2.20000000  1.65000000  1.14504492
 2.20000000  1.70000000  1.33702667
 2.20000000  1.75000000  1.64307840
 2.20000000  1.80000000  2.02461123
 2.20000000  1.85000000  2.40710632
 2.20000000  1.90000000  2.68598659
 2.20000000  1.95000000  2.80967831
 2.20000000  2.00000000  2.69816745
 2.20000000  2.05000000  2.40008636
 2.20000000  2.10000000  1.96531887
 2.20000000  2.15000000  1.47522699
 2.20000000  2.20000000  1.04471394
