Anytime H=4
[2.9875418852508302, 1.0576037356040522, 0.12027337223177559, 4.4526589709970628, 11.390787939901655]
LP
[6.938128968904592, 13.866909627725946, 20.805038596630538, 27.733819255451891, 34.671948224356484]
myqEI
[6.938128968904592, 11.867371983765874, 15.803565065362566, 15.737595294458799, 13.309418551976854]
PE
[2.9875418852508302, 4.3508718996042344, 7.0764337707058482, 12.825754795578604, 19.763883764483197]
BUCB
[3.6543416102582782, 8.5386770111663992, 15.476805980070992, 20.406048994932274, 24.342242076528965]
MLE H=4
[2.9875418852508302, 7.3199274840161177, 14.258056452920709, 21.186837111742062, 28.124966080646654]
H=1
[2.9875418852508302, 7.3199274840161177, 14.258056452920709, 21.186837111742062, 28.124966080646654]
H=2
[3.6543416102582782, 8.5386770111663992, 13.631902638515395, 19.381223663388148, 26.319352632292741]
H=3
[2.9875418852508302, 7.3199274840161177, 14.258056452920709, 21.186837111742062, 28.124966080646654]
