Physical State
[[ 1.15  0.8 ]
 [ 1.1   0.8 ]
 [ 1.05  0.8 ]
 [ 1.    0.8 ]]
Locations
[[ 1.    1.  ]
 [ 1.05  1.  ]
 [ 1.1   1.  ]
 [ 1.15  1.  ]
 [ 1.2   1.  ]
 [ 1.2   0.95]
 [ 1.2   0.9 ]
 [ 1.2   0.85]
 [ 1.2   0.8 ]
 [ 1.15  0.8 ]
 [ 1.1   0.8 ]
 [ 1.05  0.8 ]
 [ 1.    0.8 ]]
Measurements
[-0.45359257 -0.60244204 -0.77012315 -0.90796206 -1.00999956 -1.32443165
 -1.68398081 -2.08752701 -2.46757816 -2.45695933 -2.36057096 -2.20258121
 -2.05109181]
Total accumulated reward = -19.9252477485
Nodes expanded = -1.0