-0.25000000 -0.25000000  0.21470419
-0.25000000 -0.20000000  0.22001547
-0.25000000 -0.15000000  0.18202078
-0.25000000 -0.10000000  0.08409992
-0.25000000 -0.05000000 -0.10264522
-0.25000000  0.00000000 -0.32825508
-0.25000000  0.05000000 -0.55851225
-0.25000000  0.10000000 -0.70598821
-0.25000000  0.15000000 -0.75625009
-0.25000000  0.20000000 -0.66305835
-0.25000000  0.25000000 -0.47364322
-0.25000000  0.30000000 -0.20736018
-0.25000000  0.35000000  0.06687846
-0.25000000  0.40000000  0.30643332
-0.25000000  0.45000000  0.47305629
-0.25000000  0.50000000  0.55137615
-0.25000000  0.55000000  0.54547045
-0.25000000  0.60000000  0.44991836
-0.25000000  0.65000000  0.31190316
-0.25000000  0.70000000  0.14749519
-0.25000000  0.75000000 -0.00038605
-0.25000000  0.80000000 -0.13661635
-0.25000000  0.85000000 -0.25875298
-0.25000000  0.90000000 -0.40214513
-0.25000000  0.95000000 -0.59749458
-0.25000000  1.00000000 -0.84809818
-0.25000000  1.05000000 -1.15378730
-0.25000000  1.10000000 -1.44992181
-0.25000000  1.15000000 -1.69148727
-0.25000000  1.20000000 -1.82186200
-0.25000000  1.25000000 -1.81032086
-0.25000000  1.30000000 -1.66916610
-0.25000000  1.35000000 -1.45811123
-0.25000000  1.40000000 -1.20797073
-0.25000000  1.45000000 -0.98683652
-0.25000000  1.50000000 -0.82167105
-0.25000000  1.55000000 -0.70110499
-0.25000000  1.60000000 -0.65152989
-0.25000000  1.65000000 -0.61362296
-0.25000000  1.70000000 -0.58483056
-0.25000000  1.75000000 -0.52662807
-0.25000000  1.80000000 -0.45097380
-0.25000000  1.85000000 -0.35867927
-0.25000000  1.90000000 -0.28186710
-0.25000000  1.95000000 -0.25805120
-0.25000000  2.00000000 -0.32435190
-0.25000000  2.05000000 -0.49862089
-0.25000000  2.10000000 -0.76801807
-0.25000000  2.15000000 -1.07297098
-0.25000000  2.20000000 -1.37374982
-0.20000000 -0.25000000  0.17733605
-0.20000000 -0.20000000  0.17133520
-0.20000000 -0.15000000  0.12814355
-0.20000000 -0.10000000  0.01604573
-0.20000000 -0.05000000 -0.17323130
-0.20000000  0.00000000 -0.40518455
-0.20000000  0.05000000 -0.62732206
-0.20000000  0.10000000 -0.77415020
-0.20000000  0.15000000 -0.82217414
-0.20000000  0.20000000 -0.73743735
-0.20000000  0.25000000 -0.55455198
-0.20000000  0.30000000 -0.29889380
-0.20000000  0.35000000 -0.02637023
-0.20000000  0.40000000  0.22040479
-0.20000000  0.45000000  0.40729151
-0.20000000  0.50000000  0.52061364
-0.20000000  0.55000000  0.55069202
-0.20000000  0.60000000  0.51291025
-0.20000000  0.65000000  0.42197836
-0.20000000  0.70000000  0.30493434
-0.20000000  0.75000000  0.18189654
-0.20000000  0.80000000  0.05971917
-0.20000000  0.85000000 -0.06364603
-0.20000000  0.90000000 -0.20717855
-0.20000000  0.95000000 -0.40157516
-0.20000000  1.00000000 -0.64274029
-0.20000000  1.05000000 -0.93677971
-0.20000000  1.10000000 -1.23469436
-0.20000000  1.15000000 -1.48441441
-0.20000000  1.20000000 -1.63593217
-0.20000000  1.25000000 -1.66541100
-0.20000000  1.30000000 -1.59399882
-0.20000000  1.35000000 -1.46034159
-0.20000000  1.40000000 -1.29073684
-0.20000000  1.45000000 -1.16211510
-0.20000000  1.50000000 -1.05499107
-0.20000000  1.55000000 -1.00712511
-0.20000000  1.60000000 -0.97852170
-0.20000000  1.65000000 -0.94747124
-0.20000000  1.70000000 -0.88292476
-0.20000000  1.75000000 -0.77889876
-0.20000000  1.80000000 -0.61745749
-0.20000000  1.85000000 -0.43047525
-0.20000000  1.90000000 -0.27696334
-0.20000000  1.95000000 -0.16856222
-0.20000000  2.00000000 -0.16316481
-0.20000000  2.05000000 -0.27866172
-0.20000000  2.10000000 -0.50535339
-0.20000000  2.15000000 -0.80263719
-0.20000000  2.20000000 -1.11336653
-0.15000000 -0.25000000  0.27266500
-0.15000000 -0.20000000  0.26975227
-0.15000000 -0.15000000  0.21318786
-0.15000000 -0.10000000  0.08960417
-0.15000000 -0.05000000 -0.10925902
-0.15000000  0.00000000 -0.34028291
-0.15000000  0.05000000 -0.56735643
-0.15000000  0.10000000 -0.70988452
-0.15000000  0.15000000 -0.76148063
-0.15000000  0.20000000 -0.69147361
-0.15000000  0.25000000 -0.52494959
-0.15000000  0.30000000 -0.28323029
-0.15000000  0.35000000 -0.02744545
-0.15000000  0.40000000  0.20588608
-0.15000000  0.45000000  0.39861454
-0.15000000  0.50000000  0.53000496
-0.15000000  0.55000000  0.58011085
-0.15000000  0.60000000  0.58437955
-0.15000000  0.65000000  0.51966644
-0.15000000  0.70000000  0.43259221
-0.15000000  0.75000000  0.33085960
-0.15000000  0.80000000  0.23049362
-0.15000000  0.85000000  0.11659551
-0.15000000  0.90000000 -0.02134908
-0.15000000  0.95000000 -0.20102837
-0.15000000  1.00000000 -0.43416414
-0.15000000  1.05000000 -0.70180781
-0.15000000  1.10000000 -0.97333665
-0.15000000  1.15000000 -1.22227402
-0.15000000  1.20000000 -1.38579766
-0.15000000  1.25000000 -1.45676608
-0.15000000  1.30000000 -1.43807033
-0.15000000  1.35000000 -1.36290951
-0.15000000  1.40000000 -1.27175988
-0.15000000  1.45000000 -1.19811995
-0.15000000  1.50000000 -1.17049867
-0.15000000  1.55000000 -1.16970431
-0.15000000  1.60000000 -1.18044930
-0.15000000  1.65000000 -1.16275061
-0.15000000  1.70000000 -1.07872916
-0.15000000  1.75000000 -0.93141917
-0.15000000  1.80000000 -0.71610003
-0.15000000  1.85000000 -0.47087298
-0.15000000  1.90000000 -0.24125493
-0.15000000  1.95000000 -0.08470216
-0.15000000  2.00000000 -0.04406454
-0.15000000  2.05000000 -0.12204724
-0.15000000  2.10000000 -0.32249562
-0.15000000  2.15000000 -0.60844229
-0.15000000  2.20000000 -0.91923067
-0.10000000 -0.25000000  0.48670070
-0.10000000 -0.20000000  0.49472643
-0.10000000 -0.15000000  0.42012170
-0.10000000 -0.10000000  0.28268193
-0.10000000 -0.05000000  0.06372338
-0.10000000  0.00000000 -0.18251006
-0.10000000  0.05000000 -0.41332487
-0.10000000  0.10000000 -0.57898452
-0.10000000  0.15000000 -0.63621123
-0.10000000  0.20000000 -0.58589419
-0.10000000  0.25000000 -0.43005666
-0.10000000  0.30000000 -0.21986346
-0.10000000  0.35000000  0.01138382
-0.10000000  0.40000000  0.23600583
-0.10000000  0.45000000  0.41796445
-0.10000000  0.50000000  0.53929861
-0.10000000  0.55000000  0.60361174
-0.10000000  0.60000000  0.61197069
-0.10000000  0.65000000  0.57375392
-0.10000000  0.70000000  0.50958390
-0.10000000  0.75000000  0.42354589
-0.10000000  0.80000000  0.33643711
-0.10000000  0.85000000  0.23496447
-0.10000000  0.90000000  0.10855919
-0.10000000  0.95000000 -0.04860467
-0.10000000  1.00000000 -0.24946929
-0.10000000  1.05000000 -0.48488887
-0.10000000  1.10000000 -0.74138909
-0.10000000  1.15000000 -0.96381846
-0.10000000  1.20000000 -1.14069663
-0.10000000  1.25000000 -1.22155680
-0.10000000  1.30000000 -1.24062492
-0.10000000  1.35000000 -1.20972266
-0.10000000  1.40000000 -1.17572212
-0.10000000  1.45000000 -1.15560570
-0.10000000  1.50000000 -1.17939767
-0.10000000  1.55000000 -1.22706150
-0.10000000  1.60000000 -1.26829069
-0.10000000  1.65000000 -1.26251000
-0.10000000  1.70000000 -1.17926430
-0.10000000  1.75000000 -1.01448592
-0.10000000  1.80000000 -0.77712914
-0.10000000  1.85000000 -0.48441431
-0.10000000  1.90000000 -0.22540480
-0.10000000  1.95000000 -0.03588866
-0.10000000  2.00000000  0.02351351
-0.10000000  2.05000000 -0.04631347
-0.10000000  2.10000000 -0.23841854
-0.10000000  2.15000000 -0.50575442
-0.10000000  2.20000000 -0.80862198
-0.05000000 -0.25000000  0.76682233
-0.05000000 -0.20000000  0.78779968
-0.05000000 -0.15000000  0.71423958
-0.05000000 -0.10000000  0.53694684
-0.05000000 -0.05000000  0.29306040
-0.05000000  0.00000000  0.01521755
-0.05000000  0.05000000 -0.23011716
-0.05000000  0.10000000 -0.41595348
-0.05000000  0.15000000 -0.49702152
-0.05000000  0.20000000 -0.46589087
-0.05000000  0.25000000 -0.34829657
-0.05000000  0.30000000 -0.16122077
-0.05000000  0.35000000  0.04444409
-0.05000000  0.40000000  0.23737367
-0.05000000  0.45000000  0.40692058
-0.05000000  0.50000000  0.52008758
-0.05000000  0.55000000  0.57243553
-0.05000000  0.60000000  0.59245838
-0.05000000  0.65000000  0.56052108
-0.05000000  0.70000000  0.51720842
-0.05000000  0.75000000  0.44652303
-0.05000000  0.80000000  0.37240045
-0.05000000  0.85000000  0.28025027
-0.05000000  0.90000000  0.18425378
-0.05000000  0.95000000  0.05069128
-0.05000000  1.00000000 -0.12036348
-0.05000000  1.05000000 -0.32019377
-0.05000000  1.10000000 -0.54745521
-0.05000000  1.15000000 -0.75753153
-0.05000000  1.20000000 -0.92489137
-0.05000000  1.25000000 -1.02079172
-0.05000000  1.30000000 -1.06319809
-0.05000000  1.35000000 -1.05801920
-0.05000000  1.40000000 -1.05738221
-0.05000000  1.45000000 -1.06865375
-0.05000000  1.50000000 -1.12803252
-0.05000000  1.55000000 -1.20677884
-0.05000000  1.60000000 -1.27558893
-0.05000000  1.65000000 -1.29429223
-0.05000000  1.70000000 -1.22626018
-0.05000000  1.75000000 -1.06308753
-0.05000000  1.80000000 -0.80565595
-0.05000000  1.85000000 -0.53010903
-0.05000000  1.90000000 -0.26442264
-0.05000000  1.95000000 -0.08864002
-0.05000000  2.00000000 -0.01463982
-0.05000000  2.05000000 -0.07604740
-0.05000000  2.10000000 -0.25804740
-0.05000000  2.15000000 -0.51467517
-0.05000000  2.20000000 -0.80131144
 0.00000000 -0.25000000  1.06575783
 0.00000000 -0.20000000  1.09386333
 0.00000000 -0.15000000  1.00640891
 0.00000000 -0.10000000  0.80792886
 0.00000000 -0.05000000  0.53490076
 0.00000000  0.00000000  0.22321818
 0.00000000  0.05000000 -0.05858848
 0.00000000  0.10000000 -0.26695112
 0.00000000  0.15000000 -0.38590719
 0.00000000  0.20000000 -0.38649178
 0.00000000  0.25000000 -0.29806751
 0.00000000  0.30000000 -0.14798930
 0.00000000  0.35000000  0.01700838
 0.00000000  0.40000000  0.18819249
 0.00000000  0.45000000  0.32900282
 0.00000000  0.50000000  0.42528950
 0.00000000  0.55000000  0.47409369
 0.00000000  0.60000000  0.49425675
 0.00000000  0.65000000  0.48066523
 0.00000000  0.70000000  0.44128034
 0.00000000  0.75000000  0.39162837
 0.00000000  0.80000000  0.33809114
 0.00000000  0.85000000  0.27846909
 0.00000000  0.90000000  0.19637097
 0.00000000  0.95000000  0.09657536
 0.00000000  1.00000000 -0.04022776
 0.00000000  1.05000000 -0.21613279
 0.00000000  1.10000000 -0.40966390
 0.00000000  1.15000000 -0.60797375
 0.00000000  1.20000000 -0.77166544
 0.00000000  1.25000000 -0.88878173
 0.00000000  1.30000000 -0.92923601
 0.00000000  1.35000000 -0.94058413
 0.00000000  1.40000000 -0.95335564
 0.00000000  1.45000000 -0.97907754
 0.00000000  1.50000000 -1.05153533
 0.00000000  1.55000000 -1.14615912
 0.00000000  1.60000000 -1.23303439
 0.00000000  1.65000000 -1.28237107
 0.00000000  1.70000000 -1.23812658
 0.00000000  1.75000000 -1.09269732
 0.00000000  1.80000000 -0.86768018
 0.00000000  1.85000000 -0.61178984
 0.00000000  1.90000000 -0.36927768
 0.00000000  1.95000000 -0.19850489
 0.00000000  2.00000000 -0.13993070
 0.00000000  2.05000000 -0.19768045
 0.00000000  2.10000000 -0.35990465
 0.00000000  2.15000000 -0.59762390
 0.00000000  2.20000000 -0.85379480
 0.05000000 -0.25000000  1.31356063
 0.05000000 -0.20000000  1.36312408
 0.05000000 -0.15000000  1.27369527
 0.05000000 -0.10000000  1.05562615
 0.05000000 -0.05000000  0.74321945
 0.05000000  0.00000000  0.39331598
 0.05000000  0.05000000  0.07942227
 0.05000000  0.10000000 -0.17355816
 0.05000000  0.15000000 -0.31433092
 0.05000000  0.20000000 -0.36081132
 0.05000000  0.25000000 -0.30940226
 0.05000000  0.30000000 -0.20516027
 0.05000000  0.35000000 -0.06733801
 0.05000000  0.40000000  0.06598029
 0.05000000  0.45000000  0.17859163
 0.05000000  0.50000000  0.25821001
 0.05000000  0.55000000  0.30638408
 0.05000000  0.60000000  0.33393208
 0.05000000  0.65000000  0.33274935
 0.05000000  0.70000000  0.30632502
 0.05000000  0.75000000  0.28407428
 0.05000000  0.80000000  0.25544568
 0.05000000  0.85000000  0.21899626
 0.05000000  0.90000000  0.17456911
 0.05000000  0.95000000  0.09703182
 0.05000000  1.00000000 -0.00657875
 0.05000000  1.05000000 -0.15076601
 0.05000000  1.10000000 -0.32701579
 0.05000000  1.15000000 -0.51006473
 0.05000000  1.20000000 -0.67248729
 0.05000000  1.25000000 -0.78674141
 0.05000000  1.30000000 -0.84452179
 0.05000000  1.35000000 -0.85660556
 0.05000000  1.40000000 -0.86178757
 0.05000000  1.45000000 -0.89540791
 0.05000000  1.50000000 -0.95896884
 0.05000000  1.55000000 -1.07402263
 0.05000000  1.60000000 -1.18005948
 0.05000000  1.65000000 -1.23875065
 0.05000000  1.70000000 -1.23324337
 0.05000000  1.75000000 -1.13101237
 0.05000000  1.80000000 -0.95608524
 0.05000000  1.85000000 -0.73052084
 0.05000000  1.90000000 -0.52802503
 0.05000000  1.95000000 -0.38202169
 0.05000000  2.00000000 -0.33724625
 0.05000000  2.05000000 -0.37626953
 0.05000000  2.10000000 -0.52670940
 0.05000000  2.15000000 -0.72475289
 0.05000000  2.20000000 -0.95220606
 0.10000000 -0.25000000  1.46069876
 0.10000000 -0.20000000  1.54692736
 0.10000000 -0.15000000  1.46933362
 0.10000000 -0.10000000  1.23364963
 0.10000000 -0.05000000  0.91439214
 0.10000000  0.00000000  0.54451270
 0.10000000  0.05000000  0.19610141
 0.10000000  0.10000000 -0.09944788
 0.10000000  0.15000000 -0.28986283
 0.10000000  0.20000000 -0.37784221
 0.10000000  0.25000000 -0.36245564
 0.10000000  0.30000000 -0.30118852
 0.10000000  0.35000000 -0.20106503
 0.10000000  0.40000000 -0.09350871
 0.10000000  0.45000000 -0.01520605
 0.10000000  0.50000000  0.05173862
 0.10000000  0.55000000  0.10116893
 0.10000000  0.60000000  0.12509156
 0.10000000  0.65000000  0.14829101
 0.10000000  0.70000000  0.15364551
 0.10000000  0.75000000  0.16262163
 0.10000000  0.80000000  0.15153457
 0.10000000  0.85000000  0.15524500
 0.10000000  0.90000000  0.13338093
 0.10000000  0.95000000  0.09528729
 0.10000000  1.00000000  0.02248140
 0.10000000  1.05000000 -0.10539189
 0.10000000  1.10000000 -0.26528927
 0.10000000  1.15000000 -0.45052396
 0.10000000  1.20000000 -0.60752716
 0.10000000  1.25000000 -0.72225709
 0.10000000  1.30000000 -0.77665677
 0.10000000  1.35000000 -0.79039393
 0.10000000  1.40000000 -0.79275023
 0.10000000  1.45000000 -0.80676760
 0.10000000  1.50000000 -0.86420747
 0.10000000  1.55000000 -0.96575449
 0.10000000  1.60000000 -1.08897143
 0.10000000  1.65000000 -1.18616957
 0.10000000  1.70000000 -1.20984302
 0.10000000  1.75000000 -1.16203299
 0.10000000  1.80000000 -1.04455637
 0.10000000  1.85000000 -0.87784330
 0.10000000  1.90000000 -0.71725782
 0.10000000  1.95000000 -0.60496787
 0.10000000  2.00000000 -0.54880034
 0.10000000  2.05000000 -0.59303012
 0.10000000  2.10000000 -0.70118166
 0.10000000  2.15000000 -0.87048006
 0.10000000  2.20000000 -1.05582817
 0.15000000 -0.25000000  1.50366914
 0.15000000 -0.20000000  1.62029775
 0.15000000 -0.15000000  1.56483574
 0.15000000 -0.10000000  1.34911882
 0.15000000 -0.05000000  1.02040555
 0.15000000  0.00000000  0.63701075
 0.15000000  0.05000000  0.25944807
 0.15000000  0.10000000 -0.06004768
 0.15000000  0.15000000 -0.28558227
 0.15000000  0.20000000 -0.41117958
 0.15000000  0.25000000 -0.43943640
 0.15000000  0.30000000 -0.40204358
 0.15000000  0.35000000 -0.33639826
 0.15000000  0.40000000 -0.27939688
 0.15000000  0.45000000 -0.20945218
 0.15000000  0.50000000 -0.16009381
 0.15000000  0.55000000 -0.11044897
 0.15000000  0.60000000 -0.07368410
 0.15000000  0.65000000 -0.02840098
 0.15000000  0.70000000  0.00307541
 0.15000000  0.75000000  0.03522369
 0.15000000  0.80000000  0.06430992
 0.15000000  0.85000000  0.08722136
 0.15000000  0.90000000  0.10124596
 0.15000000  0.95000000  0.08376393
 0.15000000  1.00000000  0.02488427
 0.15000000  1.05000000 -0.07686651
 0.15000000  1.10000000 -0.22102661
 0.15000000  1.15000000 -0.37939589
 0.15000000  1.20000000 -0.53957976
 0.15000000  1.25000000 -0.64893068
 0.15000000  1.30000000 -0.69750667
 0.15000000  1.35000000 -0.71171430
 0.15000000  1.40000000 -0.69516399
 0.15000000  1.45000000 -0.69718090
 0.15000000  1.50000000 -0.74667379
 0.15000000  1.55000000 -0.84947843
 0.15000000  1.60000000 -0.97156669
 0.15000000  1.65000000 -1.08857673
 0.15000000  1.70000000 -1.16504633
 0.15000000  1.75000000 -1.16818175
 0.15000000  1.80000000 -1.11080480
 0.15000000  1.85000000 -1.01129558
 0.15000000  1.90000000 -0.89207229
 0.15000000  1.95000000 -0.81055328
 0.15000000  2.00000000 -0.77378628
 0.15000000  2.05000000 -0.79025869
 0.15000000  2.10000000 -0.86784389
 0.15000000  2.15000000 -0.99712743
 0.15000000  2.20000000 -1.15907638
 0.20000000 -0.25000000  1.40670393
 0.20000000 -0.20000000  1.55671498
 0.20000000 -0.15000000  1.54271878
 0.20000000 -0.10000000  1.36741996
 0.20000000 -0.05000000  1.05627533
 0.20000000  0.00000000  0.68222091
 0.20000000  0.05000000  0.29795305
 0.20000000  0.10000000 -0.04371186
 0.20000000  0.15000000 -0.28974909
 0.20000000  0.20000000 -0.43936507
 0.20000000  0.25000000 -0.49537906
 0.20000000  0.30000000 -0.49168602
 0.20000000  0.35000000 -0.45347746
 0.20000000  0.40000000 -0.40385733
 0.20000000  0.45000000 -0.35832473
 0.20000000  0.50000000 -0.31605209
 0.20000000  0.55000000 -0.27186551
 0.20000000  0.60000000 -0.21986590
 0.20000000  0.65000000 -0.16977026
 0.20000000  0.70000000 -0.11318224
 0.20000000  0.75000000 -0.06574059
 0.20000000  0.80000000 -0.01066134
 0.20000000  0.85000000  0.02490553
 0.20000000  0.90000000  0.05593058
 0.20000000  0.95000000  0.06128550
 0.20000000  1.00000000  0.02652609
 0.20000000  1.05000000 -0.04527941
 0.20000000  1.10000000 -0.16299667
 0.20000000  1.15000000 -0.30961930
 0.20000000  1.20000000 -0.44116661
 0.20000000  1.25000000 -0.55556413
 0.20000000  1.30000000 -0.59423337
 0.20000000  1.35000000 -0.59290809
 0.20000000  1.40000000 -0.57394065
 0.20000000  1.45000000 -0.56955038
 0.20000000  1.50000000 -0.61081271
 0.20000000  1.55000000 -0.69452602
 0.20000000  1.60000000 -0.83898694
 0.20000000  1.65000000 -0.97638420
 0.20000000  1.70000000 -1.08666400
 0.20000000  1.75000000 -1.13266685
 0.20000000  1.80000000 -1.13508410
 0.20000000  1.85000000 -1.09353110
 0.20000000  1.90000000 -1.03571848
 0.20000000  1.95000000 -0.97749839
 0.20000000  2.00000000 -0.94701903
 0.20000000  2.05000000 -0.95350646
 0.20000000  2.10000000 -1.00204874
 0.20000000  2.15000000 -1.09082101
 0.20000000  2.20000000 -1.22663960
 0.25000000 -0.25000000  1.18309746
 0.25000000 -0.20000000  1.37688843
 0.25000000 -0.15000000  1.41076865
 0.25000000 -0.10000000  1.28214907
 0.25000000 -0.05000000  1.01316758
 0.25000000  0.00000000  0.66805755
 0.25000000  0.05000000  0.29912476
 0.25000000  0.10000000 -0.03615744
 0.25000000  0.15000000 -0.28187784
 0.25000000  0.20000000 -0.44643648
 0.25000000  0.25000000 -0.51031641
 0.25000000  0.30000000 -0.51433567
 0.25000000  0.35000000 -0.49864429
 0.25000000  0.40000000 -0.45924044
 0.25000000  0.45000000 -0.42300534
 0.25000000  0.50000000 -0.39038919
 0.25000000  0.55000000 -0.34796780
 0.25000000  0.60000000 -0.29937978
 0.25000000  0.65000000 -0.24121334
 0.25000000  0.70000000 -0.17381466
 0.25000000  0.75000000 -0.12576139
 0.25000000  0.80000000 -0.07308220
 0.25000000  0.85000000 -0.02613944
 0.25000000  0.90000000  0.00848981
 0.25000000  0.95000000  0.02422499
 0.25000000  1.00000000  0.01225888
 0.25000000  1.05000000 -0.03309728
 0.25000000  1.10000000 -0.12299996
 0.25000000  1.15000000 -0.23414917
 0.25000000  1.20000000 -0.34785938
 0.25000000  1.25000000 -0.43313052
 0.25000000  1.30000000 -0.47259116
 0.25000000  1.35000000 -0.45468199
 0.25000000  1.40000000 -0.43123036
 0.25000000  1.45000000 -0.40785469
 0.25000000  1.50000000 -0.45160322
 0.25000000  1.55000000 -0.54003672
 0.25000000  1.60000000 -0.67262486
 0.25000000  1.65000000 -0.82306361
 0.25000000  1.70000000 -0.95837351
 0.25000000  1.75000000 -1.05323857
 0.25000000  1.80000000 -1.11163246
 0.25000000  1.85000000 -1.12303069
 0.25000000  1.90000000 -1.10613368
 0.25000000  1.95000000 -1.08753225
 0.25000000  2.00000000 -1.07622256
 0.25000000  2.05000000 -1.06892854
 0.25000000  2.10000000 -1.09695412
 0.25000000  2.15000000 -1.17078663
 0.25000000  2.20000000 -1.29457884
 0.30000000 -0.25000000  0.84206950
 0.30000000 -0.20000000  1.08090656
 0.30000000 -0.15000000  1.16789829
 0.30000000 -0.10000000  1.08789132
 0.30000000 -0.05000000  0.88184603
 0.30000000  0.00000000  0.58761710
 0.30000000  0.05000000  0.24747725
 0.30000000  0.10000000 -0.05006413
 0.30000000  0.15000000 -0.28220150
 0.30000000  0.20000000 -0.41974838
 0.30000000  0.25000000 -0.48372892
 0.30000000  0.30000000 -0.48485239
 0.30000000  0.35000000 -0.46484853
 0.30000000  0.40000000 -0.43857346
 0.30000000  0.45000000 -0.41074843
 0.30000000  0.50000000 -0.37615931
 0.30000000  0.55000000 -0.33930551
 0.30000000  0.60000000 -0.29550738
 0.30000000  0.65000000 -0.25023063
 0.30000000  0.70000000 -0.19986572
 0.30000000  0.75000000 -0.15792846
 0.30000000  0.80000000 -0.12297361
 0.30000000  0.85000000 -0.09667041
 0.30000000  0.90000000 -0.07111171
 0.30000000  0.95000000 -0.05222859
 0.30000000  1.00000000 -0.03604069
 0.30000000  1.05000000 -0.05956360
 0.30000000  1.10000000 -0.10986533
 0.30000000  1.15000000 -0.18366808
 0.30000000  1.20000000 -0.25676825
 0.30000000  1.25000000 -0.30154946
 0.30000000  1.30000000 -0.32414111
 0.30000000  1.35000000 -0.30100690
 0.30000000  1.40000000 -0.26697454
 0.30000000  1.45000000 -0.25715059
 0.30000000  1.50000000 -0.28084852
 0.30000000  1.55000000 -0.37010154
 0.30000000  1.60000000 -0.50135781
 0.30000000  1.65000000 -0.65052001
 0.30000000  1.70000000 -0.80146467
 0.30000000  1.75000000 -0.92803480
 0.30000000  1.80000000 -1.02008685
 0.30000000  1.85000000 -1.07624636
 0.30000000  1.90000000 -1.11819634
 0.30000000  1.95000000 -1.13229461
 0.30000000  2.00000000 -1.14564743
 0.30000000  2.05000000 -1.14403971
 0.30000000  2.10000000 -1.17908758
 0.30000000  2.15000000 -1.23386740
 0.30000000  2.20000000 -1.33704245
 0.35000000 -0.25000000  0.44613221
 0.35000000 -0.20000000  0.71115474
 0.35000000 -0.15000000  0.84489801
 0.35000000 -0.10000000  0.82751831
 0.35000000 -0.05000000  0.68028791
 0.35000000  0.00000000  0.43071087
 0.35000000  0.05000000  0.15258250
 0.35000000  0.10000000 -0.09868875
 0.35000000  0.15000000 -0.27557047
 0.35000000  0.20000000 -0.37220818
 0.35000000  0.25000000 -0.40981930
 0.35000000  0.30000000 -0.39736263
 0.35000000  0.35000000 -0.36325274
 0.35000000  0.40000000 -0.33519132
 0.35000000  0.45000000 -0.30323875
 0.35000000  0.50000000 -0.27745912
 0.35000000  0.55000000 -0.25608904
 0.35000000  0.60000000 -0.22368040
 0.35000000  0.65000000 -0.19808725
 0.35000000  0.70000000 -0.17697879
 0.35000000  0.75000000 -0.17045004
 0.35000000  0.80000000 -0.17075637
 0.35000000  0.85000000 -0.17851907
 0.35000000  0.90000000 -0.16986983
 0.35000000  0.95000000 -0.15679494
 0.35000000  1.00000000 -0.13994152
 0.35000000  1.05000000 -0.12976864
 0.35000000  1.10000000 -0.13161847
 0.35000000  1.15000000 -0.16205600
 0.35000000  1.20000000 -0.19003356
 0.35000000  1.25000000 -0.21380597
 0.35000000  1.30000000 -0.20087682
 0.35000000  1.35000000 -0.16507692
 0.35000000  1.40000000 -0.13038498
 0.35000000  1.45000000 -0.10748971
 0.35000000  1.50000000 -0.13130759
 0.35000000  1.55000000 -0.20684953
 0.35000000  1.60000000 -0.32628968
 0.35000000  1.65000000 -0.47138621
 0.35000000  1.70000000 -0.62592385
 0.35000000  1.75000000 -0.76680343
 0.35000000  1.80000000 -0.88824032
 0.35000000  1.85000000 -0.98260674
 0.35000000  1.90000000 -1.06624289
 0.35000000  1.95000000 -1.12752110
 0.35000000  2.00000000 -1.16367443
 0.35000000  2.05000000 -1.20605483
 0.35000000  2.10000000 -1.24405853
 0.35000000  2.15000000 -1.30246308
 0.35000000  2.20000000 -1.41395489
 0.40000000 -0.25000000  0.06802233
 0.40000000 -0.20000000  0.33297808
 0.40000000 -0.15000000  0.49115873
 0.40000000 -0.10000000  0.51344830
 0.40000000 -0.05000000  0.41487651
 0.40000000  0.00000000  0.23175536
 0.40000000  0.05000000  0.02418982
 0.40000000  0.10000000 -0.16011910
 0.40000000  0.15000000 -0.27929186
 0.40000000  0.20000000 -0.32284266
 0.40000000  0.25000000 -0.30599483
 0.40000000  0.30000000 -0.25505542
 0.40000000  0.35000000 -0.21265245
 0.40000000  0.40000000 -0.17361310
 0.40000000  0.45000000 -0.14480077
 0.40000000  0.50000000 -0.12745801
 0.40000000  0.55000000 -0.12064473
 0.40000000  0.60000000 -0.11152452
 0.40000000  0.65000000 -0.11917289
 0.40000000  0.70000000 -0.13803379
 0.40000000  0.75000000 -0.17690819
 0.40000000  0.80000000 -0.22029411
 0.40000000  0.85000000 -0.26079308
 0.40000000  0.90000000 -0.28215781
 0.40000000  0.95000000 -0.28161421
 0.40000000  1.00000000 -0.25997113
 0.40000000  1.05000000 -0.22653144
 0.40000000  1.10000000 -0.20169342
 0.40000000  1.15000000 -0.18839988
 0.40000000  1.20000000 -0.18032158
 0.40000000  1.25000000 -0.16235847
 0.40000000  1.30000000 -0.12322489
 0.40000000  1.35000000 -0.07874142
 0.40000000  1.40000000 -0.02429332
 0.40000000  1.45000000  0.01068154
 0.40000000  1.50000000 -0.00761176
 0.40000000  1.55000000 -0.05900672
 0.40000000  1.60000000 -0.16533270
 0.40000000  1.65000000 -0.29097785
 0.40000000  1.70000000 -0.43444037
 0.40000000  1.75000000 -0.58197354
 0.40000000  1.80000000 -0.71929140
 0.40000000  1.85000000 -0.84792920
 0.40000000  1.90000000 -0.96712950
 0.40000000  1.95000000 -1.07547363
 0.40000000  2.00000000 -1.15901803
 0.40000000  2.05000000 -1.23226402
 0.40000000  2.10000000 -1.30525813
 0.40000000  2.15000000 -1.38888937
 0.40000000  2.20000000 -1.49744370
 0.45000000 -0.25000000 -0.23355513
 0.45000000 -0.20000000  0.01651873
 0.45000000 -0.15000000  0.16756509
 0.45000000 -0.10000000  0.19919006
 0.45000000 -0.05000000  0.14706704
 0.45000000  0.00000000  0.01068389
 0.45000000  0.05000000 -0.12515577
 0.45000000  0.10000000 -0.23430423
 0.45000000  0.15000000 -0.27364958
 0.45000000  0.20000000 -0.25231180
 0.45000000  0.25000000 -0.19287620
 0.45000000  0.30000000 -0.10637501
 0.45000000  0.35000000 -0.04573442
 0.45000000  0.40000000  0.00063162
 0.45000000  0.45000000  0.02224951
 0.45000000  0.50000000  0.03379307
 0.45000000  0.55000000  0.02635005
 0.45000000  0.60000000  0.00607415
 0.45000000  0.65000000 -0.03442314
 0.45000000  0.70000000 -0.09711549
 0.45000000  0.75000000 -0.17619270
 0.45000000  0.80000000 -0.26562720
 0.45000000  0.85000000 -0.33911040
 0.45000000  0.90000000 -0.38285707
 0.45000000  0.95000000 -0.39683162
 0.45000000  1.00000000 -0.37317861
 0.45000000  1.05000000 -0.32594664
 0.45000000  1.10000000 -0.27691268
 0.45000000  1.15000000 -0.23743509
 0.45000000  1.20000000 -0.19652781
 0.45000000  1.25000000 -0.15449877
 0.45000000  1.30000000 -0.09676496
 0.45000000  1.35000000 -0.03623309
 0.45000000  1.40000000  0.03203986
 0.45000000  1.45000000  0.07868561
 0.45000000  1.50000000  0.08827535
 0.45000000  1.55000000  0.05974689
 0.45000000  1.60000000 -0.01070267
 0.45000000  1.65000000 -0.11078309
 0.45000000  1.70000000 -0.23762921
 0.45000000  1.75000000 -0.37703245
 0.45000000  1.80000000 -0.52830934
 0.45000000  1.85000000 -0.68473309
 0.45000000  1.90000000 -0.84436822
 0.45000000  1.95000000 -0.99990383
 0.45000000  2.00000000 -1.13540213
 0.45000000  2.05000000 -1.26138362
 0.45000000  2.10000000 -1.37856898
 0.45000000  2.15000000 -1.49418118
 0.45000000  2.20000000 -1.61161640
 0.50000000 -0.25000000 -0.40338828
 0.50000000 -0.20000000 -0.18938175
 0.50000000 -0.15000000 -0.06235493
 0.50000000 -0.10000000 -0.03444786
 0.50000000 -0.05000000 -0.07805656
 0.50000000  0.00000000 -0.17281199
 0.50000000  0.05000000 -0.26245623
 0.50000000  0.10000000 -0.29451671
 0.50000000  0.15000000 -0.26734049
 0.50000000  0.20000000 -0.18573880
 0.50000000  0.25000000 -0.07169195
 0.50000000  0.30000000  0.03974098
 0.50000000  0.35000000  0.11419118
 0.50000000  0.40000000  0.16506955
 0.50000000  0.45000000  0.16643724
 0.50000000  0.50000000  0.15909997
 0.50000000  0.55000000  0.12967002
 0.50000000  0.60000000  0.09010423
 0.50000000  0.65000000  0.01922799
 0.50000000  0.70000000 -0.07354808
 0.50000000  0.75000000 -0.18996112
 0.50000000  0.80000000 -0.29536048
 0.50000000  0.85000000 -0.38348853
 0.50000000  0.90000000 -0.44939487
 0.50000000  0.95000000 -0.46905552
 0.50000000  1.00000000 -0.44072886
 0.50000000  1.05000000 -0.40493754
 0.50000000  1.10000000 -0.34137599
 0.50000000  1.15000000 -0.29362782
 0.50000000  1.20000000 -0.24638144
 0.50000000  1.25000000 -0.18351817
 0.50000000  1.30000000 -0.12122623
 0.50000000  1.35000000 -0.03919325
 0.50000000  1.40000000  0.04294107
 0.50000000  1.45000000  0.10810316
 0.50000000  1.50000000  0.15330772
 0.50000000  1.55000000  0.16297380
 0.50000000  1.60000000  0.12682983
 0.50000000  1.65000000  0.05611494
 0.50000000  1.70000000 -0.04085712
 0.50000000  1.75000000 -0.17701841
 0.50000000  1.80000000 -0.33980224
 0.50000000  1.85000000 -0.51910125
 0.50000000  1.90000000 -0.70497562
 0.50000000  1.95000000 -0.91081250
 0.50000000  2.00000000 -1.10400523
 0.50000000  2.05000000 -1.27802864
 0.50000000  2.10000000 -1.43528481
 0.50000000  2.15000000 -1.59107981
 0.50000000  2.20000000 -1.73614756
 0.55000000 -0.25000000 -0.40228861
 0.55000000 -0.20000000 -0.24344156
 0.55000000 -0.15000000 -0.15686786
 0.55000000 -0.10000000 -0.15250161
 0.55000000 -0.05000000 -0.21501883
 0.55000000  0.00000000 -0.29144481
 0.55000000  0.05000000 -0.34316747
 0.55000000  0.10000000 -0.32086095
 0.55000000  0.15000000 -0.24008916
 0.55000000  0.20000000 -0.10779095
 0.55000000  0.25000000  0.03636384
 0.55000000  0.30000000  0.15567223
 0.55000000  0.35000000  0.23540045
 0.55000000  0.40000000  0.26348844
 0.55000000  0.45000000  0.25764760
 0.55000000  0.50000000  0.22374757
 0.55000000  0.55000000  0.17411082
 0.55000000  0.60000000  0.10636410
 0.55000000  0.65000000  0.02102140
 0.55000000  0.70000000 -0.08792645
 0.55000000  0.75000000 -0.19504144
 0.55000000  0.80000000 -0.31342483
 0.55000000  0.85000000 -0.40192691
 0.55000000  0.90000000 -0.44706016
 0.55000000  0.95000000 -0.46811656
 0.55000000  1.00000000 -0.44003654
 0.55000000  1.05000000 -0.40908043
 0.55000000  1.10000000 -0.35512152
 0.55000000  1.15000000 -0.30727931
 0.55000000  1.20000000 -0.27559091
 0.55000000  1.25000000 -0.22249959
 0.55000000  1.30000000 -0.16150340
 0.55000000  1.35000000 -0.06976291
 0.55000000  1.40000000  0.02408914
 0.55000000  1.45000000  0.11506882
 0.55000000  1.50000000  0.19920872
 0.55000000  1.55000000  0.23689418
 0.55000000  1.60000000  0.25238116
 0.55000000  1.65000000  0.21778721
 0.55000000  1.70000000  0.13852867
 0.55000000  1.75000000  0.01010791
 0.55000000  1.80000000 -0.15658995
 0.55000000  1.85000000 -0.34633595
 0.55000000  1.90000000 -0.56975731
 0.55000000  1.95000000 -0.80492475
 0.55000000  2.00000000 -1.03831962
 0.55000000  2.05000000 -1.26490038
 0.55000000  2.10000000 -1.47704028
 0.55000000  2.15000000 -1.66242771
 0.55000000  2.20000000 -1.82950723
 0.60000000 -0.25000000 -0.25342359
 0.60000000 -0.20000000 -0.13602918
 0.60000000 -0.15000000 -0.09915486
 0.60000000 -0.10000000 -0.13654206
 0.60000000 -0.05000000 -0.21953298
 0.60000000  0.00000000 -0.30207577
 0.60000000  0.05000000 -0.34192911
 0.60000000  0.10000000 -0.29914682
 0.60000000  0.15000000 -0.17715486
 0.60000000  0.20000000 -0.02903727
 0.60000000  0.25000000  0.12459174
 0.60000000  0.30000000  0.23704399
 0.60000000  0.35000000  0.29378264
 0.60000000  0.40000000  0.30342934
 0.60000000  0.45000000  0.27235801
 0.60000000  0.50000000  0.20785311
 0.60000000  0.55000000  0.14657029
 0.60000000  0.60000000  0.06497221
 0.60000000  0.65000000 -0.02486130
 0.60000000  0.70000000 -0.12134033
 0.60000000  0.75000000 -0.21936387
 0.60000000  0.80000000 -0.30501726
 0.60000000  0.85000000 -0.35818613
 0.60000000  0.90000000 -0.38344652
 0.60000000  0.95000000 -0.38361454
 0.60000000  1.00000000 -0.35811428
 0.60000000  1.05000000 -0.33316738
 0.60000000  1.10000000 -0.30592178
 0.60000000  1.15000000 -0.29241827
 0.60000000  1.20000000 -0.28182002
 0.60000000  1.25000000 -0.25577613
 0.60000000  1.30000000 -0.20106633
 0.60000000  1.35000000 -0.11786188
 0.60000000  1.40000000 -0.00934876
 0.60000000  1.45000000  0.10625281
 0.60000000  1.50000000  0.21912645
 0.60000000  1.55000000  0.30844055
 0.60000000  1.60000000  0.35420913
 0.60000000  1.65000000  0.35065041
 0.60000000  1.70000000  0.29857562
 0.60000000  1.75000000  0.18848312
 0.60000000  1.80000000  0.02194879
 0.60000000  1.85000000 -0.18810394
 0.60000000  1.90000000 -0.42413510
 0.60000000  1.95000000 -0.68915930
 0.60000000  2.00000000 -0.96286282
 0.60000000  2.05000000 -1.22095944
 0.60000000  2.10000000 -1.46348829
 0.60000000  2.15000000 -1.67870062
 0.60000000  2.20000000 -1.86826377
 0.65000000 -0.25000000  0.02668630
 0.65000000 -0.20000000  0.10576402
 0.65000000 -0.15000000  0.09940594
 0.65000000 -0.10000000  0.02474569
 0.65000000 -0.05000000 -0.09256321
 0.65000000  0.00000000 -0.18967110
 0.65000000  0.05000000 -0.23815571
 0.65000000  0.10000000 -0.20287770
 0.65000000  0.15000000 -0.09411414
 0.65000000  0.20000000  0.05751857
 0.65000000  0.25000000  0.18533270
 0.65000000  0.30000000  0.27607295
 0.65000000  0.35000000  0.30053555
 0.65000000  0.40000000  0.27192446
 0.65000000  0.45000000  0.21132985
 0.65000000  0.50000000  0.13674869
 0.65000000  0.55000000  0.05743974
 0.65000000  0.60000000 -0.02029632
 0.65000000  0.65000000 -0.09881532
 0.65000000  0.70000000 -0.16864581
 0.65000000  0.75000000 -0.22011792
 0.65000000  0.80000000 -0.25467513
 0.65000000  0.85000000 -0.26411215
 0.65000000  0.90000000 -0.25436262
 0.65000000  0.95000000 -0.22740349
 0.65000000  1.00000000 -0.20315513
 0.65000000  1.05000000 -0.19358129
 0.65000000  1.10000000 -0.19685994
 0.65000000  1.15000000 -0.22910147
 0.65000000  1.20000000 -0.24749376
 0.65000000  1.25000000 -0.25893223
 0.65000000  1.30000000 -0.23346579
 0.65000000  1.35000000 -0.16221514
 0.65000000  1.40000000 -0.04689804
 0.65000000  1.45000000  0.08838691
 0.65000000  1.50000000  0.22664167
 0.65000000  1.55000000  0.34148038
 0.65000000  1.60000000  0.43503670
 0.65000000  1.65000000  0.46204988
 0.65000000  1.70000000  0.43466029
 0.65000000  1.75000000  0.33624861
 0.65000000  1.80000000  0.16710840
 0.65000000  1.85000000 -0.04103366
 0.65000000  1.90000000 -0.28640921
 0.65000000  1.95000000 -0.55688302
 0.65000000  2.00000000 -0.84480061
 0.65000000  2.05000000 -1.13249447
 0.65000000  2.10000000 -1.38454390
 0.65000000  2.15000000 -1.62743798
 0.65000000  2.20000000 -1.82649671
 0.70000000 -0.25000000  0.36070308
 0.70000000 -0.20000000  0.44045377
 0.70000000 -0.15000000  0.41748178
 0.70000000 -0.10000000  0.31327785
 0.70000000 -0.05000000  0.16802503
 0.70000000  0.00000000  0.03639642
 0.70000000  0.05000000 -0.04251957
 0.70000000  0.10000000 -0.02383446
 0.70000000  0.15000000  0.04453121
 0.70000000  0.20000000  0.14932562
 0.70000000  0.25000000  0.23124621
 0.70000000  0.30000000  0.27454604
 0.70000000  0.35000000  0.24794071
 0.70000000  0.40000000  0.19210978
 0.70000000  0.45000000  0.10344381
 0.70000000  0.50000000  0.02271253
 0.70000000  0.55000000 -0.05172478
 0.70000000  0.60000000 -0.13035494
 0.70000000  0.65000000 -0.17000798
 0.70000000  0.70000000 -0.20085416
 0.70000000  0.75000000 -0.19620501
 0.70000000  0.80000000 -0.16745942
 0.70000000  0.85000000 -0.12740412
 0.70000000  0.90000000 -0.05964740
 0.70000000  0.95000000 -0.01972458
 0.70000000  1.00000000  0.00190609
 0.70000000  1.05000000 -0.01198447
 0.70000000  1.10000000 -0.06074695
 0.70000000  1.15000000 -0.13775753
 0.70000000  1.20000000 -0.20218558
 0.70000000  1.25000000 -0.25682036
 0.70000000  1.30000000 -0.25564941
 0.70000000  1.35000000 -0.20549267
 0.70000000  1.40000000 -0.09372907
 0.70000000  1.45000000  0.05186949
 0.70000000  1.50000000  0.21778041
 0.70000000  1.55000000  0.35815337
 0.70000000  1.60000000  0.47766701
 0.70000000  1.65000000  0.54076655
 0.70000000  1.70000000  0.51562284
 0.70000000  1.75000000  0.42945382
 0.70000000  1.80000000  0.27896875
 0.70000000  1.85000000  0.08343035
 0.70000000  1.90000000 -0.15878169
 0.70000000  1.95000000 -0.42551530
 0.70000000  2.00000000 -0.70414628
 0.70000000  2.05000000 -0.98618838
 0.70000000  2.10000000 -1.25392206
 0.70000000  2.15000000 -1.50539832
 0.70000000  2.20000000 -1.71317988
 0.75000000 -0.25000000  0.69618592
 0.75000000 -0.20000000  0.79677354
 0.75000000 -0.15000000  0.78861291
 0.75000000 -0.10000000  0.68729579
 0.75000000 -0.05000000  0.52326303
 0.75000000  0.00000000  0.35776533
 0.75000000  0.05000000  0.24930098
 0.75000000  0.10000000  0.20169068
 0.75000000  0.15000000  0.21655652
 0.75000000  0.20000000  0.26023020
 0.75000000  0.25000000  0.27175769
 0.75000000  0.30000000  0.24993939
 0.75000000  0.35000000  0.18608778
 0.75000000  0.40000000  0.08866937
 0.75000000  0.45000000 -0.01994310
 0.75000000  0.50000000 -0.10263423
 0.75000000  0.55000000 -0.17053557
 0.75000000  0.60000000 -0.20096069
 0.75000000  0.65000000 -0.21115710
 0.75000000  0.70000000 -0.18746839
 0.75000000  0.75000000 -0.12199603
 0.75000000  0.80000000 -0.03459664
 0.75000000  0.85000000  0.06835632
 0.75000000  0.90000000  0.15346101
 0.75000000  0.95000000  0.20462850
 0.75000000  1.00000000  0.21299826
 0.75000000  1.05000000  0.16787556
 0.75000000  1.10000000  0.07654534
 0.75000000  1.15000000 -0.04476716
 0.75000000  1.20000000 -0.16819696
 0.75000000  1.25000000 -0.24838080
 0.75000000  1.30000000 -0.28519156
 0.75000000  1.35000000 -0.24935451
 0.75000000  1.40000000 -0.15509464
 0.75000000  1.45000000  0.00342431
 0.75000000  1.50000000  0.16986886
 0.75000000  1.55000000  0.34429046
 0.75000000  1.60000000  0.47110083
 0.75000000  1.65000000  0.54933020
 0.75000000  1.70000000  0.55500228
 0.75000000  1.75000000  0.48434855
 0.75000000  1.80000000  0.34813562
 0.75000000  1.85000000  0.15824557
 0.75000000  1.90000000 -0.05732743
 0.75000000  1.95000000 -0.31235139
 0.75000000  2.00000000 -0.56899917
 0.75000000  2.05000000 -0.82506811
 0.75000000  2.10000000 -1.08693296
 0.75000000  2.15000000 -1.32179124
 0.75000000  2.20000000 -1.52243926
 0.80000000 -0.25000000  0.98646998
 0.80000000 -0.20000000  1.13072026
 0.80000000 -0.15000000  1.16704796
 0.80000000 -0.10000000  1.08696189
 0.80000000 -0.05000000  0.93507476
 0.80000000  0.00000000  0.75520185
 0.80000000  0.05000000  0.59786678
 0.80000000  0.10000000  0.49561745
 0.80000000  0.15000000  0.42938765
 0.80000000  0.20000000  0.38227728
 0.80000000  0.25000000  0.31675555
 0.80000000  0.30000000  0.22181022
 0.80000000  0.35000000  0.11154770
 0.80000000  0.40000000 -0.01180544
 0.80000000  0.45000000 -0.11593712
 0.80000000  0.50000000 -0.19358248
 0.80000000  0.55000000 -0.23748367
 0.80000000  0.60000000 -0.22573349
 0.80000000  0.65000000 -0.17838774
 0.80000000  0.70000000 -0.09836344
 0.80000000  0.75000000  0.00977650
 0.80000000  0.80000000  0.14948545
 0.80000000  0.85000000  0.27499993
 0.80000000  0.90000000  0.37479400
 0.80000000  0.95000000  0.42295285
 0.80000000  1.00000000  0.40322607
 0.80000000  1.05000000  0.31983103
 0.80000000  1.10000000  0.18096638
 0.80000000  1.15000000  0.01596732
 0.80000000  1.20000000 -0.15205152
 0.80000000  1.25000000 -0.27066127
 0.80000000  1.30000000 -0.32594992
 0.80000000  1.35000000 -0.32412990
 0.80000000  1.40000000 -0.22962994
 0.80000000  1.45000000 -0.08885835
 0.80000000  1.50000000  0.08966777
 0.80000000  1.55000000  0.26467879
 0.80000000  1.60000000  0.41652195
 0.80000000  1.65000000  0.50341415
 0.80000000  1.70000000  0.52933230
 0.80000000  1.75000000  0.47323984
 0.80000000  1.80000000  0.35720676
 0.80000000  1.85000000  0.18716648
 0.80000000  1.90000000 -0.01105457
 0.80000000  1.95000000 -0.22393014
 0.80000000  2.00000000 -0.45195361
 0.80000000  2.05000000 -0.67859395
 0.80000000  2.10000000 -0.91156231
 0.80000000  2.15000000 -1.12848124
 0.80000000  2.20000000 -1.31920693
 0.85000000 -0.25000000  1.18827694
 0.85000000 -0.20000000  1.40556748
 0.85000000 -0.15000000  1.51066744
 0.85000000 -0.10000000  1.47444951
 0.85000000 -0.05000000  1.34575301
 0.85000000  0.00000000  1.17102829
 0.85000000  0.05000000  0.98254830
 0.85000000  0.10000000  0.81542731
 0.85000000  0.15000000  0.66920955
 0.85000000  0.20000000  0.53550355
 0.85000000  0.25000000  0.38924236
 0.85000000  0.30000000  0.22504366
 0.85000000  0.35000000  0.06279938
 0.85000000  0.40000000 -0.07706363
 0.85000000  0.45000000 -0.18884667
 0.85000000  0.50000000 -0.23520376
 0.85000000  0.55000000 -0.23993468
 0.85000000  0.60000000 -0.17908347
 0.85000000  0.65000000 -0.08573966
 0.85000000  0.70000000  0.03668083
 0.85000000  0.75000000  0.19879364
 0.85000000  0.80000000  0.36166646
 0.85000000  0.85000000  0.48997782
 0.85000000  0.90000000  0.57789739
 0.85000000  0.95000000  0.59739819
 0.85000000  1.00000000  0.53660547
 0.85000000  1.05000000  0.39952480
 0.85000000  1.10000000  0.22258431
 0.85000000  1.15000000  0.02493375
 0.85000000  1.20000000 -0.17484612
 0.85000000  1.25000000 -0.31580612
 0.85000000  1.30000000 -0.39469253
 0.85000000  1.35000000 -0.39779575
 0.85000000  1.40000000 -0.32340850
 0.85000000  1.45000000 -0.19774131
 0.85000000  1.50000000 -0.01802160
 0.85000000  1.55000000  0.15705485
 0.85000000  1.60000000  0.31641506
 0.85000000  1.65000000  0.40458538
 0.85000000  1.70000000  0.43526102
 0.85000000  1.75000000  0.39345165
 0.85000000  1.80000000  0.29752808
 0.85000000  1.85000000  0.15728398
 0.85000000  1.90000000 -0.01078014
 0.85000000  1.95000000 -0.19447557
 0.85000000  2.00000000 -0.38097057
 0.85000000  2.05000000 -0.56723460
 0.85000000  2.10000000 -0.75081851
 0.85000000  2.15000000 -0.93198668
 0.85000000  2.20000000 -1.10975017
 0.90000000 -0.25000000  1.28648720
 0.90000000 -0.20000000  1.58662769
 0.90000000 -0.15000000  1.76457904
 0.90000000 -0.10000000  1.80629290
 0.90000000 -0.05000000  1.72948535
 0.90000000  0.00000000  1.56376371
 0.90000000  0.05000000  1.36479737
 0.90000000  0.10000000  1.14738695
 0.90000000  0.15000000  0.92691421
 0.90000000  0.20000000  0.71690815
 0.90000000  0.25000000  0.48916934
 0.90000000  0.30000000  0.25865698
 0.90000000  0.35000000  0.05872440
 0.90000000  0.40000000 -0.10528990
 0.90000000  0.45000000 -0.20757832
 0.90000000  0.50000000 -0.22804739
 0.90000000  0.55000000 -0.18736126
 0.90000000  0.60000000 -0.08300704
 0.90000000  0.65000000  0.06035860
 0.90000000  0.70000000  0.23034007
 0.90000000  0.75000000  0.40303223
 0.90000000  0.80000000  0.56455962
 0.90000000  0.85000000  0.67732709
 0.90000000  0.90000000  0.72397433
 0.90000000  0.95000000  0.70145186
 0.90000000  1.00000000  0.58029973
 0.90000000  1.05000000  0.42220684
 0.90000000  1.10000000  0.20847784
 0.90000000  1.15000000 -0.01203576
 0.90000000  1.20000000 -0.20761901
 0.90000000  1.25000000 -0.36926040
 0.90000000  1.30000000 -0.46220577
 0.90000000  1.35000000 -0.47549608
 0.90000000  1.40000000 -0.42105862
 0.90000000  1.45000000 -0.29312205
 0.90000000  1.50000000 -0.12905352
 0.90000000  1.55000000  0.03697303
 0.90000000  1.60000000  0.17954207
 0.90000000  1.65000000  0.27016599
 0.90000000  1.70000000  0.30211876
 0.90000000  1.75000000  0.26516445
 0.90000000  1.80000000  0.18079228
 0.90000000  1.85000000  0.06150985
 0.90000000  1.90000000 -0.07828952
 0.90000000  1.95000000 -0.21814512
 0.90000000  2.00000000 -0.36012988
 0.90000000  2.05000000 -0.49652324
 0.90000000  2.10000000 -0.64506560
 0.90000000  2.15000000 -0.78656858
 0.90000000  2.20000000 -0.93062314
 0.95000000 -0.25000000  1.29131578
 0.95000000 -0.20000000  1.65996186
 0.95000000 -0.15000000  1.93259375
 0.95000000 -0.10000000  2.05022745
 0.95000000 -0.05000000  2.02763464
 0.95000000  0.00000000  1.90374690
 0.95000000  0.05000000  1.70483727
 0.95000000  0.10000000  1.46320836
 0.95000000  0.15000000  1.19812299
 0.95000000  0.20000000  0.91761755
 0.95000000  0.25000000  0.62786555
 0.95000000  0.30000000  0.34823421
 0.95000000  0.35000000  0.09530605
 0.95000000  0.40000000 -0.08739239
 0.95000000  0.45000000 -0.18319376
 0.95000000  0.50000000 -0.18372790
 0.95000000  0.55000000 -0.11279540
 0.95000000  0.60000000  0.03221432
 0.95000000  0.65000000  0.21525144
 0.95000000  0.70000000  0.40855153
 0.95000000  0.75000000  0.57983685
 0.95000000  0.80000000  0.72441193
 0.95000000  0.85000000  0.80086741
 0.95000000  0.90000000  0.80022076
 0.95000000  0.95000000  0.72307562
 0.95000000  1.00000000  0.56618400
 0.95000000  1.05000000  0.36648401
 0.95000000  1.10000000  0.13873190
 0.95000000  1.15000000 -0.07395723
 0.95000000  1.20000000 -0.27185074
 0.95000000  1.25000000 -0.41583698
 0.95000000  1.30000000 -0.50654225
 0.95000000  1.35000000 -0.52105715
 0.95000000  1.40000000 -0.47441276
 0.95000000  1.45000000 -0.36667196
 0.95000000  1.50000000 -0.23111345
 0.95000000  1.55000000 -0.07821065
 0.95000000  1.60000000  0.05110225
 0.95000000  1.65000000  0.13009079
 0.95000000  1.70000000  0.14642090
 0.95000000  1.75000000  0.10667988
 0.95000000  1.80000000  0.01840512
 0.95000000  1.85000000 -0.08544854
 0.95000000  1.90000000 -0.19726198
 0.95000000  1.95000000 -0.30032747
 0.95000000  2.00000000 -0.40172302
 0.95000000  2.05000000 -0.49719409
 0.95000000  2.10000000 -0.59482439
 0.95000000  2.15000000 -0.69320916
 0.95000000  2.20000000 -0.80352386
 1.00000000 -0.25000000  1.19272840
 1.00000000 -0.20000000  1.63134024
 1.00000000 -0.15000000  1.97383484
 1.00000000 -0.10000000  2.17573410
 1.00000000 -0.05000000  2.23097717
 1.00000000  0.00000000  2.16116851
 1.00000000  0.05000000  1.98955124
 1.00000000  0.10000000  1.74064102
 1.00000000  0.15000000  1.45445532
 1.00000000  0.20000000  1.12924494
 1.00000000  0.25000000  0.78852809
 1.00000000  0.30000000  0.45793877
 1.00000000  0.35000000  0.17551956
 1.00000000  0.40000000 -0.03862464
 1.00000000  0.45000000 -0.13951047
 1.00000000  0.50000000 -0.13056143
 1.00000000  0.55000000 -0.02882739
 1.00000000  0.60000000  0.13586719
 1.00000000  0.65000000  0.33144578
 1.00000000  0.70000000  0.52439651
 1.00000000  0.75000000  0.68698069
 1.00000000  0.80000000  0.78806029
 1.00000000  0.85000000  0.82373349
 1.00000000  0.90000000  0.77204081
 1.00000000  0.95000000  0.65171033
 1.00000000  1.00000000  0.47184674
 1.00000000  1.05000000  0.26526985
 1.00000000  1.10000000  0.05091935
 1.00000000  1.15000000 -0.14707016
 1.00000000  1.20000000 -0.30393480
 1.00000000  1.25000000 -0.42229490
 1.00000000  1.30000000 -0.49560680
 1.00000000  1.35000000 -0.51857393
 1.00000000  1.40000000 -0.47372406
 1.00000000  1.45000000 -0.39323341
 1.00000000  1.50000000 -0.26495720
 1.00000000  1.55000000 -0.14023634
 1.00000000  1.60000000 -0.04400768
 1.00000000  1.65000000  0.00593665
 1.00000000  1.70000000 -0.00699846
 1.00000000  1.75000000 -0.05868700
 1.00000000  1.80000000 -0.14221472
 1.00000000  1.85000000 -0.23636050
 1.00000000  1.90000000 -0.33071180
 1.00000000  1.95000000 -0.41256589
 1.00000000  2.00000000 -0.48989713
 1.00000000  2.05000000 -0.53962265
 1.00000000  2.10000000 -0.59068004
 1.00000000  2.15000000 -0.65817820
 1.00000000  2.20000000 -0.73712021
 1.05000000 -0.25000000  1.01786065
 1.05000000 -0.20000000  1.50182668
 1.05000000 -0.15000000  1.89959112
 1.05000000 -0.10000000  2.17627019
 1.05000000 -0.05000000  2.30201715
 1.05000000  0.00000000  2.29658256
 1.05000000  0.05000000  2.18035657
 1.05000000  0.10000000  1.96229789
 1.05000000  0.15000000  1.67371053
 1.05000000  0.20000000  1.33176383
 1.05000000  0.25000000  0.95981036
 1.05000000  0.30000000  0.58692896
 1.05000000  0.35000000  0.25617385
 1.05000000  0.40000000  0.02520918
 1.05000000  0.45000000 -0.09441661
 1.05000000  0.50000000 -0.10106160
 1.05000000  0.55000000  0.00391889
 1.05000000  0.60000000  0.16517658
 1.05000000  0.65000000  0.36214525
 1.05000000  0.70000000  0.53438081
 1.05000000  0.75000000  0.66625242
 1.05000000  0.80000000  0.72558802
 1.05000000  0.85000000  0.72705416
 1.05000000  0.90000000  0.64195945
 1.05000000  0.95000000  0.50302071
 1.05000000  1.00000000  0.32582447
 1.05000000  1.05000000  0.14315957
 1.05000000  1.10000000 -0.03694776
 1.05000000  1.15000000 -0.18178038
 1.05000000  1.20000000 -0.30047762
 1.05000000  1.25000000 -0.38308610
 1.05000000  1.30000000 -0.43192165
 1.05000000  1.35000000 -0.43832974
 1.05000000  1.40000000 -0.40283550
 1.05000000  1.45000000 -0.32774559
 1.05000000  1.50000000 -0.23895405
 1.05000000  1.55000000 -0.14097282
 1.05000000  1.60000000 -0.08204097
 1.05000000  1.65000000 -0.06822099
 1.05000000  1.70000000 -0.10627884
 1.05000000  1.75000000 -0.18357674
 1.05000000  1.80000000 -0.27444733
 1.05000000  1.85000000 -0.37436748
 1.05000000  1.90000000 -0.45932831
 1.05000000  1.95000000 -0.52460937
 1.05000000  2.00000000 -0.56832027
 1.05000000  2.05000000 -0.60058974
 1.05000000  2.10000000 -0.63109158
 1.05000000  2.15000000 -0.66903236
 1.05000000  2.20000000 -0.71925090
 1.10000000 -0.25000000  0.78534417
 1.10000000 -0.20000000  1.28696190
 1.10000000 -0.15000000  1.72952909
 1.10000000 -0.10000000  2.05710617
 1.10000000 -0.05000000  2.25721253
 1.10000000  0.00000000  2.31591014
 1.10000000  0.05000000  2.25695139
 1.10000000  0.10000000  2.08738797
 1.10000000  0.15000000  1.82352172
 1.10000000  0.20000000  1.47962439
 1.10000000  0.25000000  1.09983516
 1.10000000  0.30000000  0.70213237
 1.10000000  0.35000000  0.34493156
 1.10000000  0.40000000  0.08026991
 1.10000000  0.45000000 -0.07909056
 1.10000000  0.50000000 -0.10910065
 1.10000000  0.55000000 -0.04001604
 1.10000000  0.60000000  0.10107766
 1.10000000  0.65000000  0.25544527
 1.10000000  0.70000000  0.40582177
 1.10000000  0.75000000  0.50433866
 1.10000000  0.80000000  0.53611890
 1.10000000  0.85000000  0.50375153
 1.10000000  0.90000000  0.41868574
 1.10000000  0.95000000  0.28481021
 1.10000000  1.00000000  0.14241858
 1.10000000  1.05000000  0.00749266
 1.10000000  1.10000000 -0.09990991
 1.10000000  1.15000000 -0.18155187
 1.10000000  1.20000000 -0.23928631
 1.10000000  1.25000000 -0.28139449
 1.10000000  1.30000000 -0.29355187
 1.10000000  1.35000000 -0.28295339
 1.10000000  1.40000000 -0.24634468
 1.10000000  1.45000000 -0.19504858
 1.10000000  1.50000000 -0.11925173
 1.10000000  1.55000000 -0.05738707
 1.10000000  1.60000000 -0.04173658
 1.10000000  1.65000000 -0.05026921
 1.10000000  1.70000000 -0.11806799
 1.10000000  1.75000000 -0.22003134
 1.10000000  1.80000000 -0.32747023
 1.10000000  1.85000000 -0.43486970
 1.10000000  1.90000000 -0.52382579
 1.10000000  1.95000000 -0.58811359
 1.10000000  2.00000000 -0.61985167
 1.10000000  2.05000000 -0.65117378
 1.10000000  2.10000000 -0.66795782
 1.10000000  2.15000000 -0.69036977
 1.10000000  2.20000000 -0.72746840
 1.15000000 -0.25000000  0.53322766
 1.15000000 -0.20000000  1.02357475
 1.15000000 -0.15000000  1.48082163
 1.15000000 -0.10000000  1.84179633
 1.15000000 -0.05000000  2.08408997
 1.15000000  0.00000000  2.20513403
 1.15000000  0.05000000  2.21158369
 1.15000000  0.10000000  2.09714320
 1.15000000  0.15000000  1.88290194
 1.15000000  0.20000000  1.56572959
 1.15000000  0.25000000  1.18849700
 1.15000000  0.30000000  0.78216379
 1.15000000  0.35000000  0.40972830
 1.15000000  0.40000000  0.09924414
 1.15000000  0.45000000 -0.09890824
 1.15000000  0.50000000 -0.17825305
 1.15000000  0.55000000 -0.15752899
 1.15000000  0.60000000 -0.07309572
 1.15000000  0.65000000  0.04122299
 1.15000000  0.70000000  0.14000263
 1.15000000  0.75000000  0.20035593
 1.15000000  0.80000000  0.21401790
 1.15000000  0.85000000  0.17626217
 1.15000000  0.90000000  0.10405879
 1.15000000  0.95000000  0.02862446
 1.15000000  1.00000000 -0.04658425
 1.15000000  1.05000000 -0.10384280
 1.15000000  1.10000000 -0.13840111
 1.15000000  1.15000000 -0.14933983
 1.15000000  1.20000000 -0.14226656
 1.15000000  1.25000000 -0.13160821
 1.15000000  1.30000000 -0.11070339
 1.15000000  1.35000000 -0.08665947
 1.15000000  1.40000000 -0.04186166
 1.15000000  1.45000000  0.00938219
 1.15000000  1.50000000  0.06612815
 1.15000000  1.55000000  0.09893230
 1.15000000  1.60000000  0.10220430
 1.15000000  1.65000000  0.06220019
 1.15000000  1.70000000 -0.02632629
 1.15000000  1.75000000 -0.14068431
 1.15000000  1.80000000 -0.25957807
 1.15000000  1.85000000 -0.38214337
 1.15000000  1.90000000 -0.47546469
 1.15000000  1.95000000 -0.54192869
 1.15000000  2.00000000 -0.58957165
 1.15000000  2.05000000 -0.63426276
 1.15000000  2.10000000 -0.67097969
 1.15000000  2.15000000 -0.70938000
 1.15000000  2.20000000 -0.73958483
 1.20000000 -0.25000000  0.29228624
 1.20000000 -0.20000000  0.74128080
 1.20000000 -0.15000000  1.17742956
 1.20000000 -0.10000000  1.54371485
 1.20000000 -0.05000000  1.81481536
 1.20000000  0.00000000  1.98723598
 1.20000000  0.05000000  2.05742579
 1.20000000  0.10000000  2.00182074
 1.20000000  0.15000000  1.84049701
 1.20000000  0.20000000  1.56654395
 1.20000000  0.25000000  1.21693574
 1.20000000  0.30000000  0.81482615
 1.20000000  0.35000000  0.42744992
 1.20000000  0.40000000  0.09110677
 1.20000000  0.45000000 -0.14877749
 1.20000000  0.50000000 -0.28952192
 1.20000000  0.55000000 -0.34055405
 1.20000000  0.60000000 -0.32423699
 1.20000000  0.65000000 -0.28315265
 1.20000000  0.70000000 -0.23612738
 1.20000000  0.75000000 -0.20762356
 1.20000000  0.80000000 -0.21063645
 1.20000000  0.85000000 -0.22263285
 1.20000000  0.90000000 -0.24967179
 1.20000000  0.95000000 -0.26149361
 1.20000000  1.00000000 -0.24967116
 1.20000000  1.05000000 -0.20913233
 1.20000000  1.10000000 -0.15580022
 1.20000000  1.15000000 -0.08367882
 1.20000000  1.20000000 -0.01863338
 1.20000000  1.25000000  0.05273726
 1.20000000  1.30000000  0.10176398
 1.20000000  1.35000000  0.14599191
 1.20000000  1.40000000  0.19623621
 1.20000000  1.45000000  0.25113794
 1.20000000  1.50000000  0.29486964
 1.20000000  1.55000000  0.33236354
 1.20000000  1.60000000  0.31981746
 1.20000000  1.65000000  0.27503184
 1.20000000  1.70000000  0.18781755
 1.20000000  1.75000000  0.06838395
 1.20000000  1.80000000 -0.05408703
 1.20000000  1.85000000 -0.17577617
 1.20000000  1.90000000 -0.28781349
 1.20000000  1.95000000 -0.37106031
 1.20000000  2.00000000 -0.45598899
 1.20000000  2.05000000 -0.52783294
 1.20000000  2.10000000 -0.59369956
 1.20000000  2.15000000 -0.67230097
 1.20000000  2.20000000 -0.74552867
 1.25000000 -0.25000000  0.06460494
 1.25000000 -0.20000000  0.46210573
 1.25000000 -0.15000000  0.85831729
 1.25000000 -0.10000000  1.20497579
 1.25000000 -0.05000000  1.49032113
 1.25000000  0.00000000  1.68709088
 1.25000000  0.05000000  1.80681750
 1.25000000  0.10000000  1.80983781
 1.25000000  0.15000000  1.70848694
 1.25000000  0.20000000  1.49228818
 1.25000000  0.25000000  1.17345481
 1.25000000  0.30000000  0.80424284
 1.25000000  0.35000000  0.42101379
 1.25000000  0.40000000  0.07859085
 1.25000000  0.45000000 -0.20843345
 1.25000000  0.50000000 -0.41456826
 1.25000000  0.55000000 -0.52565120
 1.25000000  0.60000000 -0.59094310
 1.25000000  0.65000000 -0.62793245
 1.25000000  0.70000000 -0.64440093
 1.25000000  0.75000000 -0.66356469
 1.25000000  0.80000000 -0.67015437
 1.25000000  0.85000000 -0.66256764
 1.25000000  0.90000000 -0.61930534
 1.25000000  0.95000000 -0.54254617
 1.25000000  1.00000000 -0.43386161
 1.25000000  1.05000000 -0.29700141
 1.25000000  1.10000000 -0.14408534
 1.25000000  1.15000000  0.00155074
 1.25000000  1.20000000  0.12692144
 1.25000000  1.25000000  0.22664766
 1.25000000  1.30000000  0.30400039
 1.25000000  1.35000000  0.36951847
 1.25000000  1.40000000  0.43164146
 1.25000000  1.45000000  0.49034498
 1.25000000  1.50000000  0.54758496
 1.25000000  1.55000000  0.58461584
 1.25000000  1.60000000  0.58077007
 1.25000000  1.65000000  0.54723251
 1.25000000  1.70000000  0.47753015
 1.25000000  1.75000000  0.37330269
 1.25000000  1.80000000  0.26519871
 1.25000000  1.85000000  0.15677727
 1.25000000  1.90000000  0.04194184
 1.25000000  1.95000000 -0.07515405
 1.25000000  2.00000000 -0.19586280
 1.25000000  2.05000000 -0.32384443
 1.25000000  2.10000000 -0.45608949
 1.25000000  2.15000000 -0.58537167
 1.25000000  2.20000000 -0.71161913
 1.30000000 -0.25000000 -0.12170980
 1.30000000 -0.20000000  0.21096193
 1.30000000 -0.15000000  0.55511203
 1.30000000 -0.10000000  0.85841317
 1.30000000 -0.05000000  1.13348500
 1.30000000  0.00000000  1.35029418
 1.30000000  0.05000000  1.50526144
 1.30000000  0.10000000  1.56095326
 1.30000000  0.15000000  1.52229713
 1.30000000  0.20000000  1.36255420
 1.30000000  0.25000000  1.10326549
 1.30000000  0.30000000  0.76998122
 1.30000000  0.35000000  0.40309622
 1.30000000  0.40000000  0.04927540
 1.30000000  0.45000000 -0.25462068
 1.30000000  0.50000000 -0.50440224
 1.30000000  0.55000000 -0.68985654
 1.30000000  0.60000000 -0.82298935
 1.30000000  0.65000000 -0.94612760
 1.30000000  0.70000000 -1.03273037
 1.30000000  0.75000000 -1.08937373
 1.30000000  0.80000000 -1.10402209
 1.30000000  0.85000000 -1.06710372
 1.30000000  0.90000000 -0.96880721
 1.30000000  0.95000000 -0.80644044
 1.30000000  1.00000000 -0.59892677
 1.30000000  1.05000000 -0.35366932
 1.30000000  1.10000000 -0.11777464
 1.30000000  1.15000000  0.10347793
 1.30000000  1.20000000  0.27195254
 1.30000000  1.25000000  0.40786305
 1.30000000  1.30000000  0.50260568
 1.30000000  1.35000000  0.57278441
 1.30000000  1.40000000  0.65412259
 1.30000000  1.45000000  0.72199187
 1.30000000  1.50000000  0.78153178
 1.30000000  1.55000000  0.83502730
 1.30000000  1.60000000  0.85373778
 1.30000000  1.65000000  0.83972153
 1.30000000  1.70000000  0.80503844
 1.30000000  1.75000000  0.73970686
 1.30000000  1.80000000  0.66734415
 1.30000000  1.85000000  0.57791822
 1.30000000  1.90000000  0.46032973
 1.30000000  1.95000000  0.32415080
 1.30000000  2.00000000  0.15977962
 1.30000000  2.05000000 -0.03732853
 1.30000000  2.10000000 -0.23662542
 1.30000000  2.15000000 -0.45375085
 1.30000000  2.20000000 -0.64504726
 1.35000000 -0.25000000 -0.29320293
 1.35000000 -0.20000000 -0.01568290
 1.35000000 -0.15000000  0.27044289
 1.35000000 -0.10000000  0.54543441
 1.35000000 -0.05000000  0.79613829
 1.35000000  0.00000000  1.03360499
 1.35000000  0.05000000  1.20838686
 1.35000000  0.10000000  1.32252397
 1.35000000  0.15000000  1.33459556
 1.35000000  0.20000000  1.23058890
 1.35000000  0.25000000  1.03190867
 1.35000000  0.30000000  0.74196978
 1.35000000  0.35000000  0.41221799
 1.35000000  0.40000000  0.06756466
 1.35000000  0.45000000 -0.25289019
 1.35000000  0.50000000 -0.53295908
 1.35000000  0.55000000 -0.77159539
 1.35000000  0.60000000 -0.97778977
 1.35000000  0.65000000 -1.16301004
 1.35000000  0.70000000 -1.31604647
 1.35000000  0.75000000 -1.41762591
 1.35000000  0.80000000 -1.45596646
 1.35000000  0.85000000 -1.40011227
 1.35000000  0.90000000 -1.24433615
 1.35000000  0.95000000 -1.01553189
 1.35000000  1.00000000 -0.70378203
 1.35000000  1.05000000 -0.37149978
 1.35000000  1.10000000 -0.06182448
 1.35000000  1.15000000  0.21351443
 1.35000000  1.20000000  0.43034180
 1.35000000  1.25000000  0.58273220
 1.35000000  1.30000000  0.69227143
 1.35000000  1.35000000  0.76613667
 1.35000000  1.40000000  0.83986675
 1.35000000  1.45000000  0.90964317
 1.35000000  1.50000000  0.97938659
 1.35000000  1.55000000  1.04066917
 1.35000000  1.60000000  1.07584798
 1.35000000  1.65000000  1.10809491
 1.35000000  1.70000000  1.10370926
 1.35000000  1.75000000  1.09469018
 1.35000000  1.80000000  1.07648179
 1.35000000  1.85000000  1.01781586
 1.35000000  1.90000000  0.91947197
 1.35000000  1.95000000  0.77403352
 1.35000000  2.00000000  0.55582049
 1.35000000  2.05000000  0.30787361
 1.35000000  2.10000000  0.01910163
 1.35000000  2.15000000 -0.27761795
 1.35000000  2.20000000 -0.54905392
 1.40000000 -0.25000000 -0.43638218
 1.40000000 -0.20000000 -0.21037742
 1.40000000 -0.15000000  0.02727483
 1.40000000 -0.10000000  0.27198288
 1.40000000 -0.05000000  0.52450855
 1.40000000  0.00000000  0.75556086
 1.40000000  0.05000000  0.95805180
 1.40000000  0.10000000  1.11641514
 1.40000000  0.15000000  1.17800179
 1.40000000  0.20000000  1.13792458
 1.40000000  0.25000000  0.98454361
 1.40000000  0.30000000  0.74411042
 1.40000000  0.35000000  0.44232090
 1.40000000  0.40000000  0.12266632
 1.40000000  0.45000000 -0.18832493
 1.40000000  0.50000000 -0.48386882
 1.40000000  0.55000000 -0.75744749
 1.40000000  0.60000000 -1.01281303
 1.40000000  0.65000000 -1.24688743
 1.40000000  0.70000000 -1.46016669
 1.40000000  0.75000000 -1.61783454
 1.40000000  0.80000000 -1.68201686
 1.40000000  0.85000000 -1.62113967
 1.40000000  0.90000000 -1.43679265
 1.40000000  0.95000000 -1.13462112
 1.40000000  1.00000000 -0.74894906
 1.40000000  1.05000000 -0.34782843
 1.40000000  1.10000000  0.03902956
 1.40000000  1.15000000  0.36426327
 1.40000000  1.20000000  0.60390764
 1.40000000  1.25000000  0.76864611
 1.40000000  1.30000000  0.86916800
 1.40000000  1.35000000  0.94278845
 1.40000000  1.40000000  0.99021528
 1.40000000  1.45000000  1.05010581
 1.40000000  1.50000000  1.10570449
 1.40000000  1.55000000  1.17012107
 1.40000000  1.60000000  1.21995722
 1.40000000  1.65000000  1.28005319
 1.40000000  1.70000000  1.32878753
 1.40000000  1.75000000  1.37624870
 1.40000000  1.80000000  1.41495236
 1.40000000  1.85000000  1.41661365
 1.40000000  1.90000000  1.34492322
 1.40000000  1.95000000  1.19115779
 1.40000000  2.00000000  0.95354676
 1.40000000  2.05000000  0.64122445
 1.40000000  2.10000000  0.27337641
 1.40000000  2.15000000 -0.09466943
 1.40000000  2.20000000 -0.44682614
 1.45000000 -0.25000000 -0.57146037
 1.45000000 -0.20000000 -0.38937256
 1.45000000 -0.15000000 -0.18999298
 1.45000000 -0.10000000  0.03638805
 1.45000000 -0.05000000  0.29204318
 1.45000000  0.00000000  0.54091422
 1.45000000  0.05000000  0.78817600
 1.45000000  0.10000000  0.97988905
 1.45000000  0.15000000  1.09428810
 1.45000000  0.20000000  1.09643359
 1.45000000  0.25000000  0.99842059
 1.45000000  0.30000000  0.79179651
 1.45000000  0.35000000  0.52619957
 1.45000000  0.40000000  0.23161025
 1.45000000  0.45000000 -0.06408023
 1.45000000  0.50000000 -0.36444148
 1.45000000  0.55000000 -0.64532609
 1.45000000  0.60000000 -0.92355948
 1.45000000  0.65000000 -1.20161929
 1.45000000  0.70000000 -1.46365737
 1.45000000  0.75000000 -1.66460279
 1.45000000  0.80000000 -1.75661080
 1.45000000  0.85000000 -1.70821621
 1.45000000  0.90000000 -1.50647780
 1.45000000  0.95000000 -1.16613504
 1.45000000  1.00000000 -0.71715687
 1.45000000  1.05000000 -0.24405533
 1.45000000  1.10000000  0.19355702
 1.45000000  1.15000000  0.55878016
 1.45000000  1.20000000  0.81974056
 1.45000000  1.25000000  0.97326103
 1.45000000  1.30000000  1.06272092
 1.45000000  1.35000000  1.09552086
 1.45000000  1.40000000  1.11989498
 1.45000000  1.45000000  1.14791124
 1.45000000  1.50000000  1.18446659
 1.45000000  1.55000000  1.22626298
 1.45000000  1.60000000  1.28843056
 1.45000000  1.65000000  1.34673324
 1.45000000  1.70000000  1.44197750
 1.45000000  1.75000000  1.54533607
 1.45000000  1.80000000  1.64981047
 1.45000000  1.85000000  1.70589798
 1.45000000  1.90000000  1.67662173
 1.45000000  1.95000000  1.54682968
 1.45000000  2.00000000  1.29553796
 1.45000000  2.05000000  0.93682062
 1.45000000  2.10000000  0.51172866
 1.45000000  2.15000000  0.07516517
 1.45000000  2.20000000 -0.34305858
 1.50000000 -0.25000000 -0.69923347
 1.50000000 -0.20000000 -0.56137298
 1.50000000 -0.15000000 -0.37865810
 1.50000000 -0.10000000 -0.15622576
 1.50000000 -0.05000000  0.10462675
 1.50000000  0.00000000  0.39113836
 1.50000000  0.05000000  0.67449403
 1.50000000  0.10000000  0.91636157
 1.50000000  0.15000000  1.08047078
 1.50000000  0.20000000  1.12799861
 1.50000000  0.25000000  1.06284742
 1.50000000  0.30000000  0.89355610
 1.50000000  0.35000000  0.65537358
 1.50000000  0.40000000  0.37809370
 1.50000000  0.45000000  0.09479797
 1.50000000  0.50000000 -0.17916419
 1.50000000  0.55000000 -0.45917052
 1.50000000  0.60000000 -0.75219208
 1.50000000  0.65000000 -1.05348995
 1.50000000  0.70000000 -1.34867201
 1.50000000  0.75000000 -1.58219371
 1.50000000  0.80000000 -1.70746578
 1.50000000  0.85000000 -1.67189499
 1.50000000  0.90000000 -1.46079560
 1.50000000  0.95000000 -1.08544375
 1.50000000  1.00000000 -0.59770035
 1.50000000  1.05000000 -0.07609366
 1.50000000  1.10000000  0.40394592
 1.50000000  1.15000000  0.79224529
 1.50000000  1.20000000  1.05646015
 1.50000000  1.25000000  1.20105522
 1.50000000  1.30000000  1.25230648
 1.50000000  1.35000000  1.25374011
 1.50000000  1.40000000  1.23105054
 1.50000000  1.45000000  1.21447557
 1.50000000  1.50000000  1.21021955
 1.50000000  1.55000000  1.21610788
 1.50000000  1.60000000  1.26088703
 1.50000000  1.65000000  1.32932325
 1.50000000  1.70000000  1.44749602
 1.50000000  1.75000000  1.60094943
 1.50000000  1.80000000  1.74886080
 1.50000000  1.85000000  1.86917706
 1.50000000  1.90000000  1.89403771
 1.50000000  1.95000000  1.79289236
 1.50000000  2.00000000  1.54094545
 1.50000000  2.05000000  1.17494373
 1.50000000  2.10000000  0.71506998
 1.50000000  2.15000000  0.23076159
 1.50000000  2.20000000 -0.22393793
 1.55000000 -0.25000000 -0.81280365
 1.55000000 -0.20000000 -0.71030546
 1.55000000 -0.15000000 -0.54976829
 1.55000000 -0.10000000 -0.33172652
 1.55000000 -0.05000000 -0.04787579
 1.55000000  0.00000000  0.27517634
 1.55000000  0.05000000  0.60606482
 1.55000000  0.10000000  0.91071629
 1.55000000  0.15000000  1.11146623
 1.55000000  0.20000000  1.20481170
 1.55000000  0.25000000  1.17814969
 1.55000000  0.30000000  1.02625720
 1.55000000  0.35000000  0.80662021
 1.55000000  0.40000000  0.55095707
 1.55000000  0.45000000  0.29039149
 1.55000000  0.50000000  0.02682524
 1.55000000  0.55000000 -0.24757767
 1.55000000  0.60000000 -0.53261188
 1.55000000  0.65000000 -0.84660026
 1.55000000  0.70000000 -1.14754797
 1.55000000  0.75000000 -1.40704069
 1.55000000  0.80000000 -1.56335260
 1.55000000  0.85000000 -1.53776855
 1.55000000  0.90000000 -1.32581476
 1.55000000  0.95000000 -0.93236158
 1.55000000  1.00000000 -0.41643047
 1.55000000  1.05000000  0.13939069
 1.55000000  1.10000000  0.64344447
 1.55000000  1.15000000  1.05201807
 1.55000000  1.20000000  1.31600793
 1.55000000  1.25000000  1.43312441
 1.55000000  1.30000000  1.44845897
 1.55000000  1.35000000  1.40546516
 1.55000000  1.40000000  1.33207711
 1.55000000  1.45000000  1.25571260
 1.55000000  1.50000000  1.19286038
 1.55000000  1.55000000  1.16316694
 1.55000000  1.60000000  1.17292193
 1.55000000  1.65000000  1.23915399
 1.55000000  1.70000000  1.36017764
 1.55000000  1.75000000  1.53530640
 1.55000000  1.80000000  1.74447792
 1.55000000  1.85000000  1.91285302
 1.55000000  1.90000000  1.98892630
 1.55000000  1.95000000  1.92776888
 1.55000000  2.00000000  1.70515692
 1.55000000  2.05000000  1.33771055
 1.55000000  2.10000000  0.87688231
 1.55000000  2.15000000  0.37311281
 1.55000000  2.20000000 -0.11130755
 1.60000000 -0.25000000 -0.89002790
 1.60000000 -0.20000000 -0.84417597
 1.60000000 -0.15000000 -0.70879908
 1.60000000 -0.10000000 -0.49255652
 1.60000000 -0.05000000 -0.18861974
 1.60000000  0.00000000  0.17918374
 1.60000000  0.05000000  0.56304270
 1.60000000  0.10000000  0.91398926
 1.60000000  0.15000000  1.17495365
 1.60000000  0.20000000  1.31123705
 1.60000000  0.25000000  1.31664561
 1.60000000  0.30000000  1.18299319
 1.60000000  0.35000000  0.98065832
 1.60000000  0.40000000  0.72984283
 1.60000000  0.45000000  0.47625547
 1.60000000  0.50000000  0.22070388
 1.60000000  0.55000000 -0.03613332
 1.60000000  0.60000000 -0.31276683
 1.60000000  0.65000000 -0.62380760
 1.60000000  0.70000000 -0.93383061
 1.60000000  0.75000000 -1.20886176
 1.60000000  0.80000000 -1.36563323
 1.60000000  0.85000000 -1.35157371
 1.60000000  0.90000000 -1.13123048
 1.60000000  0.95000000 -0.73372238
 1.60000000  1.00000000 -0.19933462
 1.60000000  1.05000000  0.38045767
 1.60000000  1.10000000  0.89480721
 1.60000000  1.15000000  1.29691306
 1.60000000  1.20000000  1.54489337
 1.60000000  1.25000000  1.63537553
 1.60000000  1.30000000  1.61024644
 1.60000000  1.35000000  1.51288419
 1.60000000  1.40000000  1.39840132
 1.60000000  1.45000000  1.26634080
 1.60000000  1.50000000  1.15706969
 1.60000000  1.55000000  1.08288744
 1.60000000  1.60000000  1.04424712
 1.60000000  1.65000000  1.09024323
 1.60000000  1.70000000  1.22087845
 1.60000000  1.75000000  1.41504760
 1.60000000  1.80000000  1.65325900
 1.60000000  1.85000000  1.86609605
 1.60000000  1.90000000  1.98650140
 1.60000000  1.95000000  1.96583196
 1.60000000  2.00000000  1.78299960
 1.60000000  2.05000000  1.43979907
 1.60000000  2.10000000  0.98987698
 1.60000000  2.15000000  0.49630806
 1.60000000  2.20000000  0.03320482
 1.65000000 -0.25000000 -0.93473324
 1.65000000 -0.20000000 -0.93660303
 1.65000000 -0.15000000 -0.83629163
 1.65000000 -0.10000000 -0.62611959
 1.65000000 -0.05000000 -0.31094323
 1.65000000  0.00000000  0.08832395
 1.65000000  0.05000000  0.52235036
 1.65000000  0.10000000  0.92492712
 1.65000000  0.15000000  1.24218723
 1.65000000  0.20000000  1.41092716
 1.65000000  0.25000000  1.43886429
 1.65000000  0.30000000  1.33365960
 1.65000000  0.35000000  1.12263774
 1.65000000  0.40000000  0.88047799
 1.65000000  0.45000000  0.62154001
 1.65000000  0.50000000  0.37688697
 1.65000000  0.55000000  0.13142908
 1.65000000  0.60000000 -0.14408917
 1.65000000  0.65000000 -0.44843698
 1.65000000  0.70000000 -0.74814190
 1.65000000  0.75000000 -1.02321905
 1.65000000  0.80000000 -1.18619456
 1.65000000  0.85000000 -1.15886889
 1.65000000  0.90000000 -0.93658374
 1.65000000  0.95000000 -0.51644818
 1.65000000  1.00000000  0.02311176
 1.65000000  1.05000000  0.59639387
 1.65000000  1.10000000  1.10488463
 1.65000000  1.15000000  1.48430566
 1.65000000  1.20000000  1.70174718
 1.65000000  1.25000000  1.76213285
 1.65000000  1.30000000  1.70209474
 1.65000000  1.35000000  1.56653185
 1.65000000  1.40000000  1.39816319
 1.65000000  1.45000000  1.22761592
 1.65000000  1.50000000  1.08410622
 1.65000000  1.55000000  0.96828964
 1.65000000  1.60000000  0.91013632
 1.65000000  1.65000000  0.92512558
 1.65000000  1.70000000  1.03680698
 1.65000000  1.75000000  1.24850442
 1.65000000  1.80000000  1.49813547
 1.65000000  1.85000000  1.74524968
 1.65000000  1.90000000  1.90477338
 1.65000000  1.95000000  1.93821885
 1.65000000  2.00000000  1.78239905
 1.65000000  2.05000000  1.49279017
 1.65000000  2.10000000  1.07625035
 1.65000000  2.15000000  0.62091382
 1.65000000  2.20000000  0.17841410
 1.70000000 -0.25000000 -0.91519961
 1.70000000 -0.20000000 -0.97181914
 1.70000000 -0.15000000 -0.91861296
 1.70000000 -0.10000000 -0.73660547
 1.70000000 -0.05000000 -0.41542039
 1.70000000  0.00000000  0.00936385
 1.70000000  0.05000000  0.47762490
 1.70000000  0.10000000  0.92043226
 1.70000000  0.15000000  1.27470747
 1.70000000  0.20000000  1.48138307
 1.70000000  0.25000000  1.52498891
 1.70000000  0.30000000  1.42780038
 1.70000000  0.35000000  1.22968513
 1.70000000  0.40000000  0.97746540
 1.70000000  0.45000000  0.70937979
 1.70000000  0.50000000  0.46798128
 1.70000000  0.55000000  0.21803059
 1.70000000  0.60000000 -0.05576956
 1.70000000  0.65000000 -0.35353060
 1.70000000  0.70000000 -0.65567320
 1.70000000  0.75000000 -0.90726688
 1.70000000  0.80000000 -1.05309082
 1.70000000  0.85000000 -1.01781503
 1.70000000  0.90000000 -0.77645543
 1.70000000  0.95000000 -0.35110720
 1.70000000  1.00000000  0.17725821
 1.70000000  1.05000000  0.73426158
 1.70000000  1.10000000  1.21864660
 1.70000000  1.15000000  1.56802494
 1.70000000  1.20000000  1.75263991
 1.70000000  1.25000000  1.77980623
 1.70000000  1.30000000  1.68753080
 1.70000000  1.35000000  1.51160814
 1.70000000  1.40000000  1.32328493
 1.70000000  1.45000000  1.12169293
 1.70000000  1.50000000  0.95039312
 1.70000000  1.55000000  0.80985383
 1.70000000  1.60000000  0.72949583
 1.70000000  1.65000000  0.72661657
 1.70000000  1.70000000  0.83283463
 1.70000000  1.75000000  1.04034634
 1.70000000  1.80000000  1.30963034
 1.70000000  1.85000000  1.58119504
 1.70000000  1.90000000  1.78056522
 1.70000000  1.95000000  1.84037358
 1.70000000  2.00000000  1.73891775
 1.70000000  2.05000000  1.48341402
 1.70000000  2.10000000  1.12030578
 1.70000000  2.15000000  0.72292685
 1.70000000  2.20000000  0.33753115
 1.75000000 -0.25000000 -0.80882907
 1.75000000 -0.20000000 -0.93515992
 1.75000000 -0.15000000 -0.92965891
 1.75000000 -0.10000000 -0.77812667
 1.75000000 -0.05000000 -0.46666223
 1.75000000  0.00000000 -0.03962905
 1.75000000  0.05000000  0.44886983
 1.75000000  0.10000000  0.91036323
 1.75000000  0.15000000  1.28161908
 1.75000000  0.20000000  1.50746389
 1.75000000  0.25000000  1.56559804
 1.75000000  0.30000000  1.46798879
 1.75000000  0.35000000  1.26458124
 1.75000000  0.40000000  0.99705058
 1.75000000  0.45000000  0.72537423
 1.75000000  0.50000000  0.46182461
 1.75000000  0.55000000  0.19720238
 1.75000000  0.60000000 -0.08400568
 1.75000000  0.65000000 -0.38905276
 1.75000000  0.70000000 -0.66974203
 1.75000000  0.75000000 -0.90350253
 1.75000000  0.80000000 -1.01993389
 1.75000000  0.85000000 -0.95433683
 1.75000000  0.90000000 -0.69459285
 1.75000000  0.95000000 -0.28014053
 1.75000000  1.00000000  0.23859555
 1.75000000  1.05000000  0.76484575
 1.75000000  1.10000000  1.20030301
 1.75000000  1.15000000  1.50259126
 1.75000000  1.20000000  1.63788215
 1.75000000  1.25000000  1.63782569
 1.75000000  1.30000000  1.51534542
 1.75000000  1.35000000  1.33684201
 1.75000000  1.40000000  1.12805718
 1.75000000  1.45000000  0.93341126
 1.75000000  1.50000000  0.74006877
 1.75000000  1.55000000  0.58496983
 1.75000000  1.60000000  0.50254993
 1.75000000  1.65000000  0.49902526
 1.75000000  1.70000000  0.60359791
 1.75000000  1.75000000  0.81190814
 1.75000000  1.80000000  1.09181061
 1.75000000  1.85000000  1.38290357
 1.75000000  1.90000000  1.61041881
 1.75000000  1.95000000  1.69963646
 1.75000000  2.00000000  1.64338345
 1.75000000  2.05000000  1.43934688
 1.75000000  2.10000000  1.13405689
 1.75000000  2.15000000  0.78390089
 1.75000000  2.20000000  0.47579056
 1.80000000 -0.25000000 -0.64176066
 1.80000000 -0.20000000 -0.81449220
 1.80000000 -0.15000000 -0.85135676
 1.80000000 -0.10000000 -0.72844593
 1.80000000 -0.05000000 -0.43781946
 1.80000000  0.00000000 -0.01896827
 1.80000000  0.05000000  0.46170315
 1.80000000  0.10000000  0.91729402
 1.80000000  0.15000000  1.28623188
 1.80000000  0.20000000  1.49220127
 1.80000000  0.25000000  1.53780716
 1.80000000  0.30000000  1.42965997
 1.80000000  0.35000000  1.21700284
 1.80000000  0.40000000  0.93642142
 1.80000000  0.45000000  0.64837749
 1.80000000  0.50000000  0.36155979
 1.80000000  0.55000000  0.06756842
 1.80000000  0.60000000 -0.23326189
 1.80000000  0.65000000 -0.53139687
 1.80000000  0.70000000 -0.81090246
 1.80000000  0.75000000 -1.02129369
 1.80000000  0.80000000 -1.09942252
 1.80000000  0.85000000 -1.00414555
 1.80000000  0.90000000 -0.73818214
 1.80000000  0.95000000 -0.31046918
 1.80000000  1.00000000  0.17382692
 1.80000000  1.05000000  0.64901364
 1.80000000  1.10000000  1.03965600
 1.80000000  1.15000000  1.28702882
 1.80000000  1.20000000  1.38202581
 1.80000000  1.25000000  1.33941630
 1.80000000  1.30000000  1.20229202
 1.80000000  1.35000000  1.02955272
 1.80000000  1.40000000  0.82038194
 1.80000000  1.45000000  0.62243646
 1.80000000  1.50000000  0.44215434
 1.80000000  1.55000000  0.30360825
 1.80000000  1.60000000  0.21948643
 1.80000000  1.65000000  0.22824347
 1.80000000  1.70000000  0.34355248
 1.80000000  1.75000000  0.56776042
 1.80000000  1.80000000  0.86095389
 1.80000000  1.85000000  1.16433459
 1.80000000  1.90000000  1.42021564
 1.80000000  1.95000000  1.53452879
 1.80000000  2.00000000  1.50628069
 1.80000000  2.05000000  1.35317308
 1.80000000  2.10000000  1.10500525
 1.80000000  2.15000000  0.82858159
 1.80000000  2.20000000  0.57559875
 1.85000000 -0.25000000 -0.39471964
 1.85000000 -0.20000000 -0.59861756
 1.85000000 -0.15000000 -0.66690140
 1.85000000 -0.10000000 -0.56838789
 1.85000000 -0.05000000 -0.29795893
 1.85000000  0.00000000  0.08925441
 1.85000000  0.05000000  0.53675775
 1.85000000  0.10000000  0.96311739
 1.85000000  0.15000000  1.27558924
 1.85000000  0.20000000  1.46313781
 1.85000000  0.25000000  1.46488295
 1.85000000  0.30000000  1.33340851
 1.85000000  0.35000000  1.09740584
 1.85000000  0.40000000  0.80471662
 1.85000000  0.45000000  0.49182641
 1.85000000  0.50000000  0.16852044
 1.85000000  0.55000000 -0.14793328
 1.85000000  0.60000000 -0.48003245
 1.85000000  0.65000000 -0.79366242
 1.85000000  0.70000000 -1.06881239
 1.85000000  0.75000000 -1.25431748
 1.85000000  0.80000000 -1.29703057
 1.85000000  0.85000000 -1.16567748
 1.85000000  0.90000000 -0.87346875
 1.85000000  0.95000000 -0.46150333
 1.85000000  1.00000000 -0.00081922
 1.85000000  1.05000000  0.42153191
 1.85000000  1.10000000  0.74767420
 1.85000000  1.15000000  0.93453401
 1.85000000  1.20000000  0.97962735
 1.85000000  1.25000000  0.91204514
 1.85000000  1.30000000  0.77258293
 1.85000000  1.35000000  0.59504127
 1.85000000  1.40000000  0.41158501
 1.85000000  1.45000000  0.23136342
 1.85000000  1.50000000  0.07177456
 1.85000000  1.55000000 -0.05414961
 1.85000000  1.60000000 -0.10473451
 1.85000000  1.65000000 -0.08241998
 1.85000000  1.70000000  0.06161931
 1.85000000  1.75000000  0.31090613
 1.85000000  1.80000000  0.62854111
 1.85000000  1.85000000  0.95374588
 1.85000000  1.90000000  1.21570384
 1.85000000  1.95000000  1.35734586
 1.85000000  2.00000000  1.35827975
 1.85000000  2.05000000  1.23885873
 1.85000000  2.10000000  1.03746294
 1.85000000  2.15000000  0.81695665
 1.85000000  2.20000000  0.63472809
 1.90000000 -0.25000000 -0.08553047
 1.90000000 -0.20000000 -0.30578012
 1.90000000 -0.15000000 -0.38477713
 1.90000000 -0.10000000 -0.30786124
 1.90000000 -0.05000000 -0.07545482
 1.90000000  0.00000000  0.27529594
 1.90000000  0.05000000  0.67321959
 1.90000000  0.10000000  1.03557854
 1.90000000  0.15000000  1.29535759
 1.90000000  0.20000000  1.40355165
 1.90000000  0.25000000  1.36454713
 1.90000000  0.30000000  1.19312138
 1.90000000  0.35000000  0.93361959
 1.90000000  0.40000000  0.61797509
 1.90000000  0.45000000  0.28984239
 1.90000000  0.50000000 -0.06735271
 1.90000000  0.55000000 -0.42504706
 1.90000000  0.60000000 -0.78517708
 1.90000000  0.65000000 -1.11901369
 1.90000000  0.70000000 -1.40131062
 1.90000000  0.75000000 -1.55549466
 1.90000000  0.80000000 -1.57202269
 1.90000000  0.85000000 -1.40449709
 1.90000000  0.90000000 -1.08565629
 1.90000000  0.95000000 -0.67557785
 1.90000000  1.00000000 -0.24413725
 1.90000000  1.05000000  0.11974781
 1.90000000  1.10000000  0.38413780
 1.90000000  1.15000000  0.51040319
 1.90000000  1.20000000  0.51468842
 1.90000000  1.25000000  0.42176951
 1.90000000  1.30000000  0.26687477
 1.90000000  1.35000000  0.10027628
 1.90000000  1.40000000 -0.06360616
 1.90000000  1.45000000 -0.21448041
 1.90000000  1.50000000 -0.34909377
 1.90000000  1.55000000 -0.43750045
 1.90000000  1.60000000 -0.46181968
 1.90000000  1.65000000 -0.39235421
 1.90000000  1.70000000 -0.21495811
 1.90000000  1.75000000  0.06595890
 1.90000000  1.80000000  0.40778891
 1.90000000  1.85000000  0.75987906
 1.90000000  1.90000000  1.03930821
 1.90000000  1.95000000  1.20198356
 1.90000000  2.00000000  1.21308713
 1.90000000  2.05000000  1.12449045
 1.90000000  2.10000000  0.96005529
 1.90000000  2.15000000  0.80303409
 1.90000000  2.20000000  0.65726449
 1.95000000 -0.25000000  0.23596060
 1.95000000 -0.20000000  0.02940288
 1.95000000 -0.15000000 -0.04944218
 1.95000000 -0.10000000  0.02177074
 1.95000000 -0.05000000  0.22943668
 1.95000000  0.00000000  0.53609051
 1.95000000  0.05000000  0.86391142
 1.95000000  0.10000000  1.14181483
 1.95000000  0.15000000  1.32289428
 1.95000000  0.20000000  1.35445337
 1.95000000  0.25000000  1.24915355
 1.95000000  0.30000000  1.04287840
 1.95000000  0.35000000  0.75929508
 1.95000000  0.40000000  0.42992162
 1.95000000  0.45000000  0.06506871
 1.95000000  0.50000000 -0.31199604
 1.95000000  0.55000000 -0.70458877
 1.95000000  0.60000000 -1.11072893
 1.95000000  0.65000000 -1.46717626
 1.95000000  0.70000000 -1.74646740
 1.95000000  0.75000000 -1.88940424
 1.95000000  0.80000000 -1.86114088
 1.95000000  0.85000000 -1.66453684
 1.95000000  0.90000000 -1.32173202
 1.95000000  0.95000000 -0.90444289
 1.95000000  1.00000000 -0.49886634
 1.95000000  1.05000000 -0.16722621
 1.95000000  1.10000000  0.03474482
 1.95000000  1.15000000  0.10593437
 1.95000000  1.20000000  0.05036373
 1.95000000  1.25000000 -0.06897147
 1.95000000  1.30000000 -0.22712511
 1.95000000  1.35000000 -0.38869862
 1.95000000  1.40000000 -0.53892417
 1.95000000  1.45000000 -0.66503637
 1.95000000  1.50000000 -0.76515005
 1.95000000  1.55000000 -0.82100394
 1.95000000  1.60000000 -0.79844192
 1.95000000  1.65000000 -0.68823716
 1.95000000  1.70000000 -0.45661706
 1.95000000  1.75000000 -0.14024514
 1.95000000  1.80000000  0.24231584
 1.95000000  1.85000000  0.61549934
 1.95000000  1.90000000  0.91011644
 1.95000000  1.95000000  1.08203377
 1.95000000  2.00000000  1.11326930
 1.95000000  2.05000000  1.03614998
 1.95000000  2.10000000  0.90940135
 1.95000000  2.15000000  0.78143519
 1.95000000  2.20000000  0.70103613
 2.00000000 -0.25000000  0.52807136
 2.00000000 -0.20000000  0.36159696
 2.00000000 -0.15000000  0.29851012
 2.00000000 -0.10000000  0.37133239
 2.00000000 -0.05000000  0.55534274
 2.00000000  0.00000000  0.81500894
 2.00000000  0.05000000  1.06844656
 2.00000000  0.10000000  1.26796637
 2.00000000  0.15000000  1.34388734
 2.00000000  0.20000000  1.30284928
 2.00000000  0.25000000  1.14997213
 2.00000000  0.30000000  0.90446849
 2.00000000  0.35000000  0.59720556
 2.00000000  0.40000000  0.25727298
 2.00000000  0.45000000 -0.11225999
 2.00000000  0.50000000 -0.51739262
 2.00000000  0.55000000 -0.94585581
 2.00000000  0.60000000 -1.37105931
 2.00000000  0.65000000 -1.75348210
 2.00000000  0.70000000 -2.03227108
 2.00000000  0.75000000 -2.16391680
 2.00000000  0.80000000 -2.11018153
 2.00000000  0.85000000 -1.87213551
 2.00000000  0.90000000 -1.50421357
 2.00000000  0.95000000 -1.07303974
 2.00000000  1.00000000 -0.68422246
 2.00000000  1.05000000 -0.39015089
 2.00000000  1.10000000 -0.23654098
 2.00000000  1.15000000 -0.21711773
 2.00000000  1.20000000 -0.31319243
 2.00000000  1.25000000 -0.46776712
 2.00000000  1.30000000 -0.64309697
 2.00000000  1.35000000 -0.80994394
 2.00000000  1.40000000 -0.95525144
 2.00000000  1.45000000 -1.05503679
 2.00000000  1.50000000 -1.12406777
 2.00000000  1.55000000 -1.13727030
 2.00000000  1.60000000 -1.07477918
 2.00000000  1.65000000 -0.90765793
 2.00000000  1.70000000 -0.63377864
 2.00000000  1.75000000 -0.26250476
 2.00000000  1.80000000  0.14682454
 2.00000000  1.85000000  0.54997744
 2.00000000  1.90000000  0.85886333
 2.00000000  1.95000000  1.03630667
 2.00000000  2.00000000  1.07516728
 2.00000000  2.05000000  1.01762060
 2.00000000  2.10000000  0.91883882
 2.00000000  2.15000000  0.82865312
 2.00000000  2.20000000  0.77900604
 2.05000000 -0.25000000  0.77474688
 2.05000000 -0.20000000  0.63358252
 2.05000000 -0.15000000  0.59624668
 2.05000000 -0.10000000  0.68532911
 2.05000000 -0.05000000  0.84041864
 2.05000000  0.00000000  1.04823608
 2.05000000  0.05000000  1.23895149
 2.05000000  0.10000000  1.35640379
 2.05000000  0.15000000  1.36427094
 2.05000000  0.20000000  1.26128180
 2.05000000  0.25000000  1.06105490
 2.05000000  0.30000000  0.79114563
 2.05000000  0.35000000  0.48377691
 2.05000000  0.40000000  0.15140186
 2.05000000  0.45000000 -0.22381356
 2.05000000  0.50000000 -0.64067021
 2.05000000  0.55000000 -1.09312711
 2.05000000  0.60000000 -1.54050266
 2.05000000  0.65000000 -1.93831057
 2.05000000  0.70000000 -2.22112593
 2.05000000  0.75000000 -2.33260987
 2.05000000  0.80000000 -2.23965825
 2.05000000  0.85000000 -1.96414943
 2.05000000  0.90000000 -1.56755819
 2.05000000  0.95000000 -1.12435350
 2.05000000  1.00000000 -0.73884320
 2.05000000  1.05000000 -0.46868392
 2.05000000  1.10000000 -0.34721572
 2.05000000  1.15000000 -0.38688582
 2.05000000  1.20000000 -0.52422350
 2.05000000  1.25000000 -0.71433228
 2.05000000  1.30000000 -0.92308553
 2.05000000  1.35000000 -1.10636493
 2.05000000  1.40000000 -1.24474978
 2.05000000  1.45000000 -1.33311162
 2.05000000  1.50000000 -1.37566265
 2.05000000  1.55000000 -1.35485321
 2.05000000  1.60000000 -1.24635846
 2.05000000  1.65000000 -1.03609611
 2.05000000  1.70000000 -0.71009307
 2.05000000  1.75000000 -0.29792378
 2.05000000  1.80000000  0.15118175
 2.05000000  1.85000000  0.56871588
 2.05000000  1.90000000  0.88655224
 2.05000000  1.95000000  1.08228843
 2.05000000  2.00000000  1.13991661
 2.05000000  2.05000000  1.10177050
 2.05000000  2.10000000  1.02547559
 2.05000000  2.15000000  0.95702232
 2.05000000  2.20000000  0.92595314
 2.10000000 -0.25000000  0.92313969
 2.10000000 -0.20000000  0.80977208
 2.10000000 -0.15000000  0.81151580
 2.10000000 -0.10000000  0.89794060
 2.10000000 -0.05000000  1.05107777
 2.10000000  0.00000000  1.21813158
 2.10000000  0.05000000  1.35229799
 2.10000000  0.10000000  1.40606360
 2.10000000  0.15000000  1.34925879
 2.10000000  0.20000000  1.20200833
 2.10000000  0.25000000  0.98388519
 2.10000000  0.30000000  0.71763570
 2.10000000  0.35000000  0.42739036
 2.10000000  0.40000000  0.11032839
 2.10000000  0.45000000 -0.24644826
 2.10000000  0.50000000 -0.66510436
 2.10000000  0.55000000 -1.11768497
 2.10000000  0.60000000 -1.58779533
 2.10000000  0.65000000 -1.97967908
 2.10000000  0.70000000 -2.25541063
 2.10000000  0.75000000 -2.33607114
 2.10000000  0.80000000 -2.21874238
 2.10000000  0.85000000 -1.90232657
 2.10000000  0.90000000 -1.47318031
 2.10000000  0.95000000 -1.01933492
 2.10000000  1.00000000 -0.63234249
 2.10000000  1.05000000 -0.38869565
 2.10000000  1.10000000 -0.30974729
 2.10000000  1.15000000 -0.37998961
 2.10000000  1.20000000 -0.56257856
 2.10000000  1.25000000 -0.80157701
 2.10000000  1.30000000 -1.03791010
 2.10000000  1.35000000 -1.23569925
 2.10000000  1.40000000 -1.38656106
 2.10000000  1.45000000 -1.47049674
 2.10000000  1.50000000 -1.49502087
 2.10000000  1.55000000 -1.44278305
 2.10000000  1.60000000 -1.29430938
 2.10000000  1.65000000 -1.04256664
 2.10000000  1.70000000 -0.67574832
 2.10000000  1.75000000 -0.24089723
 2.10000000  1.80000000  0.22603727
 2.10000000  1.85000000  0.67203306
 2.10000000  1.90000000  1.00370010
 2.10000000  1.95000000  1.21846032
 2.10000000  2.00000000  1.28803881
 2.10000000  2.05000000  1.27665359
 2.10000000  2.10000000  1.22285659
 2.10000000  2.15000000  1.16811420
 2.10000000  2.20000000  1.13907117
 2.15000000 -0.25000000  0.96426672
 2.15000000 -0.20000000  0.88824344
 2.15000000 -0.15000000  0.90184170
 2.15000000 -0.10000000  1.00374925
 2.15000000 -0.05000000  1.14586852
 2.15000000  0.00000000  1.28698034
 2.15000000  0.05000000  1.37622197
 2.15000000  0.10000000  1.38428807
 2.15000000  0.15000000  1.29326694
 2.15000000  0.20000000  1.13222837
 2.15000000  0.25000000  0.91663859
 2.15000000  0.30000000  0.66412725
 2.15000000  0.35000000  0.41783843
 2.15000000  0.40000000  0.12823679
 2.15000000  0.45000000 -0.21216964
 2.15000000  0.50000000 -0.60685689
 2.15000000  0.55000000 -1.04853080
 2.15000000  0.60000000 -1.50063977
 2.15000000  0.65000000 -1.88772783
 2.15000000  0.70000000 -2.12851062
 2.15000000  0.75000000 -2.18623015
 2.15000000  0.80000000 -2.02780299
 2.15000000  0.85000000 -1.68419312
 2.15000000  0.90000000 -1.23253937
 2.15000000  0.95000000 -0.76720169
 2.15000000  1.00000000 -0.38035323
 2.15000000  1.05000000 -0.15859094
 2.15000000  1.10000000 -0.10640435
 2.15000000  1.15000000 -0.22059301
 2.15000000  1.20000000 -0.45003127
 2.15000000  1.25000000 -0.72611337
 2.15000000  1.30000000 -0.99707454
 2.15000000  1.35000000 -1.23615441
 2.15000000  1.40000000 -1.37986286
 2.15000000  1.45000000 -1.48603733
 2.15000000  1.50000000 -1.49543900
 2.15000000  1.55000000 -1.42035766
 2.15000000  1.60000000 -1.23609940
 2.15000000  1.65000000 -0.95302538
 2.15000000  1.70000000 -0.56692602
 2.15000000  1.75000000 -0.10228050
 2.15000000  1.80000000  0.38313121
 2.15000000  1.85000000  0.82633104
 2.15000000  1.90000000  1.18813328
 2.15000000  1.95000000  1.40670707
 2.15000000  2.00000000  1.50592167
 2.15000000  2.05000000  1.51018131
 2.15000000  2.10000000  1.47562500
 2.15000000  2.15000000  1.42973484
 2.15000000  2.20000000  1.39912019
 2.20000000 -0.25000000  0.90970929
 2.20000000 -0.20000000  0.85141104
 2.20000000 -0.15000000  0.87816079
 2.20000000 -0.10000000  0.98891355
 2.20000000 -0.05000000  1.12219673
 2.20000000  0.00000000  1.23271683
 2.20000000  0.05000000  1.29359145
 2.20000000  0.10000000  1.27662068
 2.20000000  0.15000000  1.17688006
 2.20000000  0.20000000  1.01552432
 2.20000000  0.25000000  0.82907012
 2.20000000  0.30000000  0.62648817
 2.20000000  0.35000000  0.40730856
 2.20000000  0.40000000  0.17496042
 2.20000000  0.45000000 -0.12637388
 2.20000000  0.50000000 -0.48088583
 2.20000000  0.55000000 -0.88478631
 2.20000000  0.60000000 -1.30562184
 2.20000000  0.65000000 -1.66469620
 2.20000000  0.70000000 -1.86860062
 2.20000000  0.75000000 -1.88767953
 2.20000000  0.80000000 -1.70008195
 2.20000000  0.85000000 -1.32136966
 2.20000000  0.90000000 -0.86557247
 2.20000000  0.95000000 -0.40266849
 2.20000000  1.00000000 -0.03083615
 2.20000000  1.05000000  0.17314077
 2.20000000  1.10000000  0.18654439
 2.20000000  1.15000000  0.04150320
 2.20000000  1.20000000 -0.22296746
 2.20000000  1.25000000 -0.53907422
 2.20000000  1.30000000 -0.84942374
 2.20000000  1.35000000 -1.11051648
 2.20000000  1.40000000 -1.28724442
 2.20000000  1.45000000 -1.39023080
 2.20000000  1.50000000 -1.39641222
 2.20000000  1.55000000 -1.30512284
 2.20000000  1.60000000 -1.10867063
 2.20000000  1.65000000 -0.80741637
 2.20000000  1.70000000 -0.40002826
 2.20000000  1.75000000  0.07429317
 2.20000000  1.80000000  0.56920444
 2.20000000  1.85000000  1.02153966
 2.20000000  1.90000000  1.38236920
 2.20000000  1.95000000  1.61680567
 2.20000000  2.00000000  1.73413839
 2.20000000  2.05000000  1.75925278
 2.20000000  2.10000000  1.73862262
 2.20000000  2.15000000  1.70214285
 2.20000000  2.20000000  1.65342250
