LP
[0.038455971759084606, 0.79842984864307365, 0.83688582040215831, 1.5968596972861473, 1.635315669045232]
myqEI
[1.9527836020313201, 3.041484168625006, 5.3466508127881625, 7.9324505172123612, 10.834463766590329]
PE
[-0.26834740838564641, -1.1025429403173401, -1.9343571427186297, -1.1743832658346407, 1.7276299835433271]
BUCB
[2.9020132493779678, 4.0335699552655147, 6.1638233989030597, 8.7496231033272576, 10.702406705358577]
MLE H=4
[2.9020132493779678, 5.487812953802166, 8.3898262031801334, 10.975625907604332, 13.877639156982299]
H=1
[-0.26834740838564641, 0.23908672465337988, 3.1410999740313477, 4.2726566799188941, 6.4029101235564392]
H=2
[0.038455971759084606, 0.79842984864307365, 2.7512134506743937, 4.7726177280491839, 6.725401330080504]
H=3
[-0.26834740838564641, 0.23908672465337988, 3.1410999740313477, 4.8076917858762842, 7.1128584300394397]
LP
[1.9527836020313201, 1.4728868851914076, 1.7543305104574696, 1.2744337936175572, 1.5558774188836191]
myqEI
[0.038455971759084606, -1.0395103923219777, 1.0907430513155674, 2.7573348631605041, 2.1310950517874048]
PE
[2.9020132493779678, 4.0335699552655147, 2.9165688788557764, 3.6765427557397654, 6.5785560051177328]
BUCB
[0.038455971759084606, -1.0395103923219777, 1.0907430513155674, 2.6359015594278326, 2.3712914247807366]
MLE H=4
[2.9020132493779678, 5.487812953802166, 8.3898262031801334, 10.975625907604332, 13.877639156982299]
H=1
[-0.26834740838564641, 0.23908672465337988, 3.1410999740313477, 4.2726566799188941, 6.4029101235564392]
H=2
[0.038455971759084606, 0.79842984864307365, 2.7512134506743937, 4.7726177280491839, 6.725401330080504]
H=3
[-0.26834740838564641, 0.23908672465337988, 3.1410999740313477, 4.8076917858762842, 7.1128584300394397]
