Physical State
[[ 1.    1.05]
 [ 1.    1.1 ]
 [ 1.    1.15]
 [ 1.    1.2 ]]
Locations
[[ 1.    1.  ]
 [ 1.    0.95]
 [ 1.    0.9 ]
 [ 1.    0.85]
 [ 1.    0.8 ]
 [ 1.    0.85]
 [ 1.    0.9 ]
 [ 1.    0.95]
 [ 1.    1.  ]
 [ 1.    1.05]
 [ 1.    1.1 ]
 [ 1.    1.15]
 [ 1.    1.2 ]]
Measurements
[-0.09468722 -0.4296443  -0.67996952 -0.81780631 -0.83296254 -0.81780631
 -0.67996952 -0.4296443  -0.09468722  0.28166567  0.65464975  0.98969343
  1.26177424]
Total accumulated reward = -1.59470693008
Nodes expanded = -1