Physical State
[[ 1.    1.15]
 [ 1.    1.1 ]
 [ 1.    1.05]
 [ 1.    1.  ]]
Locations
[[ 1.    1.  ]
 [ 1.    1.05]
 [ 1.    1.1 ]
 [ 1.    1.15]
 [ 1.    1.2 ]
 [ 1.    1.25]
 [ 1.    1.3 ]
 [ 1.    1.35]
 [ 1.    1.4 ]
 [ 1.    1.35]
 [ 1.    1.3 ]
 [ 1.    1.25]
 [ 1.    1.2 ]
 [ 1.    1.15]
 [ 1.    1.1 ]
 [ 1.    1.05]
 [ 1.    1.  ]]
Measurements
[ 0.5656135   0.33646805  0.21674164  0.20529902  0.29405401  0.4355008
  0.60426926  0.70989899  0.74225775  0.70989899  0.60426926  0.4355008
  0.29405401  0.20529902  0.21674164  0.33646805  0.5656135 ]
Total accumulated reward = 6.91233477146
Nodes expanded = 6001