Physical State
[[ 1.    0.95]
 [ 1.    0.9 ]
 [ 1.    0.85]
 [ 1.    0.8 ]]
Locations
[[ 1.    1.  ]
 [ 1.    0.95]
 [ 1.    0.9 ]
 [ 1.    0.85]
 [ 1.    0.8 ]
 [ 1.    0.85]
 [ 1.    0.9 ]
 [ 1.    0.95]
 [ 1.    1.  ]
 [ 1.    0.95]
 [ 1.    0.9 ]
 [ 1.    0.85]
 [ 1.    0.8 ]
 [ 1.    0.85]
 [ 1.    0.9 ]
 [ 1.    0.95]
 [ 1.    1.  ]
 [ 1.    0.95]
 [ 1.    0.9 ]
 [ 1.    0.85]
 [ 1.    0.8 ]]
Measurements
[ 0.39174015  0.4801518   0.5861731   0.71524622  0.83771261  0.71524622
  0.5861731   0.4801518   0.39174015  0.4801518   0.5861731   0.71524622
  0.83771261  0.71524622  0.5861731   0.4801518   0.39174015  0.4801518
  0.5861731   0.71524622  0.83771261]
Total accumulated reward = 12.2044737492
Nodes expanded = -1.0