Physical State
[[ 1.    0.85]
 [ 1.    0.9 ]
 [ 1.    0.95]
 [ 1.    1.  ]]
Locations
[[ 1.    1.  ]
 [ 1.    0.95]
 [ 1.    0.9 ]
 [ 1.    0.85]
 [ 1.    0.8 ]
 [ 1.    0.85]
 [ 1.    0.9 ]
 [ 1.    0.95]
 [ 1.    1.  ]
 [ 1.    0.95]
 [ 1.    0.9 ]
 [ 1.    0.85]
 [ 1.    0.8 ]
 [ 1.    0.85]
 [ 1.    0.9 ]
 [ 1.    0.95]
 [ 1.    1.  ]]
Measurements
[ 0.39174015  0.4801518   0.5861731   0.71524622  0.83771261  0.71524622
  0.5861731   0.4801518   0.39174015  0.4801518   0.5861731   0.71524622
  0.83771261  0.71524622  0.5861731   0.4801518   0.39174015]
Total accumulated reward = 9.58519001769
Nodes expanded = -1.0