Physical State
[[ 1.    1.35]
 [ 1.    1.3 ]
 [ 1.    1.25]
 [ 1.    1.2 ]]
Locations
[[ 1.    1.  ]
 [ 1.    1.05]
 [ 1.    1.1 ]
 [ 1.    1.15]
 [ 1.    1.2 ]
 [ 1.    1.25]
 [ 1.    1.3 ]
 [ 1.    1.35]
 [ 1.    1.4 ]
 [ 1.    1.35]
 [ 1.    1.3 ]
 [ 1.    1.25]
 [ 1.    1.2 ]]
Measurements
[-0.57287335 -0.42500729 -0.22749731 -0.04074566  0.10655097  0.19142602
  0.19713283  0.11635202 -0.02390211  0.11635202  0.19713283  0.19142602
  0.10655097]
Total accumulated reward = 0.505771302537
Nodes expanded = -1