Physical State
[[ 1.15  1.4 ]
 [ 1.1   1.4 ]
 [ 1.05  1.4 ]
 [ 1.    1.4 ]]
Locations
[[ 1.    1.  ]
 [ 1.    1.05]
 [ 1.    1.1 ]
 [ 1.    1.15]
 [ 1.    1.2 ]
 [ 1.05  1.2 ]
 [ 1.1   1.2 ]
 [ 1.15  1.2 ]
 [ 1.2   1.2 ]
 [ 1.2   1.25]
 [ 1.2   1.3 ]
 [ 1.2   1.35]
 [ 1.2   1.4 ]
 [ 1.15  1.4 ]
 [ 1.1   1.4 ]
 [ 1.05  1.4 ]
 [ 1.    1.4 ]]
Measurements
[ 0.5656135   0.33646805  0.21674164  0.20529902  0.29405401  0.05258012
 -0.25692571 -0.62704252 -1.03678513 -0.9130503  -0.67768681 -0.38238808
 -0.10138728  0.08856181  0.29615744  0.51673979  0.74225775]
Total accumulated reward = -1.2464062141
Nodes expanded = -1.0