Physical State
[[ 1.    0.75]
 [ 1.    0.7 ]
 [ 1.    0.65]
 [ 1.    0.6 ]]
Locations
[[ 1.    1.  ]
 [ 1.    1.05]
 [ 1.    1.1 ]
 [ 1.    1.15]
 [ 1.    1.2 ]
 [ 1.    1.15]
 [ 1.    1.1 ]
 [ 1.    1.05]
 [ 1.    1.  ]
 [ 1.    0.95]
 [ 1.    0.9 ]
 [ 1.    0.85]
 [ 1.    0.8 ]
 [ 1.    0.75]
 [ 1.    0.7 ]
 [ 1.    0.65]
 [ 1.    0.6 ]]
Measurements
[ 0.39174015  0.30209275  0.17453192  0.0021096  -0.20620779  0.0021096
  0.17453192  0.30209275  0.39174015  0.4801518   0.5861731   0.71524622
  0.83771261  0.92367505  0.93120079  0.82502671  0.61879287]
Total accumulated reward = 7.06098006886
Nodes expanded = -1