Physical State
[[ 1.15  0.8 ]
 [ 1.1   0.8 ]
 [ 1.05  0.8 ]
 [ 1.    0.8 ]]
Locations
[[ 1.    1.  ]
 [ 1.05  1.  ]
 [ 1.1   1.  ]
 [ 1.15  1.  ]
 [ 1.2   1.  ]
 [ 1.2   0.95]
 [ 1.2   0.9 ]
 [ 1.2   0.85]
 [ 1.2   0.8 ]
 [ 1.2   0.75]
 [ 1.2   0.7 ]
 [ 1.2   0.65]
 [ 1.2   0.6 ]
 [ 1.2   0.65]
 [ 1.2   0.7 ]
 [ 1.2   0.75]
 [ 1.2   0.8 ]
 [ 1.15  0.8 ]
 [ 1.1   0.8 ]
 [ 1.05  0.8 ]
 [ 1.    0.8 ]]
Measurements
[ 0.33235771  0.21902674  0.10119739  0.02863632 -0.00336014  0.28825795
  0.57096165  0.81327728  1.02405907  1.19370503  1.35938765  1.52945385
  1.7303562   1.52945385  1.35938765  1.19370503  1.02405907  1.03649482
  1.0135924   0.9514575   0.85210995]
Total accumulated reward = 17.8152192712
Nodes expanded = 4