Physical State
[[ 1.05  1.  ]
 [ 1.1   1.  ]
 [ 1.15  1.  ]
 [ 1.2   1.  ]]
Locations
[[ 1.    1.  ]
 [ 1.05  1.  ]
 [ 1.1   1.  ]
 [ 1.15  1.  ]
 [ 1.2   1.  ]
 [ 1.15  1.  ]
 [ 1.1   1.  ]
 [ 1.05  1.  ]
 [ 1.    1.  ]
 [ 1.05  1.  ]
 [ 1.1   1.  ]
 [ 1.15  1.  ]
 [ 1.2   1.  ]]
Measurements
[-0.13806479  0.13538869  0.36340943  0.50793252  0.53657345  0.50793252
  0.36340943  0.13538869 -0.13806479  0.13538869  0.36340943  0.50793252
  0.53657345]
Total accumulated reward = 3.95527402265
Nodes expanded = -1.0