Physical State
[[ 0.8   0.35]
 [ 0.8   0.3 ]
 [ 0.8   0.25]
 [ 0.8   0.2 ]]
Locations
[[ 1.    1.  ]
 [ 1.    0.95]
 [ 1.    0.9 ]
 [ 1.    0.85]
 [ 1.    0.8 ]
 [ 1.    0.75]
 [ 1.    0.7 ]
 [ 1.    0.65]
 [ 1.    0.6 ]
 [ 0.95  0.6 ]
 [ 0.9   0.6 ]
 [ 0.85  0.6 ]
 [ 0.8   0.6 ]
 [ 0.8   0.55]
 [ 0.8   0.5 ]
 [ 0.8   0.45]
 [ 0.8   0.4 ]
 [ 0.8   0.35]
 [ 0.8   0.3 ]
 [ 0.8   0.25]
 [ 0.8   0.2 ]]
Measurements
[-0.00123181 -0.04805828 -0.02201263  0.00560686 -0.00973111 -0.05844009
 -0.11743076 -0.17750947 -0.18204887 -0.13945553 -0.0156819   0.14745496
  0.33938135  0.19914044  0.15269521  0.19382292  0.2989576   0.44321215
  0.5675131   0.63859523  0.63084677]
Total accumulated reward = 2.84685795529
Nodes expanded = 4