Physical State
[[ 0.75  0.6 ]
 [ 0.7   0.6 ]
 [ 0.65  0.6 ]
 [ 0.6   0.6 ]]
Locations
[[ 1.    1.  ]
 [ 1.    0.95]
 [ 1.    0.9 ]
 [ 1.    0.85]
 [ 1.    0.8 ]
 [ 1.    0.75]
 [ 1.    0.7 ]
 [ 1.    0.65]
 [ 1.    0.6 ]
 [ 0.95  0.6 ]
 [ 0.9   0.6 ]
 [ 0.85  0.6 ]
 [ 0.8   0.6 ]
 [ 0.75  0.6 ]
 [ 0.7   0.6 ]
 [ 0.65  0.6 ]
 [ 0.6   0.6 ]]
Measurements
[ 0.13392757  0.09314915  0.09312871  0.1408505   0.20596513  0.2831271
  0.36829105  0.43135899  0.47949149  0.71444126  1.01368338  1.31825807
  1.56483065  1.67608839  1.63073078  1.41133003  1.07696858]
Total accumulated reward = 12.5016932586
Nodes expanded = 4