Physical State
[[ 1.2   0.85]
 [ 1.2   0.9 ]
 [ 1.2   0.95]
 [ 1.2   1.  ]]
Locations
[[ 1.    1.  ]
 [ 1.    0.95]
 [ 1.    0.9 ]
 [ 1.    0.85]
 [ 1.    0.8 ]
 [ 1.05  0.8 ]
 [ 1.1   0.8 ]
 [ 1.15  0.8 ]
 [ 1.2   0.8 ]
 [ 1.2   0.85]
 [ 1.2   0.9 ]
 [ 1.2   0.95]
 [ 1.2   1.  ]]
Measurements
[-0.45359257 -0.74304312 -1.1329612  -1.59332432 -2.05109181 -2.20258121
 -2.36057096 -2.45695933 -2.46757816 -2.08752701 -1.68398081 -1.32443165
 -1.00999956]
Total accumulated reward = -21.1140491295
Nodes expanded = -1.0