Physical State
[[ 1.45  1.  ]
 [ 1.5   1.  ]
 [ 1.55  1.  ]
 [ 1.6   1.  ]]
Locations
[[ 1.    1.  ]
 [ 1.05  1.  ]
 [ 1.1   1.  ]
 [ 1.15  1.  ]
 [ 1.2   1.  ]
 [ 1.25  1.  ]
 [ 1.3   1.  ]
 [ 1.35  1.  ]
 [ 1.4   1.  ]
 [ 1.45  1.  ]
 [ 1.5   1.  ]
 [ 1.55  1.  ]
 [ 1.6   1.  ]]
Measurements
[-0.09468722 -0.25561579 -0.39241719 -0.47787199 -0.45797406 -0.33405294
 -0.14557783  0.09380896  0.31028101  0.44004074  0.45997429  0.35840649
  0.16343897]
Total accumulated reward = -0.237559336613
Nodes expanded = -1