Physical State
[[ 0.95  1.  ]
 [ 0.9   1.  ]
 [ 0.85  1.  ]
 [ 0.8   1.  ]]
Locations
[[ 1.    1.  ]
 [ 1.05  1.  ]
 [ 1.1   1.  ]
 [ 1.15  1.  ]
 [ 1.2   1.  ]
 [ 1.15  1.  ]
 [ 1.1   1.  ]
 [ 1.05  1.  ]
 [ 1.    1.  ]
 [ 0.95  1.  ]
 [ 0.9   1.  ]
 [ 0.85  1.  ]
 [ 0.8   1.  ]]
Measurements
[-0.24804094 -0.45451742 -0.63743021 -0.80919221 -0.96246588 -0.80919221
 -0.63743021 -0.45451742 -0.24804094 -0.01953251  0.22526531  0.47649905
  0.71204733]
Total accumulated reward = -3.61850731705
Nodes expanded = -1