Physical State
[[ 0.8   1.15]
 [ 0.8   1.1 ]
 [ 0.8   1.05]
 [ 0.8   1.  ]]
Locations
[[ 1.    1.  ]
 [ 1.    1.05]
 [ 1.    1.1 ]
 [ 1.    1.15]
 [ 1.    1.2 ]
 [ 0.95  1.2 ]
 [ 0.9   1.2 ]
 [ 0.85  1.2 ]
 [ 0.8   1.2 ]
 [ 0.8   1.15]
 [ 0.8   1.1 ]
 [ 0.8   1.05]
 [ 0.8   1.  ]]
Measurements
[ 0.39174015  0.30209275  0.17453192  0.0021096  -0.20620779 -0.30522019
 -0.39254358 -0.42890972 -0.40374602 -0.40972432 -0.46855841 -0.57471592
 -0.70556997]
Total accumulated reward = -3.41646163223
Nodes expanded = -1.0