Physical State
[[ 1.    0.95]
 [ 1.    0.9 ]
 [ 1.    0.85]
 [ 1.    0.8 ]]
Locations
[[ 1.    1.  ]
 [ 1.    0.95]
 [ 1.    0.9 ]
 [ 1.    0.85]
 [ 1.    0.8 ]
 [ 1.    0.85]
 [ 1.    0.9 ]
 [ 1.    0.95]
 [ 1.    1.  ]
 [ 1.    0.95]
 [ 1.    0.9 ]
 [ 1.    0.85]
 [ 1.    0.8 ]]
Measurements
[ 0.5656135   0.86230251  1.17554985  1.44675119  1.64829333  1.44675119
  1.17554985  0.86230251  0.5656135   0.86230251  1.17554985  1.44675119
  1.64829333]
Total accumulated reward = 14.3160107793
Nodes expanded = -1.0