Physical State
[[ 1.    1.55]
 [ 1.    1.5 ]
 [ 1.    1.45]
 [ 1.    1.4 ]]
Locations
[[ 1.    1.  ]
 [ 1.    1.05]
 [ 1.    1.1 ]
 [ 1.    1.15]
 [ 1.    1.2 ]
 [ 1.    1.25]
 [ 1.    1.3 ]
 [ 1.    1.35]
 [ 1.    1.4 ]
 [ 1.    1.45]
 [ 1.    1.5 ]
 [ 1.    1.55]
 [ 1.    1.6 ]
 [ 1.    1.55]
 [ 1.    1.5 ]
 [ 1.    1.45]
 [ 1.    1.4 ]]
Measurements
[ 0.13392757  0.23807734  0.40808157  0.65491022  0.97370042  1.32522161
  1.68200952  2.01582489  2.27018206  2.42582464  2.48612988  2.43336989
  2.30285844  2.43336989  2.48612988  2.42582464  2.27018206]
Total accumulated reward = 28.8316969667
Nodes expanded = -1