Physical State
[[ 1.    1.55]
 [ 1.    1.5 ]
 [ 1.    1.45]
 [ 1.    1.4 ]]
Locations
[[ 1.    1.  ]
 [ 1.    1.05]
 [ 1.    1.1 ]
 [ 1.    1.15]
 [ 1.    1.2 ]
 [ 1.    1.25]
 [ 1.    1.3 ]
 [ 1.    1.35]
 [ 1.    1.4 ]
 [ 1.    1.45]
 [ 1.    1.5 ]
 [ 1.    1.55]
 [ 1.    1.6 ]
 [ 1.    1.55]
 [ 1.    1.5 ]
 [ 1.    1.45]
 [ 1.    1.4 ]]
Measurements
[-0.45359257 -0.24476767 -0.09463167  0.06205431  0.26878746  0.52048253
  0.81584904  1.08306574  1.31334053  1.4478163   1.50638154  1.50063167
  1.45665339  1.50063167  1.50638154  1.4478163   1.31334053]
Total accumulated reward = 15.4038332163
Nodes expanded = -1