Physical State
[[ 1.    0.95]
 [ 1.    0.9 ]
 [ 1.    0.85]
 [ 1.    0.8 ]]
Locations
[[ 1.    1.  ]
 [ 1.    1.05]
 [ 1.    1.1 ]
 [ 1.    1.15]
 [ 1.    1.2 ]
 [ 1.    1.15]
 [ 1.    1.1 ]
 [ 1.    1.05]
 [ 1.    1.  ]
 [ 1.    0.95]
 [ 1.    0.9 ]
 [ 1.    0.85]
 [ 1.    0.8 ]
 [ 1.    0.85]
 [ 1.    0.9 ]
 [ 1.    0.95]
 [ 1.    1.  ]
 [ 1.    0.95]
 [ 1.    0.9 ]
 [ 1.    0.85]
 [ 1.    0.8 ]]
Measurements
[ 1.95175563  1.66112116  1.32726946  0.97296152  0.60691191  0.97296152
  1.32726946  1.66112116  1.95175563  2.15426418  2.23305472  2.17042829
  1.96110394  2.17042829  2.23305472  2.15426418  1.95175563  2.15426418
  2.23305472  2.17042829  1.96110394]
Total accumulated reward = 36.0285768889
Nodes expanded = -1