Physical State
[[ 0.85  0.6 ]
 [ 0.9   0.6 ]
 [ 0.95  0.6 ]
 [ 1.    0.6 ]]
Locations
[[ 1.    1.  ]
 [ 1.    0.95]
 [ 1.    0.9 ]
 [ 1.    0.85]
 [ 1.    0.8 ]
 [ 0.95  0.8 ]
 [ 0.9   0.8 ]
 [ 0.85  0.8 ]
 [ 0.8   0.8 ]
 [ 0.8   0.75]
 [ 0.8   0.7 ]
 [ 0.8   0.65]
 [ 0.8   0.6 ]
 [ 0.85  0.6 ]
 [ 0.9   0.6 ]
 [ 0.95  0.6 ]
 [ 1.    0.6 ]]
Measurements
[ 0.5656135   0.86230251  1.17554985  1.44675119  1.64829333  1.47371855
  1.25815961  1.05020584  0.87953226  1.06577201  1.11393928  1.03461525
  0.82295307  0.93048424  1.10624773  1.33151497  1.58284274]
Total accumulated reward = 18.7828824179
Nodes expanded = -1.0