-0.25000000 -0.25000000  0.60918611
-0.25000000 -0.20000000  0.63109280
-0.25000000 -0.15000000  0.59807906
-0.25000000 -0.10000000  0.58232045
-0.25000000 -0.05000000  0.61214610
-0.25000000  0.00000000  0.73261753
-0.25000000  0.05000000  0.95997216
-0.25000000  0.10000000  1.25664603
-0.25000000  0.15000000  1.60632338
-0.25000000  0.20000000  1.95744800
-0.25000000  0.25000000  2.25585716
-0.25000000  0.30000000  2.48975083
-0.25000000  0.35000000  2.61374139
-0.25000000  0.40000000  2.62521917
-0.25000000  0.45000000  2.51067549
-0.25000000  0.50000000  2.29250350
-0.25000000  0.55000000  1.97050140
-0.25000000  0.60000000  1.60465525
-0.25000000  0.65000000  1.23054138
-0.25000000  0.70000000  0.91919927
-0.25000000  0.75000000  0.70318152
-0.25000000  0.80000000  0.61001889
-0.25000000  0.85000000  0.63506678
-0.25000000  0.90000000  0.73083124
-0.25000000  0.95000000  0.87006930
-0.25000000  1.00000000  1.00770864
-0.25000000  1.05000000  1.11982330
-0.25000000  1.10000000  1.20435756
-0.25000000  1.15000000  1.27284555
-0.25000000  1.20000000  1.33503614
-0.25000000  1.25000000  1.43115005
-0.25000000  1.30000000  1.55441409
-0.25000000  1.35000000  1.70447768
-0.25000000  1.40000000  1.86053407
-0.25000000  1.45000000  2.00572061
-0.25000000  1.50000000  2.11503714
-0.25000000  1.55000000  2.17192312
-0.25000000  1.60000000  2.17362470
-0.25000000  1.65000000  2.11697032
-0.25000000  1.70000000  1.99701632
-0.25000000  1.75000000  1.79736533
-0.25000000  1.80000000  1.50887630
-0.25000000  1.85000000  1.14018658
-0.25000000  1.90000000  0.69864506
-0.25000000  1.95000000  0.23085297
-0.25000000  2.00000000 -0.22739261
-0.25000000  2.05000000 -0.61464364
-0.25000000  2.10000000 -0.92724650
-0.25000000  2.15000000 -1.13767588
-0.25000000  2.20000000 -1.25018496
-0.20000000 -0.25000000  0.42948701
-0.20000000 -0.20000000  0.40743514
-0.20000000 -0.15000000  0.37390661
-0.20000000 -0.10000000  0.36441167
-0.20000000 -0.05000000  0.42708065
-0.20000000  0.00000000  0.58785233
-0.20000000  0.05000000  0.85801040
-0.20000000  0.10000000  1.22053610
-0.20000000  0.15000000  1.63748476
-0.20000000  0.20000000  2.04901715
-0.20000000  0.25000000  2.39338615
-0.20000000  0.30000000  2.63396604
-0.20000000  0.35000000  2.71859703
-0.20000000  0.40000000  2.65901688
-0.20000000  0.45000000  2.45243460
-0.20000000  0.50000000  2.12783216
-0.20000000  0.55000000  1.72394049
-0.20000000  0.60000000  1.30199605
-0.20000000  0.65000000  0.91948079
-0.20000000  0.70000000  0.62189781
-0.20000000  0.75000000  0.44463467
-0.20000000  0.80000000  0.40635403
-0.20000000  0.85000000  0.45875064
-0.20000000  0.90000000  0.60939247
-0.20000000  0.95000000  0.78788556
-0.20000000  1.00000000  0.94524139
-0.20000000  1.05000000  1.09575838
-0.20000000  1.10000000  1.20656762
-0.20000000  1.15000000  1.30935955
-0.20000000  1.20000000  1.42024006
-0.20000000  1.25000000  1.53491480
-0.20000000  1.30000000  1.67594796
-0.20000000  1.35000000  1.84648853
-0.20000000  1.40000000  2.00686569
-0.20000000  1.45000000  2.13743283
-0.20000000  1.50000000  2.22819898
-0.20000000  1.55000000  2.26180881
-0.20000000  1.60000000  2.22467841
-0.20000000  1.65000000  2.13539680
-0.20000000  1.70000000  1.97727791
-0.20000000  1.75000000  1.72057622
-0.20000000  1.80000000  1.38182655
-0.20000000  1.85000000  0.95255976
-0.20000000  1.90000000  0.46276390
-0.20000000  1.95000000 -0.02761779
-0.20000000  2.00000000 -0.49785956
-0.20000000  2.05000000 -0.88943024
-0.20000000  2.10000000 -1.16815489
-0.20000000  2.15000000 -1.35160971
-0.20000000  2.20000000 -1.44690178
-0.15000000 -0.25000000  0.23681905
-0.15000000 -0.20000000  0.17957771
-0.15000000 -0.15000000  0.11390654
-0.15000000 -0.10000000  0.10576007
-0.15000000 -0.05000000  0.17449480
-0.15000000  0.00000000  0.35704187
-0.15000000  0.05000000  0.65225938
-0.15000000  0.10000000  1.05035493
-0.15000000  0.15000000  1.50277807
-0.15000000  0.20000000  1.95029256
-0.15000000  0.25000000  2.31748745
-0.15000000  0.30000000  2.55133798
-0.15000000  0.35000000  2.60861195
-0.15000000  0.40000000  2.49395355
-0.15000000  0.45000000  2.21010373
-0.15000000  0.50000000  1.81724844
-0.15000000  0.55000000  1.36689279
-0.15000000  0.60000000  0.91934820
-0.15000000  0.65000000  0.53790580
-0.15000000  0.70000000  0.26986222
-0.15000000  0.75000000  0.15119892
-0.15000000  0.80000000  0.15993011
-0.15000000  0.85000000  0.28009779
-0.15000000  0.90000000  0.46834742
-0.15000000  0.95000000  0.69136364
-0.15000000  1.00000000  0.88893479
-0.15000000  1.05000000  1.06734047
-0.15000000  1.10000000  1.21703094
-0.15000000  1.15000000  1.34746544
-0.15000000  1.20000000  1.48453293
-0.15000000  1.25000000  1.63172132
-0.15000000  1.30000000  1.80634381
-0.15000000  1.35000000  1.97971167
-0.15000000  1.40000000  2.15349922
-0.15000000  1.45000000  2.28095788
-0.15000000  1.50000000  2.34483019
-0.15000000  1.55000000  2.34994922
-0.15000000  1.60000000  2.28938069
-0.15000000  1.65000000  2.14827078
-0.15000000  1.70000000  1.92884255
-0.15000000  1.75000000  1.62318840
-0.15000000  1.80000000  1.22706617
-0.15000000  1.85000000  0.75398906
-0.15000000  1.90000000  0.23539140
-0.15000000  1.95000000 -0.28871927
-0.15000000  2.00000000 -0.76025553
-0.15000000  2.05000000 -1.14529689
-0.15000000  2.10000000 -1.40889776
-0.15000000  2.15000000 -1.57363803
-0.15000000  2.20000000 -1.65657624
-0.10000000 -0.25000000  0.03554971
-0.10000000 -0.20000000 -0.05668123
-0.10000000 -0.15000000 -0.13863224
-0.10000000 -0.10000000 -0.16580890
-0.10000000 -0.05000000 -0.10483438
-0.10000000  0.00000000  0.06365578
-0.10000000  0.05000000  0.35573766
-0.10000000  0.10000000  0.75290211
-0.10000000  0.15000000  1.21090791
-0.10000000  0.20000000  1.65965244
-0.10000000  0.25000000  2.03757500
-0.10000000  0.30000000  2.25479399
-0.10000000  0.35000000  2.29646341
-0.10000000  0.40000000  2.14286696
-0.10000000  0.45000000  1.83078785
-0.10000000  0.50000000  1.39921300
-0.10000000  0.55000000  0.92786653
-0.10000000  0.60000000  0.48051569
-0.10000000  0.65000000  0.13768518
-0.10000000  0.70000000 -0.07482369
-0.10000000  0.75000000 -0.13911419
-0.10000000  0.80000000 -0.06338861
-0.10000000  0.85000000  0.11823185
-0.10000000  0.90000000  0.35387099
-0.10000000  0.95000000  0.61964468
-0.10000000  1.00000000  0.85851456
-0.10000000  1.05000000  1.06267857
-0.10000000  1.10000000  1.23287872
-0.10000000  1.15000000  1.38684890
-0.10000000  1.20000000  1.54310826
-0.10000000  1.25000000  1.71962157
-0.10000000  1.30000000  1.89947178
-0.10000000  1.35000000  2.08822709
-0.10000000  1.40000000  2.25456226
-0.10000000  1.45000000  2.36383883
-0.10000000  1.50000000  2.41361951
-0.10000000  1.55000000  2.39330401
-0.10000000  1.60000000  2.29063799
-0.10000000  1.65000000  2.11223233
-0.10000000  1.70000000  1.87134246
-0.10000000  1.75000000  1.52773947
-0.10000000  1.80000000  1.09292220
-0.10000000  1.85000000  0.58391929
-0.10000000  1.90000000  0.04253391
-0.10000000  1.95000000 -0.49238740
-0.10000000  2.00000000 -0.97711039
-0.10000000  2.05000000 -1.35430642
-0.10000000  2.10000000 -1.62482126
-0.10000000  2.15000000 -1.78915910
-0.10000000  2.20000000 -1.86421014
-0.05000000 -0.25000000 -0.16941240
-0.05000000 -0.20000000 -0.28907664
-0.05000000 -0.15000000 -0.37865722
-0.05000000 -0.10000000 -0.41780306
-0.05000000 -0.05000000 -0.36802667
-0.05000000  0.00000000 -0.23247829
-0.05000000  0.05000000  0.02307776
-0.05000000  0.10000000  0.39017306
-0.05000000  0.15000000  0.81008552
-0.05000000  0.20000000  1.23823159
-0.05000000  0.25000000  1.59694751
-0.05000000  0.30000000  1.79173444
-0.05000000  0.35000000  1.82117424
-0.05000000  0.40000000  1.65839278
-0.05000000  0.45000000  1.33549185
-0.05000000  0.50000000  0.91044361
-0.05000000  0.55000000  0.46262107
-0.05000000  0.60000000  0.05926448
-0.05000000  0.65000000 -0.23593726
-0.05000000  0.70000000 -0.38623167
-0.05000000  0.75000000 -0.38084788
-0.05000000  0.80000000 -0.23799594
-0.05000000  0.85000000  0.00482075
-0.05000000  0.90000000  0.30549513
-0.05000000  0.95000000  0.61121126
-0.05000000  1.00000000  0.88425809
-0.05000000  1.05000000  1.11287103
-0.05000000  1.10000000  1.29414378
-0.05000000  1.15000000  1.44243050
-0.05000000  1.20000000  1.59555645
-0.05000000  1.25000000  1.75690101
-0.05000000  1.30000000  1.93664685
-0.05000000  1.35000000  2.11236019
-0.05000000  1.40000000  2.25917002
-0.05000000  1.45000000  2.35014479
-0.05000000  1.50000000  2.37769336
-0.05000000  1.55000000  2.32932588
-0.05000000  1.60000000  2.21656526
-0.05000000  1.65000000  2.03406606
-0.05000000  1.70000000  1.75600592
-0.05000000  1.75000000  1.41202878
-0.05000000  1.80000000  0.97841313
-0.05000000  1.85000000  0.46684158
-0.05000000  1.90000000 -0.07642180
-0.05000000  1.95000000 -0.61850319
-0.05000000  2.00000000 -1.10409331
-0.05000000  2.05000000 -1.49801464
-0.05000000  2.10000000 -1.78069653
-0.05000000  2.15000000 -1.95694774
-0.05000000  2.20000000 -2.04981665
 0.00000000 -0.25000000 -0.35949203
 0.00000000 -0.20000000 -0.48237547
 0.00000000 -0.15000000 -0.55828871
 0.00000000 -0.10000000 -0.59705287
 0.00000000 -0.05000000 -0.57645201
 0.00000000  0.00000000 -0.46986014
 0.00000000  0.05000000 -0.26756647
 0.00000000  0.10000000  0.03459390
 0.00000000  0.15000000  0.39452647
 0.00000000  0.20000000  0.76533897
 0.00000000  0.25000000  1.07668671
 0.00000000  0.30000000  1.25216136
 0.00000000  0.35000000  1.27051381
 0.00000000  0.40000000  1.11441543
 0.00000000  0.45000000  0.82079296
 0.00000000  0.50000000  0.44361803
 0.00000000  0.55000000  0.05596191
 0.00000000  0.60000000 -0.29311799
 0.00000000  0.65000000 -0.53390469
 0.00000000  0.70000000 -0.61032249
 0.00000000  0.75000000 -0.54632531
 0.00000000  0.80000000 -0.33336621
 0.00000000  0.85000000 -0.02579322
 0.00000000  0.90000000  0.32283836
 0.00000000  0.95000000  0.67189167
 0.00000000  1.00000000  0.96864975
 0.00000000  1.05000000  1.20454182
 0.00000000  1.10000000  1.38474260
 0.00000000  1.15000000  1.51870212
 0.00000000  1.20000000  1.63191992
 0.00000000  1.25000000  1.76450232
 0.00000000  1.30000000  1.89674787
 0.00000000  1.35000000  2.04203766
 0.00000000  1.40000000  2.14980945
 0.00000000  1.45000000  2.21054234
 0.00000000  1.50000000  2.21054776
 0.00000000  1.55000000  2.15460780
 0.00000000  1.60000000  2.03025305
 0.00000000  1.65000000  1.84452213
 0.00000000  1.70000000  1.59678076
 0.00000000  1.75000000  1.28002620
 0.00000000  1.80000000  0.87822214
 0.00000000  1.85000000  0.39621290
 0.00000000  1.90000000 -0.11733452
 0.00000000  1.95000000 -0.64800417
 0.00000000  2.00000000 -1.13611320
 0.00000000  2.05000000 -1.54160059
 0.00000000  2.10000000 -1.85381499
 0.00000000  2.15000000 -2.07405764
 0.00000000  2.20000000 -2.20077371
 0.05000000 -0.25000000 -0.52705607
 0.05000000 -0.20000000 -0.60845222
 0.05000000 -0.15000000 -0.64972189
 0.05000000 -0.10000000 -0.66918492
 0.05000000 -0.05000000 -0.65504334
 0.05000000  0.00000000 -0.58710935
 0.05000000  0.05000000 -0.44415261
 0.05000000  0.10000000 -0.22426283
 0.05000000  0.15000000  0.04774391
 0.05000000  0.20000000  0.34101398
 0.05000000  0.25000000  0.58973859
 0.05000000  0.30000000  0.72716244
 0.05000000  0.35000000  0.74214239
 0.05000000  0.40000000  0.62189559
 0.05000000  0.45000000  0.38557968
 0.05000000  0.50000000  0.07299813
 0.05000000  0.55000000 -0.24235818
 0.05000000  0.60000000 -0.51332601
 0.05000000  0.65000000 -0.68328871
 0.05000000  0.70000000 -0.71720397
 0.05000000  0.75000000 -0.59823079
 0.05000000  0.80000000 -0.33457621
 0.05000000  0.85000000  0.02278061
 0.05000000  0.90000000  0.41896739
 0.05000000  0.95000000  0.78726161
 0.05000000  1.00000000  1.10891419
 0.05000000  1.05000000  1.33486429
 0.05000000  1.10000000  1.49227256
 0.05000000  1.15000000  1.58192658
 0.05000000  1.20000000  1.65206143
 0.05000000  1.25000000  1.71606299
 0.05000000  1.30000000  1.79553182
 0.05000000  1.35000000  1.87105688
 0.05000000  1.40000000  1.93574260
 0.05000000  1.45000000  1.95251470
 0.05000000  1.50000000  1.92259711
 0.05000000  1.55000000  1.84725515
 0.05000000  1.60000000  1.72970486
 0.05000000  1.65000000  1.57010675
 0.05000000  1.70000000  1.36520546
 0.05000000  1.75000000  1.11301333
 0.05000000  1.80000000  0.77929852
 0.05000000  1.85000000  0.37158097
 0.05000000  1.90000000 -0.10041712
 0.05000000  1.95000000 -0.58938840
 0.05000000  2.00000000 -1.07305104
 0.05000000  2.05000000 -1.49637230
 0.05000000  2.10000000 -1.84151578
 0.05000000  2.15000000 -2.09759080
 0.05000000  2.20000000 -2.26884056
 0.10000000 -0.25000000 -0.62134356
 0.10000000 -0.20000000 -0.63381908
 0.10000000 -0.15000000 -0.62087793
 0.10000000 -0.10000000 -0.59849035
 0.10000000 -0.05000000 -0.56716016
 0.10000000  0.00000000 -0.53262706
 0.10000000  0.05000000 -0.45452333
 0.10000000  0.10000000 -0.32242743
 0.10000000  0.15000000 -0.14612925
 0.10000000  0.20000000  0.04605566
 0.10000000  0.25000000  0.22640077
 0.10000000  0.30000000  0.33371426
 0.10000000  0.35000000  0.35474508
 0.10000000  0.40000000  0.27284681
 0.10000000  0.45000000  0.11168265
 0.10000000  0.50000000 -0.11051062
 0.10000000  0.55000000 -0.35825142
 0.10000000  0.60000000 -0.56555349
 0.10000000  0.65000000 -0.68915328
 0.10000000  0.70000000 -0.68986923
 0.10000000  0.75000000 -0.53931016
 0.10000000  0.80000000 -0.26094173
 0.10000000  0.85000000  0.12367000
 0.10000000  0.90000000  0.52973580
 0.10000000  0.95000000  0.92510340
 0.10000000  1.00000000  1.24391492
 0.10000000  1.05000000  1.45486362
 0.10000000  1.10000000  1.57582432
 0.10000000  1.15000000  1.62347803
 0.10000000  1.20000000  1.63514050
 0.10000000  1.25000000  1.63050120
 0.10000000  1.30000000  1.64637180
 0.10000000  1.35000000  1.65205284
 0.10000000  1.40000000  1.65287120
 0.10000000  1.45000000  1.61518194
 0.10000000  1.50000000  1.55574667
 0.10000000  1.55000000  1.45727337
 0.10000000  1.60000000  1.34680230
 0.10000000  1.65000000  1.22371572
 0.10000000  1.70000000  1.08397692
 0.10000000  1.75000000  0.90514277
 0.10000000  1.80000000  0.66424061
 0.10000000  1.85000000  0.35315582
 0.10000000  1.90000000 -0.04123673
 0.10000000  1.95000000 -0.47878890
 0.10000000  2.00000000 -0.92742881
 0.10000000  2.05000000 -1.35023321
 0.10000000  2.10000000 -1.72168749
 0.10000000  2.15000000 -2.02373258
 0.10000000  2.20000000 -2.24099293
 0.15000000 -0.25000000 -0.63685391
 0.15000000 -0.20000000 -0.55065766
 0.15000000 -0.15000000 -0.45215938
 0.15000000 -0.10000000 -0.37536594
 0.15000000 -0.05000000 -0.32357165
 0.15000000  0.00000000 -0.30244288
 0.15000000  0.05000000 -0.27119511
 0.15000000  0.10000000 -0.22644981
 0.15000000  0.15000000 -0.15630673
 0.15000000  0.20000000 -0.06084189
 0.15000000  0.25000000  0.03476062
 0.15000000  0.30000000  0.10431145
 0.15000000  0.35000000  0.14061133
 0.15000000  0.40000000  0.11060668
 0.15000000  0.45000000  0.02110878
 0.15000000  0.50000000 -0.12760065
 0.15000000  0.55000000 -0.29664682
 0.15000000  0.60000000 -0.45019395
 0.15000000  0.65000000 -0.55225988
 0.15000000  0.70000000 -0.54628196
 0.15000000  0.75000000 -0.40613798
 0.15000000  0.80000000 -0.13354540
 0.15000000  0.85000000  0.22486680
 0.15000000  0.90000000  0.63046737
 0.15000000  0.95000000  1.01144800
 0.15000000  1.00000000  1.31563004
 0.15000000  1.05000000  1.50593413
 0.15000000  1.10000000  1.60064877
 0.15000000  1.15000000  1.60675561
 0.15000000  1.20000000  1.56807899
 0.15000000  1.25000000  1.51774406
 0.15000000  1.30000000  1.46244607
 0.15000000  1.35000000  1.40753526
 0.15000000  1.40000000  1.33317245
 0.15000000  1.45000000  1.24647006
 0.15000000  1.50000000  1.14076548
 0.15000000  1.55000000  1.02262758
 0.15000000  1.60000000  0.92230238
 0.15000000  1.65000000  0.83053566
 0.15000000  1.70000000  0.74927338
 0.15000000  1.75000000  0.65986237
 0.15000000  1.80000000  0.52502777
 0.15000000  1.85000000  0.31813832
 0.15000000  1.90000000  0.03547371
 0.15000000  1.95000000 -0.32482710
 0.15000000  2.00000000 -0.73342798
 0.15000000  2.05000000 -1.13778669
 0.15000000  2.10000000 -1.51538548
 0.15000000  2.15000000 -1.84212663
 0.15000000  2.20000000 -2.10629389
 0.20000000 -0.25000000 -0.57190109
 0.20000000 -0.20000000 -0.38450559
 0.20000000 -0.15000000 -0.19409249
 0.20000000 -0.10000000 -0.04798685
 0.20000000 -0.05000000  0.04160437
 0.20000000  0.00000000  0.07474887
 0.20000000  0.05000000  0.05477428
 0.20000000  0.10000000  0.02511822
 0.20000000  0.15000000 -0.00028172
 0.20000000  0.20000000  0.00223700
 0.20000000  0.25000000  0.02776927
 0.20000000  0.30000000  0.06958718
 0.20000000  0.35000000  0.10080621
 0.20000000  0.40000000  0.11857144
 0.20000000  0.45000000  0.10231522
 0.20000000  0.50000000  0.03769293
 0.20000000  0.55000000 -0.07681403
 0.20000000  0.60000000 -0.20978992
 0.20000000  0.65000000 -0.31016162
 0.20000000  0.70000000 -0.33216271
 0.20000000  0.75000000 -0.23538072
 0.20000000  0.80000000 -0.02049039
 0.20000000  0.85000000  0.29937553
 0.20000000  0.90000000  0.66712195
 0.20000000  0.95000000  1.01198201
 0.20000000  1.00000000  1.28237314
 0.20000000  1.05000000  1.45427054
 0.20000000  1.10000000  1.52016181
 0.20000000  1.15000000  1.50812043
 0.20000000  1.20000000  1.44568616
 0.20000000  1.25000000  1.35577098
 0.20000000  1.30000000  1.26798433
 0.20000000  1.35000000  1.15931880
 0.20000000  1.40000000  1.04138848
 0.20000000  1.45000000  0.89527234
 0.20000000  1.50000000  0.74717335
 0.20000000  1.55000000  0.60995498
 0.20000000  1.60000000  0.50117398
 0.20000000  1.65000000  0.43589253
 0.20000000  1.70000000  0.40489711
 0.20000000  1.75000000  0.38889664
 0.20000000  1.80000000  0.35461823
 0.20000000  1.85000000  0.26122732
 0.20000000  1.90000000  0.09469687
 0.20000000  1.95000000 -0.16647076
 0.20000000  2.00000000 -0.48951647
 0.20000000  2.05000000 -0.86437006
 0.20000000  2.10000000 -1.22552727
 0.20000000  2.15000000 -1.55944999
 0.20000000  2.20000000 -1.85711715
 0.25000000 -0.25000000 -0.46356196
 0.25000000 -0.20000000 -0.17630605
 0.25000000 -0.15000000  0.10909612
 0.25000000 -0.10000000  0.33231329
 0.25000000 -0.05000000  0.46156611
 0.25000000  0.00000000  0.49974451
 0.25000000  0.05000000  0.45869763
 0.25000000  0.10000000  0.36996122
 0.25000000  0.15000000  0.27743784
 0.25000000  0.20000000  0.19442152
 0.25000000  0.25000000  0.15950347
 0.25000000  0.30000000  0.15775593
 0.25000000  0.35000000  0.20838053
 0.25000000  0.40000000  0.26799148
 0.25000000  0.45000000  0.30693704
 0.25000000  0.50000000  0.29406684
 0.25000000  0.55000000  0.21623548
 0.25000000  0.60000000  0.09581587
 0.25000000  0.65000000 -0.03693825
 0.25000000  0.70000000 -0.11112969
 0.25000000  0.75000000 -0.07712761
 0.25000000  0.80000000  0.06927556
 0.25000000  0.85000000  0.30147707
 0.25000000  0.90000000  0.60395959
 0.25000000  0.95000000  0.88604740
 0.25000000  1.00000000  1.12099009
 0.25000000  1.05000000  1.27320625
 0.25000000  1.10000000  1.32869176
 0.25000000  1.15000000  1.31786154
 0.25000000  1.20000000  1.25885727
 0.25000000  1.25000000  1.16987555
 0.25000000  1.30000000  1.05935785
 0.25000000  1.35000000  0.93340504
 0.25000000  1.40000000  0.77780111
 0.25000000  1.45000000  0.60444189
 0.25000000  1.50000000  0.41643105
 0.25000000  1.55000000  0.25048027
 0.25000000  1.60000000  0.13289801
 0.25000000  1.65000000  0.07563846
 0.25000000  1.70000000  0.08088476
 0.25000000  1.75000000  0.12468712
 0.25000000  1.80000000  0.18101755
 0.25000000  1.85000000  0.20027856
 0.25000000  1.90000000  0.14843370
 0.25000000  1.95000000  0.00131710
 0.25000000  2.00000000 -0.23065632
 0.25000000  2.05000000 -0.52956827
 0.25000000  2.10000000 -0.85960245
 0.25000000  2.15000000 -1.19526047
 0.25000000  2.20000000 -1.51432460
 0.30000000 -0.25000000 -0.35588545
 0.30000000 -0.20000000  0.00821261
 0.30000000 -0.15000000  0.36473028
 0.30000000 -0.10000000  0.65441159
 0.30000000 -0.05000000  0.83793224
 0.30000000  0.00000000  0.90028677
 0.30000000  0.05000000  0.85974146
 0.30000000  0.10000000  0.74078058
 0.30000000  0.15000000  0.57716449
 0.30000000  0.20000000  0.43502345
 0.30000000  0.25000000  0.35284025
 0.30000000  0.30000000  0.32937536
 0.30000000  0.35000000  0.38408506
 0.30000000  0.40000000  0.46923055
 0.30000000  0.45000000  0.54702295
 0.30000000  0.50000000  0.56567121
 0.30000000  0.55000000  0.51470882
 0.30000000  0.60000000  0.38994839
 0.30000000  0.65000000  0.22427616
 0.30000000  0.70000000  0.09008680
 0.30000000  0.75000000  0.03956892
 0.30000000  0.80000000  0.08730886
 0.30000000  0.85000000  0.23792581
 0.30000000  0.90000000  0.43787728
 0.30000000  0.95000000  0.66270621
 0.30000000  1.00000000  0.84546772
 0.30000000  1.05000000  0.97838731
 0.30000000  1.10000000  1.03915553
 0.30000000  1.15000000  1.04566413
 0.30000000  1.20000000  1.01275034
 0.30000000  1.25000000  0.95043936
 0.30000000  1.30000000  0.85297079
 0.30000000  1.35000000  0.72820778
 0.30000000  1.40000000  0.56020136
 0.30000000  1.45000000  0.37176334
 0.30000000  1.50000000  0.15974019
 0.30000000  1.55000000 -0.02342777
 0.30000000  1.60000000 -0.15632278
 0.30000000  1.65000000 -0.20421308
 0.30000000  1.70000000 -0.17788539
 0.30000000  1.75000000 -0.08830389
 0.30000000  1.80000000  0.03837370
 0.30000000  1.85000000  0.14897806
 0.30000000  1.90000000  0.20460616
 0.30000000  1.95000000  0.17209527
 0.30000000  2.00000000  0.05208334
 0.30000000  2.05000000 -0.16503602
 0.30000000  2.10000000 -0.45056648
 0.30000000  2.15000000 -0.74892755
 0.30000000  2.20000000 -1.08262031
 0.35000000 -0.25000000 -0.29752533
 0.35000000 -0.20000000  0.10922005
 0.35000000 -0.15000000  0.52194247
 0.35000000 -0.10000000  0.86517065
 0.35000000 -0.05000000  1.09913071
 0.35000000  0.00000000  1.20057244
 0.35000000  0.05000000  1.17111476
 0.35000000  0.10000000  1.04350257
 0.35000000  0.15000000  0.86085516
 0.35000000  0.20000000  0.68060248
 0.35000000  0.25000000  0.55394577
 0.35000000  0.30000000  0.51388331
 0.35000000  0.35000000  0.56980912
 0.35000000  0.40000000  0.66491631
 0.35000000  0.45000000  0.76643319
 0.35000000  0.50000000  0.80558950
 0.35000000  0.55000000  0.75489829
 0.35000000  0.60000000  0.60623521
 0.35000000  0.65000000  0.40855143
 0.35000000  0.70000000  0.20389144
 0.35000000  0.75000000  0.07776539
 0.35000000  0.80000000  0.03571433
 0.35000000  0.85000000  0.08579316
 0.35000000  0.90000000  0.20040898
 0.35000000  0.95000000  0.35777357
 0.35000000  1.00000000  0.49797926
 0.35000000  1.05000000  0.61037680
 0.35000000  1.10000000  0.69017202
 0.35000000  1.15000000  0.72653863
 0.35000000  1.20000000  0.73261564
 0.35000000  1.25000000  0.70694761
 0.35000000  1.30000000  0.64408752
 0.35000000  1.35000000  0.53896620
 0.35000000  1.40000000  0.38502731
 0.35000000  1.45000000  0.19902662
 0.35000000  1.50000000 -0.00935294
 0.35000000  1.55000000 -0.19362252
 0.35000000  1.60000000 -0.34061202
 0.35000000  1.65000000 -0.39320132
 0.35000000  1.70000000 -0.36167900
 0.35000000  1.75000000 -0.23555033
 0.35000000  1.80000000 -0.05251710
 0.35000000  1.85000000  0.13798060
 0.35000000  1.90000000  0.28606319
 0.35000000  1.95000000  0.36410538
 0.35000000  2.00000000  0.34479214
 0.35000000  2.05000000  0.22636109
 0.35000000  2.10000000  0.01647823
 0.35000000  2.15000000 -0.26400794
 0.35000000  2.20000000 -0.59172273
 0.40000000 -0.25000000 -0.30804484
 0.40000000 -0.20000000  0.11194181
 0.40000000 -0.15000000  0.54652493
 0.40000000 -0.10000000  0.93660558
 0.40000000 -0.05000000  1.22200968
 0.40000000  0.00000000  1.37199088
 0.40000000  0.05000000  1.37632940
 0.40000000  0.10000000  1.25850343
 0.40000000  0.15000000  1.07086785
 0.40000000  0.20000000  0.87559351
 0.40000000  0.25000000  0.72987602
 0.40000000  0.30000000  0.66983499
 0.40000000  0.35000000  0.70865969
 0.40000000  0.40000000  0.80601212
 0.40000000  0.45000000  0.90440495
 0.40000000  0.50000000  0.94067890
 0.40000000  0.55000000  0.88552300
 0.40000000  0.60000000  0.71404319
 0.40000000  0.65000000  0.48018558
 0.40000000  0.70000000  0.22893750
 0.40000000  0.75000000  0.03671240
 0.40000000  0.80000000 -0.08364244
 0.40000000  0.85000000 -0.11267542
 0.40000000  0.90000000 -0.06980025
 0.40000000  0.95000000  0.01844535
 0.40000000  1.00000000  0.11588356
 0.40000000  1.05000000  0.22201894
 0.40000000  1.10000000  0.30507630
 0.40000000  1.15000000  0.38907407
 0.40000000  1.20000000  0.43459895
 0.40000000  1.25000000  0.46055851
 0.40000000  1.30000000  0.44634120
 0.40000000  1.35000000  0.37700769
 0.40000000  1.40000000  0.26486878
 0.40000000  1.45000000  0.09592154
 0.40000000  1.50000000 -0.09685019
 0.40000000  1.55000000 -0.28996585
 0.40000000  1.60000000 -0.42849654
 0.40000000  1.65000000 -0.48306737
 0.40000000  1.70000000 -0.44749612
 0.40000000  1.75000000 -0.31374698
 0.40000000  1.80000000 -0.10529151
 0.40000000  1.85000000  0.14552812
 0.40000000  1.90000000  0.37968043
 0.40000000  1.95000000  0.55890723
 0.40000000  2.00000000  0.64771775
 0.40000000  2.05000000  0.60968063
 0.40000000  2.10000000  0.47943625
 0.40000000  2.15000000  0.24255325
 0.40000000  2.20000000 -0.06494105
 0.45000000 -0.25000000 -0.38390297
 0.45000000 -0.20000000  0.02793623
 0.45000000 -0.15000000  0.47888344
 0.45000000 -0.10000000  0.89596832
 0.45000000 -0.05000000  1.22406616
 0.45000000  0.00000000  1.42751401
 0.45000000  0.05000000  1.47163499
 0.45000000  0.10000000  1.38756027
 0.45000000  0.15000000  1.21372845
 0.45000000  0.20000000  1.00725120
 0.45000000  0.25000000  0.84795469
 0.45000000  0.30000000  0.77140244
 0.45000000  0.35000000  0.78714043
 0.45000000  0.40000000  0.86590879
 0.45000000  0.45000000  0.94905674
 0.45000000  0.50000000  0.97115244
 0.45000000  0.55000000  0.90023710
 0.45000000  0.60000000  0.71291618
 0.45000000  0.65000000  0.45456191
 0.45000000  0.70000000  0.17603098
 0.45000000  0.75000000 -0.07018940
 0.45000000  0.80000000 -0.23869715
 0.45000000  0.85000000 -0.32610636
 0.45000000  0.90000000 -0.34445825
 0.45000000  0.95000000 -0.29999721
 0.45000000  1.00000000 -0.23455706
 0.45000000  1.05000000 -0.14014697
 0.45000000  1.10000000 -0.04108287
 0.45000000  1.15000000  0.06111572
 0.45000000  1.20000000  0.14920292
 0.45000000  1.25000000  0.22490116
 0.45000000  1.30000000  0.26037249
 0.45000000  1.35000000  0.23957755
 0.45000000  1.40000000  0.15938013
 0.45000000  1.45000000  0.03642119
 0.45000000  1.50000000 -0.12899408
 0.45000000  1.55000000 -0.29825657
 0.45000000  1.60000000 -0.43205725
 0.45000000  1.65000000 -0.49985431
 0.45000000  1.70000000 -0.46518975
 0.45000000  1.75000000 -0.33849399
 0.45000000  1.80000000 -0.10977070
 0.45000000  1.85000000  0.17279184
 0.45000000  1.90000000  0.46607434
 0.45000000  1.95000000  0.72083903
 0.45000000  2.00000000  0.89644781
 0.45000000  2.05000000  0.95797714
 0.45000000  2.10000000  0.90386397
 0.45000000  2.15000000  0.72731327
 0.45000000  2.20000000  0.45844275
 0.50000000 -0.25000000 -0.48906596
 0.50000000 -0.20000000 -0.09077022
 0.50000000 -0.15000000  0.35686945
 0.50000000 -0.10000000  0.79644293
 0.50000000 -0.05000000  1.16217439
 0.50000000  0.00000000  1.40147262
 0.50000000  0.05000000  1.50024332
 0.50000000  0.10000000  1.43912457
 0.50000000  0.15000000  1.28555133
 0.50000000  0.20000000  1.07764571
 0.50000000  0.25000000  0.90369410
 0.50000000  0.30000000  0.79882753
 0.50000000  0.35000000  0.79180673
 0.50000000  0.40000000  0.84801934
 0.50000000  0.45000000  0.91090684
 0.50000000  0.50000000  0.91699192
 0.50000000  0.55000000  0.82322367
 0.50000000  0.60000000  0.62773586
 0.50000000  0.65000000  0.36427486
 0.50000000  0.70000000  0.06722416
 0.50000000  0.75000000 -0.19634846
 0.50000000  0.80000000 -0.39806277
 0.50000000  0.85000000 -0.53400518
 0.50000000  0.90000000 -0.58362713
 0.50000000  0.95000000 -0.57386822
 0.50000000  1.00000000 -0.52626490
 0.50000000  1.05000000 -0.44360190
 0.50000000  1.10000000 -0.33949539
 0.50000000  1.15000000 -0.22842958
 0.50000000  1.20000000 -0.10573243
 0.50000000  1.25000000 -0.00198922
 0.50000000  1.30000000  0.07885133
 0.50000000  1.35000000  0.11037080
 0.50000000  1.40000000  0.09118651
 0.50000000  1.45000000  0.01183290
 0.50000000  1.50000000 -0.12252031
 0.50000000  1.55000000 -0.26744978
 0.50000000  1.60000000 -0.39221087
 0.50000000  1.65000000 -0.47058722
 0.50000000  1.70000000 -0.46292812
 0.50000000  1.75000000 -0.34303715
 0.50000000  1.80000000 -0.12020063
 0.50000000  1.85000000  0.17869880
 0.50000000  1.90000000  0.50445047
 0.50000000  1.95000000  0.82418379
 0.50000000  2.00000000  1.08241276
 0.50000000  2.05000000  1.22839548
 0.50000000  2.10000000  1.25619633
 0.50000000  2.15000000  1.15355830
 0.50000000  2.20000000  0.93487224
 0.55000000 -0.25000000 -0.56930096
 0.55000000 -0.20000000 -0.19259970
 0.55000000 -0.15000000  0.24239533
 0.55000000 -0.10000000  0.69169097
 0.55000000 -0.05000000  1.07797717
 0.55000000  0.00000000  1.35156203
 0.55000000  0.05000000  1.47293027
 0.55000000  0.10000000  1.45022756
 0.55000000  0.15000000  1.30245083
 0.55000000  0.20000000  1.08634023
 0.55000000  0.25000000  0.89135905
 0.55000000  0.30000000  0.77186547
 0.55000000  0.35000000  0.74102719
 0.55000000  0.40000000  0.76518279
 0.55000000  0.45000000  0.80427434
 0.55000000  0.50000000  0.79544875
 0.55000000  0.55000000  0.68850073
 0.55000000  0.60000000  0.49425448
 0.55000000  0.65000000  0.23444154
 0.55000000  0.70000000 -0.05645828
 0.55000000  0.75000000 -0.32988993
 0.55000000  0.80000000 -0.53429624
 0.55000000  0.85000000 -0.67488342
 0.55000000  0.90000000 -0.74536496
 0.55000000  0.95000000 -0.75932499
 0.55000000  1.00000000 -0.73145640
 0.55000000  1.05000000 -0.66820168
 0.55000000  1.10000000 -0.57660386
 0.55000000  1.15000000 -0.45963030
 0.55000000  1.20000000 -0.32621625
 0.55000000  1.25000000 -0.19198724
 0.55000000  1.30000000 -0.07364046
 0.55000000  1.35000000 -0.00100920
 0.55000000  1.40000000  0.02440676
 0.55000000  1.45000000 -0.00640371
 0.55000000  1.50000000 -0.09542245
 0.55000000  1.55000000 -0.21123149
 0.55000000  1.60000000 -0.34406112
 0.55000000  1.65000000 -0.43345634
 0.55000000  1.70000000 -0.45789677
 0.55000000  1.75000000 -0.37067187
 0.55000000  1.80000000 -0.17041131
 0.55000000  1.85000000  0.12321732
 0.55000000  1.90000000  0.47592246
 0.55000000  1.95000000  0.83522326
 0.55000000  2.00000000  1.15079033
 0.55000000  2.05000000  1.37833976
 0.55000000  2.10000000  1.48739380
 0.55000000  2.15000000  1.46981683
 0.55000000  2.20000000  1.32310156
 0.60000000 -0.25000000 -0.60585973
 0.60000000 -0.20000000 -0.23882812
 0.60000000 -0.15000000  0.18287385
 0.60000000 -0.10000000  0.61596860
 0.60000000 -0.05000000  1.00957562
 0.60000000  0.00000000  1.30223478
 0.60000000  0.05000000  1.43426495
 0.60000000  0.10000000  1.40447292
 0.60000000  0.15000000  1.25667285
 0.60000000  0.20000000  1.02645488
 0.60000000  0.25000000  0.81908444
 0.60000000  0.30000000  0.67644178
 0.60000000  0.35000000  0.62134926
 0.60000000  0.40000000  0.62947110
 0.60000000  0.45000000  0.65148922
 0.60000000  0.50000000  0.64011297
 0.60000000  0.55000000  0.53715464
 0.60000000  0.60000000  0.35194233
 0.60000000  0.65000000  0.09955667
 0.60000000  0.70000000 -0.16795956
 0.60000000  0.75000000 -0.42124005
 0.60000000  0.80000000 -0.61273057
 0.60000000  0.85000000 -0.75904364
 0.60000000  0.90000000 -0.82406724
 0.60000000  0.95000000 -0.86026457
 0.60000000  1.00000000 -0.84582820
 0.60000000  1.05000000 -0.80382619
 0.60000000  1.10000000 -0.73563369
 0.60000000  1.15000000 -0.64229242
 0.60000000  1.20000000 -0.52095211
 0.60000000  1.25000000 -0.38492146
 0.60000000  1.30000000 -0.23797326
 0.60000000  1.35000000 -0.11772934
 0.60000000  1.40000000 -0.04188912
 0.60000000  1.45000000 -0.02642613
 0.60000000  1.50000000 -0.06839404
 0.60000000  1.55000000 -0.17317894
 0.60000000  1.60000000 -0.30119152
 0.60000000  1.65000000 -0.41603719
 0.60000000  1.70000000 -0.46856392
 0.60000000  1.75000000 -0.42250634
 0.60000000  1.80000000 -0.26369696
 0.60000000  1.85000000  0.00585741
 0.60000000  1.90000000  0.36248647
 0.60000000  1.95000000  0.74360238
 0.60000000  2.00000000  1.10487174
 0.60000000  2.05000000  1.40160903
 0.60000000  2.10000000  1.59420416
 0.60000000  2.15000000  1.65421019
 0.60000000  2.20000000  1.58884915
 0.65000000 -0.25000000 -0.55586453
 0.65000000 -0.20000000 -0.22023899
 0.65000000 -0.15000000  0.18099476
 0.65000000 -0.10000000  0.59531973
 0.65000000 -0.05000000  0.96364951
 0.65000000  0.00000000  1.24183263
 0.65000000  0.05000000  1.36315472
 0.65000000  0.10000000  1.31650823
 0.65000000  0.15000000  1.14832708
 0.65000000  0.20000000  0.90463553
 0.65000000  0.25000000  0.67083059
 0.65000000  0.30000000  0.51309309
 0.65000000  0.35000000  0.44244121
 0.65000000  0.40000000  0.44640612
 0.65000000  0.45000000  0.47467242
 0.65000000  0.50000000  0.45885842
 0.65000000  0.55000000  0.38084047
 0.65000000  0.60000000  0.21516391
 0.65000000  0.65000000  0.00273944
 0.65000000  0.70000000 -0.24452867
 0.65000000  0.75000000 -0.46158719
 0.65000000  0.80000000 -0.63647533
 0.65000000  0.85000000 -0.75680376
 0.65000000  0.90000000 -0.82647265
 0.65000000  0.95000000 -0.85937290
 0.65000000  1.00000000 -0.87754719
 0.65000000  1.05000000 -0.86741535
 0.65000000  1.10000000 -0.83371896
 0.65000000  1.15000000 -0.77818609
 0.65000000  1.20000000 -0.67049605
 0.65000000  1.25000000 -0.54202866
 0.65000000  1.30000000 -0.39370124
 0.65000000  1.35000000 -0.24164267
 0.65000000  1.40000000 -0.12567133
 0.65000000  1.45000000 -0.06085572
 0.65000000  1.50000000 -0.06820469
 0.65000000  1.55000000 -0.14762813
 0.65000000  1.60000000 -0.28320831
 0.65000000  1.65000000 -0.41519677
 0.65000000  1.70000000 -0.51156312
 0.65000000  1.75000000 -0.51059108
 0.65000000  1.80000000 -0.39132958
 0.65000000  1.85000000 -0.15032011
 0.65000000  1.90000000  0.19559856
 0.65000000  1.95000000  0.58514778
 0.65000000  2.00000000  0.97834344
 0.65000000  2.05000000  1.31612880
 0.65000000  2.10000000  1.56916370
 0.65000000  2.15000000  1.70538583
 0.65000000  2.20000000  1.71578951
 0.70000000 -0.25000000 -0.47227435
 0.70000000 -0.20000000 -0.17141451
 0.70000000 -0.15000000  0.19309545
 0.70000000 -0.10000000  0.57110738
 0.70000000 -0.05000000  0.91330654
 0.70000000  0.00000000  1.15434890
 0.70000000  0.05000000  1.24594235
 0.70000000  0.10000000  1.16744096
 0.70000000  0.15000000  0.96815676
 0.70000000  0.20000000  0.70626876
 0.70000000  0.25000000  0.46105572
 0.70000000  0.30000000  0.28997646
 0.70000000  0.35000000  0.22628504
 0.70000000  0.40000000  0.23528233
 0.70000000  0.45000000  0.27635521
 0.70000000  0.50000000  0.29045364
 0.70000000  0.55000000  0.23882152
 0.70000000  0.60000000  0.10376870
 0.70000000  0.65000000 -0.08405691
 0.70000000  0.70000000 -0.29207447
 0.70000000  0.75000000 -0.47103028
 0.70000000  0.80000000 -0.62174345
 0.70000000  0.85000000 -0.70982982
 0.70000000  0.90000000 -0.77309534
 0.70000000  0.95000000 -0.81044777
 0.70000000  1.00000000 -0.84715567
 0.70000000  1.05000000 -0.87567704
 0.70000000  1.10000000 -0.87866235
 0.70000000  1.15000000 -0.86479676
 0.70000000  1.20000000 -0.79977444
 0.70000000  1.25000000 -0.69495940
 0.70000000  1.30000000 -0.54946390
 0.70000000  1.35000000 -0.38431279
 0.70000000  1.40000000 -0.23523785
 0.70000000  1.45000000 -0.12900956
 0.70000000  1.50000000 -0.09922998
 0.70000000  1.55000000 -0.16066548
 0.70000000  1.60000000 -0.28829671
 0.70000000  1.65000000 -0.44468389
 0.70000000  1.70000000 -0.57364338
 0.70000000  1.75000000 -0.61602923
 0.70000000  1.80000000 -0.52935386
 0.70000000  1.85000000 -0.32102344
 0.70000000  1.90000000 -0.00738517
 0.70000000  1.95000000  0.37283489
 0.70000000  2.00000000  0.77231294
 0.70000000  2.05000000  1.14094380
 0.70000000  2.10000000  1.43455494
 0.70000000  2.15000000  1.62835132
 0.70000000  2.20000000  1.70217192
 0.75000000 -0.25000000 -0.39733621
 0.75000000 -0.20000000 -0.13730919
 0.75000000 -0.15000000  0.18413093
 0.75000000 -0.10000000  0.51818229
 0.75000000 -0.05000000  0.81822823
 0.75000000  0.00000000  1.01435422
 0.75000000  0.05000000  1.05916264
 0.75000000  0.10000000  0.95215777
 0.75000000  0.15000000  0.72197548
 0.75000000  0.20000000  0.44052717
 0.75000000  0.25000000  0.19115713
 0.75000000  0.30000000  0.02440315
 0.75000000  0.35000000 -0.02104335
 0.75000000  0.40000000  0.02053741
 0.75000000  0.45000000  0.08599347
 0.75000000  0.50000000  0.12853436
 0.75000000  0.55000000  0.10054964
 0.75000000  0.60000000  0.00034006
 0.75000000  0.65000000 -0.15801493
 0.75000000  0.70000000 -0.34078773
 0.75000000  0.75000000 -0.49406588
 0.75000000  0.80000000 -0.60418870
 0.75000000  0.85000000 -0.66657880
 0.75000000  0.90000000 -0.70883855
 0.75000000  0.95000000 -0.74618339
 0.75000000  1.00000000 -0.78281309
 0.75000000  1.05000000 -0.84110189
 0.75000000  1.10000000 -0.88930285
 0.75000000  1.15000000 -0.92402320
 0.75000000  1.20000000 -0.90416387
 0.75000000  1.25000000 -0.83856534
 0.75000000  1.30000000 -0.70766106
 0.75000000  1.35000000 -0.53648142
 0.75000000  1.40000000 -0.36592372
 0.75000000  1.45000000 -0.22518569
 0.75000000  1.50000000 -0.17062769
 0.75000000  1.55000000 -0.20938802
 0.75000000  1.60000000 -0.33022992
 0.75000000  1.65000000 -0.48991582
 0.75000000  1.70000000 -0.63621618
 0.75000000  1.75000000 -0.70893714
 0.75000000  1.80000000 -0.66241797
 0.75000000  1.85000000 -0.48550503
 0.75000000  1.90000000 -0.19931167
 0.75000000  1.95000000  0.15486461
 0.75000000  2.00000000  0.53974515
 0.75000000  2.05000000  0.90710656
 0.75000000  2.10000000  1.21848754
 0.75000000  2.15000000  1.45207609
 0.75000000  2.20000000  1.58389676
 0.80000000 -0.25000000 -0.37744766
 0.80000000 -0.20000000 -0.16439738
 0.80000000 -0.15000000  0.11033676
 0.80000000 -0.10000000  0.40341920
 0.80000000 -0.05000000  0.64665958
 0.80000000  0.00000000  0.80331368
 0.80000000  0.05000000  0.81803944
 0.80000000  0.10000000  0.67672805
 0.80000000  0.15000000  0.43602950
 0.80000000  0.20000000  0.14049740
 0.80000000  0.25000000 -0.09609992
 0.80000000  0.30000000 -0.23871510
 0.80000000  0.35000000 -0.25790965
 0.80000000  0.40000000 -0.19448983
 0.80000000  0.45000000 -0.08820199
 0.80000000  0.50000000 -0.02342199
 0.80000000  0.55000000 -0.02118467
 0.80000000  0.60000000 -0.10736634
 0.80000000  0.65000000 -0.24553119
 0.80000000  0.70000000 -0.40823393
 0.80000000  0.75000000 -0.54111657
 0.80000000  0.80000000 -0.61741369
 0.80000000  0.85000000 -0.65857988
 0.80000000  0.90000000 -0.67132217
 0.80000000  0.95000000 -0.67918158
 0.80000000  1.00000000 -0.71922264
 0.80000000  1.05000000 -0.78731456
 0.80000000  1.10000000 -0.87479731
 0.80000000  1.15000000 -0.95414961
 0.80000000  1.20000000 -0.98326524
 0.80000000  1.25000000 -0.95352158
 0.80000000  1.30000000 -0.85691106
 0.80000000  1.35000000 -0.71386188
 0.80000000  1.40000000 -0.53373397
 0.80000000  1.45000000 -0.38428720
 0.80000000  1.50000000 -0.28373213
 0.80000000  1.55000000 -0.29799117
 0.80000000  1.60000000 -0.40594371
 0.80000000  1.65000000 -0.55310632
 0.80000000  1.70000000 -0.70490832
 0.80000000  1.75000000 -0.79281685
 0.80000000  1.80000000 -0.76696582
 0.80000000  1.85000000 -0.62864345
 0.80000000  1.90000000 -0.38023147
 0.80000000  1.95000000 -0.05463829
 0.80000000  2.00000000  0.29864424
 0.80000000  2.05000000  0.64584982
 0.80000000  2.10000000  0.96049282
 0.80000000  2.15000000  1.20896206
 0.80000000  2.20000000  1.37500531
 0.85000000 -0.25000000 -0.46131408
 0.85000000 -0.20000000 -0.29230924
 0.85000000 -0.15000000 -0.06328187
 0.85000000 -0.10000000  0.18533014
 0.85000000 -0.05000000  0.40880081
 0.85000000  0.00000000  0.53859881
 0.85000000  0.05000000  0.53080332
 0.85000000  0.10000000  0.39225642
 0.85000000  0.15000000  0.13388353
 0.85000000  0.20000000 -0.14429714
 0.85000000  0.25000000 -0.36961510
 0.85000000  0.30000000 -0.48368911
 0.85000000  0.35000000 -0.47287982
 0.85000000  0.40000000 -0.37234204
 0.85000000  0.45000000 -0.25622697
 0.85000000  0.50000000 -0.15613784
 0.85000000  0.55000000 -0.14631827
 0.85000000  0.60000000 -0.22377649
 0.85000000  0.65000000 -0.36255660
 0.85000000  0.70000000 -0.51990892
 0.85000000  0.75000000 -0.63785769
 0.85000000  0.80000000 -0.70094752
 0.85000000  0.85000000 -0.70479937
 0.85000000  0.90000000 -0.68312440
 0.85000000  0.95000000 -0.65872562
 0.85000000  1.00000000 -0.67678620
 0.85000000  1.05000000 -0.73932451
 0.85000000  1.10000000 -0.83967160
 0.85000000  1.15000000 -0.94879192
 0.85000000  1.20000000 -1.02977613
 0.85000000  1.25000000 -1.05311925
 0.85000000  1.30000000 -0.99818456
 0.85000000  1.35000000 -0.88111962
 0.85000000  1.40000000 -0.71939075
 0.85000000  1.45000000 -0.55429206
 0.85000000  1.50000000 -0.45663575
 0.85000000  1.55000000 -0.43552050
 0.85000000  1.60000000 -0.49795283
 0.85000000  1.65000000 -0.63465934
 0.85000000  1.70000000 -0.77073768
 0.85000000  1.75000000 -0.87037532
 0.85000000  1.80000000 -0.86312326
 0.85000000  1.85000000 -0.75471761
 0.85000000  1.90000000 -0.54157435
 0.85000000  1.95000000 -0.25521634
 0.85000000  2.00000000  0.05869783
 0.85000000  2.05000000  0.38069574
 0.85000000  2.10000000  0.67030768
 0.85000000  2.15000000  0.93316984
 0.85000000  2.20000000  1.11470819
 0.90000000 -0.25000000 -0.64030707
 0.90000000 -0.20000000 -0.53219525
 0.90000000 -0.15000000 -0.33091436
 0.90000000 -0.10000000 -0.09789823
 0.90000000 -0.05000000  0.11552119
 0.90000000  0.00000000  0.24345359
 0.90000000  0.05000000  0.24037041
 0.90000000  0.10000000  0.10783436
 0.90000000  0.15000000 -0.13310027
 0.90000000  0.20000000 -0.38696710
 0.90000000  0.25000000 -0.58296101
 0.90000000  0.30000000 -0.67564130
 0.90000000  0.35000000 -0.63807319
 0.90000000  0.40000000 -0.52264426
 0.90000000  0.45000000 -0.37736868
 0.90000000  0.50000000 -0.27033739
 0.90000000  0.55000000 -0.25246070
 0.90000000  0.60000000 -0.34154551
 0.90000000  0.65000000 -0.48869733
 0.90000000  0.70000000 -0.65644080
 0.90000000  0.75000000 -0.77328044
 0.90000000  0.80000000 -0.81799839
 0.90000000  0.85000000 -0.78136021
 0.90000000  0.90000000 -0.72490578
 0.90000000  0.95000000 -0.65912301
 0.90000000  1.00000000 -0.63893665
 0.90000000  1.05000000 -0.68448561
 0.90000000  1.10000000 -0.78596702
 0.90000000  1.15000000 -0.91073254
 0.90000000  1.20000000 -1.03270793
 0.90000000  1.25000000 -1.11110516
 0.90000000  1.30000000 -1.11433130
 0.90000000  1.35000000 -1.03871189
 0.90000000  1.40000000 -0.91014097
 0.90000000  1.45000000 -0.76204291
 0.90000000  1.50000000 -0.64738683
 0.90000000  1.55000000 -0.59900030
 0.90000000  1.60000000 -0.63305182
 0.90000000  1.65000000 -0.73752399
 0.90000000  1.70000000 -0.85991302
 0.90000000  1.75000000 -0.94445965
 0.90000000  1.80000000 -0.95661343
 0.90000000  1.85000000 -0.87219770
 0.90000000  1.90000000 -0.70309491
 0.90000000  1.95000000 -0.46127802
 0.90000000  2.00000000 -0.17476450
 0.90000000  2.05000000  0.12488154
 0.90000000  2.10000000  0.40285478
 0.90000000  2.15000000  0.65156641
 0.90000000  2.20000000  0.86576848
 0.95000000 -0.25000000 -0.89916568
 0.95000000 -0.20000000 -0.82923762
 0.95000000 -0.15000000 -0.64738884
 0.95000000 -0.10000000 -0.41664187
 0.95000000 -0.05000000 -0.19320222
 0.95000000  0.00000000 -0.03172435
 0.95000000  0.05000000 -0.01014753
 0.95000000  0.10000000 -0.12443223
 0.95000000  0.15000000 -0.31982506
 0.95000000  0.20000000 -0.55333146
 0.95000000  0.25000000 -0.72586069
 0.95000000  0.30000000 -0.80363804
 0.95000000  0.35000000 -0.74812824
 0.95000000  0.40000000 -0.61654268
 0.95000000  0.45000000 -0.45130039
 0.95000000  0.50000000 -0.35660244
 0.95000000  0.55000000 -0.35651652
 0.95000000  0.60000000 -0.45524501
 0.95000000  0.65000000 -0.61201789
 0.95000000  0.70000000 -0.79310708
 0.95000000  0.75000000 -0.91055872
 0.95000000  0.80000000 -0.94269434
 0.95000000  0.85000000 -0.88914578
 0.95000000  0.90000000 -0.77999120
 0.95000000  0.95000000 -0.66834109
 0.95000000  1.00000000 -0.59587730
 0.95000000  1.05000000 -0.60351613
 0.95000000  1.10000000 -0.68470389
 0.95000000  1.15000000 -0.82154643
 0.95000000  1.20000000 -0.98070543
 0.95000000  1.25000000 -1.11126743
 0.95000000  1.30000000 -1.16775882
 0.95000000  1.35000000 -1.16951215
 0.95000000  1.40000000 -1.09023750
 0.95000000  1.45000000 -0.96900578
 0.95000000  1.50000000 -0.85710470
 0.95000000  1.55000000 -0.78931007
 0.95000000  1.60000000 -0.79214532
 0.95000000  1.65000000 -0.86099960
 0.95000000  1.70000000 -0.94950434
 0.95000000  1.75000000 -1.03631661
 0.95000000  1.80000000 -1.05536779
 0.95000000  1.85000000 -0.99389950
 0.95000000  1.90000000 -0.85649993
 0.95000000  1.95000000 -0.64984489
 0.95000000  2.00000000 -0.39843574
 0.95000000  2.05000000 -0.12826548
 0.95000000  2.10000000  0.15399738
 0.95000000  2.15000000  0.42117089
 0.95000000  2.20000000  0.66863134
 1.00000000 -0.25000000 -1.16229580
 1.00000000 -0.20000000 -1.13259884
 1.00000000 -0.15000000 -0.95919782
 1.00000000 -0.10000000 -0.71427133
 1.00000000 -0.05000000 -0.45343931
 1.00000000  0.00000000 -0.26131548
 1.00000000  0.05000000 -0.18637233
 1.00000000  0.10000000 -0.24940720
 1.00000000  0.15000000 -0.42063310
 1.00000000  0.20000000 -0.63448703
 1.00000000  0.25000000 -0.78936306
 1.00000000  0.30000000 -0.84918030
 1.00000000  0.35000000 -0.79898605
 1.00000000  0.40000000 -0.66117171
 1.00000000  0.45000000 -0.51261047
 1.00000000  0.50000000 -0.41681333
 1.00000000  0.55000000 -0.42334737
 1.00000000  0.60000000 -0.52791297
 1.00000000  0.65000000 -0.70064763
 1.00000000  0.70000000 -0.88811988
 1.00000000  0.75000000 -1.00949893
 1.00000000  0.80000000 -1.02727241
 1.00000000  0.85000000 -0.95077130
 1.00000000  0.90000000 -0.80543762
 1.00000000  0.95000000 -0.64094087
 1.00000000  1.00000000 -0.52585736
 1.00000000  1.05000000 -0.49508097
 1.00000000  1.10000000 -0.54734104
 1.00000000  1.15000000 -0.67952170
 1.00000000  1.20000000 -0.86557241
 1.00000000  1.25000000 -1.05274607
 1.00000000  1.30000000 -1.17748727
 1.00000000  1.35000000 -1.23882555
 1.00000000  1.40000000 -1.22639937
 1.00000000  1.45000000 -1.15085477
 1.00000000  1.50000000 -1.05247887
 1.00000000  1.55000000 -0.98213263
 1.00000000  1.60000000 -0.96061418
 1.00000000  1.65000000 -0.98518785
 1.00000000  1.70000000 -1.05451201
 1.00000000  1.75000000 -1.11917268
 1.00000000  1.80000000 -1.15020471
 1.00000000  1.85000000 -1.12100576
 1.00000000  1.90000000 -1.00608677
 1.00000000  1.95000000 -0.83127480
 1.00000000  2.00000000 -0.59553953
 1.00000000  2.05000000 -0.31686231
 1.00000000  2.10000000 -0.01660660
 1.00000000  2.15000000  0.27852987
 1.00000000  2.20000000  0.55873109
 1.05000000 -0.25000000 -1.38527879
 1.05000000 -0.20000000 -1.37796502
 1.05000000 -0.15000000 -1.20877327
 1.05000000 -0.10000000 -0.94060277
 1.05000000 -0.05000000 -0.63948839
 1.05000000  0.00000000 -0.39101760
 1.05000000  0.05000000 -0.26695417
 1.05000000  0.10000000 -0.28234937
 1.05000000  0.15000000 -0.42134785
 1.05000000  0.20000000 -0.60902173
 1.05000000  0.25000000 -0.76447942
 1.05000000  0.30000000 -0.83258625
 1.05000000  0.35000000 -0.77886768
 1.05000000  0.40000000 -0.65771880
 1.05000000  0.45000000 -0.52092317
 1.05000000  0.50000000 -0.43686931
 1.05000000  0.55000000 -0.45573582
 1.05000000  0.60000000 -0.57314672
 1.05000000  0.65000000 -0.74958011
 1.05000000  0.70000000 -0.92681729
 1.05000000  0.75000000 -1.04307245
 1.05000000  0.80000000 -1.05151542
 1.05000000  0.85000000 -0.94987691
 1.05000000  0.90000000 -0.77005238
 1.05000000  0.95000000 -0.56882485
 1.05000000  1.00000000 -0.41239974
 1.05000000  1.05000000 -0.33980398
 1.05000000  1.10000000 -0.37411786
 1.05000000  1.15000000 -0.50939652
 1.05000000  1.20000000 -0.71088017
 1.05000000  1.25000000 -0.93520809
 1.05000000  1.30000000 -1.12931347
 1.05000000  1.35000000 -1.25471781
 1.05000000  1.40000000 -1.30953170
 1.05000000  1.45000000 -1.27967013
 1.05000000  1.50000000 -1.21494632
 1.05000000  1.55000000 -1.13958734
 1.05000000  1.60000000 -1.09126470
 1.05000000  1.65000000 -1.09555871
 1.05000000  1.70000000 -1.13377939
 1.05000000  1.75000000 -1.18569025
 1.05000000  1.80000000 -1.21732837
 1.05000000  1.85000000 -1.19954377
 1.05000000  1.90000000 -1.11631405
 1.05000000  1.95000000 -0.95237664
 1.05000000  2.00000000 -0.71464144
 1.05000000  2.05000000 -0.42749701
 1.05000000  2.10000000 -0.09739818
 1.05000000  2.15000000  0.25232546
 1.05000000  2.20000000  0.58198452
 1.10000000 -0.25000000 -1.49519308
 1.10000000 -0.20000000 -1.51595817
 1.10000000 -0.15000000 -1.35364461
 1.10000000 -0.10000000 -1.06719501
 1.10000000 -0.05000000 -0.72146699
 1.10000000  0.00000000 -0.42938934
 1.10000000  0.05000000 -0.24996062
 1.10000000  0.10000000 -0.22337149
 1.10000000  0.15000000 -0.32398842
 1.10000000  0.20000000 -0.50180337
 1.10000000  0.25000000 -0.65648086
 1.10000000  0.30000000 -0.73592317
 1.10000000  0.35000000 -0.71663632
 1.10000000  0.40000000 -0.61259011
 1.10000000  0.45000000 -0.49612094
 1.10000000  0.50000000 -0.42392300
 1.10000000  0.55000000 -0.44792091
 1.10000000  0.60000000 -0.55632333
 1.10000000  0.65000000 -0.72568561
 1.10000000  0.70000000 -0.89515746
 1.10000000  0.75000000 -0.98768360
 1.10000000  0.80000000 -0.98232294
 1.10000000  0.85000000 -0.87461306
 1.10000000  0.90000000 -0.68102732
 1.10000000  0.95000000 -0.45881415
 1.10000000  1.00000000 -0.27185502
 1.10000000  1.05000000 -0.17945704
 1.10000000  1.10000000 -0.19260661
 1.10000000  1.15000000 -0.31922848
 1.10000000  1.20000000 -0.53393316
 1.10000000  1.25000000 -0.78056720
 1.10000000  1.30000000 -1.04021646
 1.10000000  1.35000000 -1.22178132
 1.10000000  1.40000000 -1.33482579
 1.10000000  1.45000000 -1.37024490
 1.10000000  1.50000000 -1.31925815
 1.10000000  1.55000000 -1.25254925
 1.10000000  1.60000000 -1.18139898
 1.10000000  1.65000000 -1.14758288
 1.10000000  1.70000000 -1.15825274
 1.10000000  1.75000000 -1.18678889
 1.10000000  1.80000000 -1.22239703
 1.10000000  1.85000000 -1.21488761
 1.10000000  1.90000000 -1.14202471
 1.10000000  1.95000000 -0.98655785
 1.10000000  2.00000000 -0.73391067
 1.10000000  2.05000000 -0.41595920
 1.10000000  2.10000000 -0.04099801
 1.10000000  2.15000000  0.36236296
 1.10000000  2.20000000  0.74395214
 1.15000000 -0.25000000 -1.47453246
 1.15000000 -0.20000000 -1.52304541
 1.15000000 -0.15000000 -1.36893872
 1.15000000 -0.10000000 -1.07539871
 1.15000000 -0.05000000 -0.70957146
 1.15000000  0.00000000 -0.37063531
 1.15000000  0.05000000 -0.14717758
 1.15000000  0.10000000 -0.08451284
 1.15000000  0.15000000 -0.16928758
 1.15000000  0.20000000 -0.32670990
 1.15000000  0.25000000 -0.48687005
 1.15000000  0.30000000 -0.58377173
 1.15000000  0.35000000 -0.58016998
 1.15000000  0.40000000 -0.52127760
 1.15000000  0.45000000 -0.43210963
 1.15000000  0.50000000 -0.37563899
 1.15000000  0.55000000 -0.39829559
 1.15000000  0.60000000 -0.49634683
 1.15000000  0.65000000 -0.64537147
 1.15000000  0.70000000 -0.77900911
 1.15000000  0.75000000 -0.86069456
 1.15000000  0.80000000 -0.84846498
 1.15000000  0.85000000 -0.72794584
 1.15000000  0.90000000 -0.54084271
 1.15000000  0.95000000 -0.32813444
 1.15000000  1.00000000 -0.14562029
 1.15000000  1.05000000 -0.03804594
 1.15000000  1.10000000 -0.04080193
 1.15000000  1.15000000 -0.15955026
 1.15000000  1.20000000 -0.37416328
 1.15000000  1.25000000 -0.64667262
 1.15000000  1.30000000 -0.92782206
 1.15000000  1.35000000 -1.16672412
 1.15000000  1.40000000 -1.32568596
 1.15000000  1.45000000 -1.38573184
 1.15000000  1.50000000 -1.37336915
 1.15000000  1.55000000 -1.29277095
 1.15000000  1.60000000 -1.19702536
 1.15000000  1.65000000 -1.13502803
 1.15000000  1.70000000 -1.10236721
 1.15000000  1.75000000 -1.11068170
 1.15000000  1.80000000 -1.12419871
 1.15000000  1.85000000 -1.11856301
 1.15000000  1.90000000 -1.04900475
 1.15000000  1.95000000 -0.88551528
 1.15000000  2.00000000 -0.62187927
 1.15000000  2.05000000 -0.26311474
 1.15000000  2.10000000  0.15986012
 1.15000000  2.15000000  0.61310201
 1.15000000  2.20000000  1.03431649
 1.20000000 -0.25000000 -1.31996713
 1.20000000 -0.20000000 -1.39209280
 1.20000000 -0.15000000 -1.27332853
 1.20000000 -0.10000000 -0.98442890
 1.20000000 -0.05000000 -0.61566314
 1.20000000  0.00000000 -0.24834430
 1.20000000  0.05000000 -0.00349478
 1.20000000  0.10000000  0.10074564
 1.20000000  0.15000000  0.04936805
 1.20000000  0.20000000 -0.09821456
 1.20000000  0.25000000 -0.25431671
 1.20000000  0.30000000 -0.38032689
 1.20000000  0.35000000 -0.41563832
 1.20000000  0.40000000 -0.37365500
 1.20000000  0.45000000 -0.32089075
 1.20000000  0.50000000 -0.28779918
 1.20000000  0.55000000 -0.30888937
 1.20000000  0.60000000 -0.38575197
 1.20000000  0.65000000 -0.50967251
 1.20000000  0.70000000 -0.62012750
 1.20000000  0.75000000 -0.67691561
 1.20000000  0.80000000 -0.66183133
 1.20000000  0.85000000 -0.56428997
 1.20000000  0.90000000 -0.39985419
 1.20000000  0.95000000 -0.21349514
 1.20000000  1.00000000 -0.04249171
 1.20000000  1.05000000  0.04392562
 1.20000000  1.10000000  0.04224948
 1.20000000  1.15000000 -0.06818424
 1.20000000  1.20000000 -0.27424967
 1.20000000  1.25000000 -0.54562765
 1.20000000  1.30000000 -0.83431863
 1.20000000  1.35000000 -1.08844910
 1.20000000  1.40000000 -1.27244140
 1.20000000  1.45000000 -1.36478952
 1.20000000  1.50000000 -1.35064315
 1.20000000  1.55000000 -1.26953962
 1.20000000  1.60000000 -1.14863541
 1.20000000  1.65000000 -1.04005046
 1.20000000  1.70000000 -0.95918861
 1.20000000  1.75000000 -0.92836220
 1.20000000  1.80000000 -0.92098561
 1.20000000  1.85000000 -0.90412806
 1.20000000  1.90000000 -0.83121502
 1.20000000  1.95000000 -0.66012846
 1.20000000  2.00000000 -0.37505348
 1.20000000  2.05000000  0.01311923
 1.20000000  2.10000000  0.47896009
 1.20000000  2.15000000  0.96939530
 1.20000000  2.20000000  1.40969634
 1.25000000 -0.25000000 -1.06937861
 1.25000000 -0.20000000 -1.18461199
 1.25000000 -0.15000000 -1.08501002
 1.25000000 -0.10000000 -0.81662858
 1.25000000 -0.05000000 -0.45903301
 1.25000000  0.00000000 -0.10013959
 1.25000000  0.05000000  0.17692081
 1.25000000  0.10000000  0.29911953
 1.25000000  0.15000000  0.27724241
 1.25000000  0.20000000  0.15586294
 1.25000000  0.25000000  0.00035844
 1.25000000  0.30000000 -0.13524986
 1.25000000  0.35000000 -0.20048930
 1.25000000  0.40000000 -0.20557355
 1.25000000  0.45000000 -0.17351602
 1.25000000  0.50000000 -0.15660248
 1.25000000  0.55000000 -0.16919424
 1.25000000  0.60000000 -0.23207543
 1.25000000  0.65000000 -0.32332807
 1.25000000  0.70000000 -0.41555494
 1.25000000  0.75000000 -0.46431302
 1.25000000  0.80000000 -0.46815992
 1.25000000  0.85000000 -0.39524320
 1.25000000  0.90000000 -0.27943952
 1.25000000  0.95000000 -0.14227854
 1.25000000  1.00000000 -0.02465730
 1.25000000  1.05000000  0.03674887
 1.25000000  1.10000000  0.03479008
 1.25000000  1.15000000 -0.06997080
 1.25000000  1.20000000 -0.25277970
 1.25000000  1.25000000 -0.49788865
 1.25000000  1.30000000 -0.76775208
 1.25000000  1.35000000 -1.02797223
 1.25000000  1.40000000 -1.21224743
 1.25000000  1.45000000 -1.29826882
 1.25000000  1.50000000 -1.29225622
 1.25000000  1.55000000 -1.17777731
 1.25000000  1.60000000 -1.03402667
 1.25000000  1.65000000 -0.88151239
 1.25000000  1.70000000 -0.75330950
 1.25000000  1.75000000 -0.67722465
 1.25000000  1.80000000 -0.63489652
 1.25000000  1.85000000 -0.58844630
 1.25000000  1.90000000 -0.50579207
 1.25000000  1.95000000 -0.33181189
 1.25000000  2.00000000 -0.03013696
 1.25000000  2.05000000  0.38381375
 1.25000000  2.10000000  0.86627641
 1.25000000  2.15000000  1.36361751
 1.25000000  2.20000000  1.81801246
 1.30000000 -0.25000000 -0.78416784
 1.30000000 -0.20000000 -0.89842338
 1.30000000 -0.15000000 -0.83617119
 1.30000000 -0.10000000 -0.60166533
 1.30000000 -0.05000000 -0.26274182
 1.30000000  0.00000000  0.07276146
 1.30000000  0.05000000  0.34365017
 1.30000000  0.10000000  0.49309315
 1.30000000  0.15000000  0.50076838
 1.30000000  0.20000000  0.40795483
 1.30000000  0.25000000  0.25758599
 1.30000000  0.30000000  0.12257105
 1.30000000  0.35000000  0.03131904
 1.30000000  0.40000000 -0.01030600
 1.30000000  0.45000000 -0.00215089
 1.30000000  0.50000000  0.00177931
 1.30000000  0.55000000 -0.01363512
 1.30000000  0.60000000 -0.04704994
 1.30000000  0.65000000 -0.12022876
 1.30000000  0.70000000 -0.19442895
 1.30000000  0.75000000 -0.25340563
 1.30000000  0.80000000 -0.28622323
 1.30000000  0.85000000 -0.26747363
 1.30000000  0.90000000 -0.21371257
 1.30000000  0.95000000 -0.14475969
 1.30000000  1.00000000 -0.08828703
 1.30000000  1.05000000 -0.05335388
 1.30000000  1.10000000 -0.07855348
 1.30000000  1.15000000 -0.16199096
 1.30000000  1.20000000 -0.31186625
 1.30000000  1.25000000 -0.51768210
 1.30000000  1.30000000 -0.74970774
 1.30000000  1.35000000 -0.97009058
 1.30000000  1.40000000 -1.13637360
 1.30000000  1.45000000 -1.21763208
 1.30000000  1.50000000 -1.18540144
 1.30000000  1.55000000 -1.06831245
 1.30000000  1.60000000 -0.88424364
 1.30000000  1.65000000 -0.68256276
 1.30000000  1.70000000 -0.51068315
 1.30000000  1.75000000 -0.38026072
 1.30000000  1.80000000 -0.29638886
 1.30000000  1.85000000 -0.22693600
 1.30000000  1.90000000 -0.13435886
 1.30000000  1.95000000  0.05485522
 1.30000000  2.00000000  0.34997813
 1.30000000  2.05000000  0.76892441
 1.30000000  2.10000000  1.24669801
 1.30000000  2.15000000  1.73751174
 1.30000000  2.20000000  2.16792106
 1.35000000 -0.25000000 -0.48382587
 1.35000000 -0.20000000 -0.60803725
 1.35000000 -0.15000000 -0.56126901
 1.35000000 -0.10000000 -0.36610765
 1.35000000 -0.05000000 -0.07106598
 1.35000000  0.00000000  0.24596254
 1.35000000  0.05000000  0.49911666
 1.35000000  0.10000000  0.66018088
 1.35000000  0.15000000  0.69544714
 1.35000000  0.20000000  0.62448732
 1.35000000  0.25000000  0.49955853
 1.35000000  0.30000000  0.36791518
 1.35000000  0.35000000  0.25990235
 1.35000000  0.40000000  0.19631579
 1.35000000  0.45000000  0.17806673
 1.35000000  0.50000000  0.17649476
 1.35000000  0.55000000  0.16837361
 1.35000000  0.60000000  0.14162705
 1.35000000  0.65000000  0.09121536
 1.35000000  0.70000000  0.00709279
 1.35000000  0.75000000 -0.06818397
 1.35000000  0.80000000 -0.13514795
 1.35000000  0.85000000 -0.17874796
 1.35000000  0.90000000 -0.19811282
 1.35000000  0.95000000 -0.20872163
 1.35000000  1.00000000 -0.20217937
 1.35000000  1.05000000 -0.21648792
 1.35000000  1.10000000 -0.25858162
 1.35000000  1.15000000 -0.33116239
 1.35000000  1.20000000 -0.43974336
 1.35000000  1.25000000 -0.59132414
 1.35000000  1.30000000 -0.76257180
 1.35000000  1.35000000 -0.93626712
 1.35000000  1.40000000 -1.06066081
 1.35000000  1.45000000 -1.11839974
 1.35000000  1.50000000 -1.06751950
 1.35000000  1.55000000 -0.93575709
 1.35000000  1.60000000 -0.72943659
 1.35000000  1.65000000 -0.49094286
 1.35000000  1.70000000 -0.27780451
 1.35000000  1.75000000 -0.10418352
 1.35000000  1.80000000  0.01687711
 1.35000000  1.85000000  0.10265775
 1.35000000  1.90000000  0.21970729
 1.35000000  1.95000000  0.40727160
 1.35000000  2.00000000  0.70228193
 1.35000000  2.05000000  1.09391376
 1.35000000  2.10000000  1.54487421
 1.35000000  2.15000000  2.00364401
 1.35000000  2.20000000  2.38994962
 1.40000000 -0.25000000 -0.22531509
 1.40000000 -0.20000000 -0.33205686
 1.40000000 -0.15000000 -0.30191636
 1.40000000 -0.10000000 -0.14548898
 1.40000000 -0.05000000  0.10720968
 1.40000000  0.00000000  0.39052555
 1.40000000  0.05000000  0.62442928
 1.40000000  0.10000000  0.78792542
 1.40000000  0.15000000  0.84345177
 1.40000000  0.20000000  0.80381831
 1.40000000  0.25000000  0.69772752
 1.40000000  0.30000000  0.56268021
 1.40000000  0.35000000  0.45499274
 1.40000000  0.40000000  0.38083155
 1.40000000  0.45000000  0.35336774
 1.40000000  0.50000000  0.34410677
 1.40000000  0.55000000  0.35462332
 1.40000000  0.60000000  0.33261345
 1.40000000  0.65000000  0.27398479
 1.40000000  0.70000000  0.19723371
 1.40000000  0.75000000  0.08575128
 1.40000000  0.80000000 -0.03568762
 1.40000000  0.85000000 -0.15141538
 1.40000000  0.90000000 -0.24267363
 1.40000000  0.95000000 -0.32299083
 1.40000000  1.00000000 -0.38293113
 1.40000000  1.05000000 -0.43388662
 1.40000000  1.10000000 -0.47840312
 1.40000000  1.15000000 -0.52525462
 1.40000000  1.20000000 -0.59593831
 1.40000000  1.25000000 -0.69181410
 1.40000000  1.30000000 -0.80925816
 1.40000000  1.35000000 -0.90817646
 1.40000000  1.40000000 -0.99874446
 1.40000000  1.45000000 -1.01520057
 1.40000000  1.50000000 -0.95550816
 1.40000000  1.55000000 -0.80734124
 1.40000000  1.60000000 -0.58171054
 1.40000000  1.65000000 -0.32586465
 1.40000000  1.70000000 -0.08872759
 1.40000000  1.75000000  0.12022683
 1.40000000  1.80000000  0.26819455
 1.40000000  1.85000000  0.38272367
 1.40000000  1.90000000  0.50325391
 1.40000000  1.95000000  0.68790092
 1.40000000  2.00000000  0.95062271
 1.40000000  2.05000000  1.30493857
 1.40000000  2.10000000  1.71947094
 1.40000000  2.15000000  2.12180565
 1.40000000  2.20000000  2.44359077
 1.45000000 -0.25000000 -0.01986877
 1.45000000 -0.20000000 -0.10673853
 1.45000000 -0.15000000 -0.07537689
 1.45000000 -0.10000000  0.05093545
 1.45000000 -0.05000000  0.26402630
 1.45000000  0.00000000  0.49359483
 1.45000000  0.05000000  0.71626959
 1.45000000  0.10000000  0.86214886
 1.45000000  0.15000000  0.92224774
 1.45000000  0.20000000  0.90355190
 1.45000000  0.25000000  0.80819275
 1.45000000  0.30000000  0.69236763
 1.45000000  0.35000000  0.59096260
 1.45000000  0.40000000  0.51800919
 1.45000000  0.45000000  0.48819343
 1.45000000  0.50000000  0.49737057
 1.45000000  0.55000000  0.51159237
 1.45000000  0.60000000  0.51306959
 1.45000000  0.65000000  0.45136188
 1.45000000  0.70000000  0.34689416
 1.45000000  0.75000000  0.19828370
 1.45000000  0.80000000  0.01683927
 1.45000000  0.85000000 -0.16363607
 1.45000000  0.90000000 -0.32841663
 1.45000000  0.95000000 -0.47145869
 1.45000000  1.00000000 -0.56959223
 1.45000000  1.05000000 -0.64976851
 1.45000000  1.10000000 -0.70072772
 1.45000000  1.15000000 -0.73025095
 1.45000000  1.20000000 -0.76033907
 1.45000000  1.25000000 -0.80815946
 1.45000000  1.30000000 -0.84980997
 1.45000000  1.35000000 -0.90838579
 1.45000000  1.40000000 -0.94892410
 1.45000000  1.45000000 -0.93700208
 1.45000000  1.50000000 -0.86361680
 1.45000000  1.55000000 -0.71250999
 1.45000000  1.60000000 -0.48083211
 1.45000000  1.65000000 -0.22326343
 1.45000000  1.70000000  0.04121684
 1.45000000  1.75000000  0.25738573
 1.45000000  1.80000000  0.42833641
 1.45000000  1.85000000  0.55529728
 1.45000000  1.90000000  0.67382844
 1.45000000  1.95000000  0.83492851
 1.45000000  2.00000000  1.07107515
 1.45000000  2.05000000  1.37800725
 1.45000000  2.10000000  1.72698488
 1.45000000  2.15000000  2.06692718
 1.45000000  2.20000000  2.33463868
 1.50000000 -0.25000000  0.11516433
 1.50000000 -0.20000000  0.06372424
 1.50000000 -0.15000000  0.09497713
 1.50000000 -0.10000000  0.19439493
 1.50000000 -0.05000000  0.36885876
 1.50000000  0.00000000  0.56405462
 1.50000000  0.05000000  0.74796305
 1.50000000  0.10000000  0.88408289
 1.50000000  0.15000000  0.93278140
 1.50000000  0.20000000  0.91809872
 1.50000000  0.25000000  0.83996176
 1.50000000  0.30000000  0.73137630
 1.50000000  0.35000000  0.64096945
 1.50000000  0.40000000  0.58574042
 1.50000000  0.45000000  0.57078523
 1.50000000  0.50000000  0.60744733
 1.50000000  0.55000000  0.64485528
 1.50000000  0.60000000  0.64512267
 1.50000000  0.65000000  0.59945500
 1.50000000  0.70000000  0.46921606
 1.50000000  0.75000000  0.27250833
 1.50000000  0.80000000  0.03442004
 1.50000000  0.85000000 -0.21172921
 1.50000000  0.90000000 -0.43060801
 1.50000000  0.95000000 -0.61211676
 1.50000000  1.00000000 -0.76278130
 1.50000000  1.05000000 -0.84988637
 1.50000000  1.10000000 -0.89626366
 1.50000000  1.15000000 -0.91427756
 1.50000000  1.20000000 -0.90665863
 1.50000000  1.25000000 -0.90117384
 1.50000000  1.30000000 -0.89898892
 1.50000000  1.35000000 -0.90648378
 1.50000000  1.40000000 -0.90954773
 1.50000000  1.45000000 -0.88322574
 1.50000000  1.50000000 -0.80687892
 1.50000000  1.55000000 -0.65648360
 1.50000000  1.60000000 -0.44308285
 1.50000000  1.65000000 -0.18540794
 1.50000000  1.70000000  0.08009559
 1.50000000  1.75000000  0.30447354
 1.50000000  1.80000000  0.48537443
 1.50000000  1.85000000  0.60954307
 1.50000000  1.90000000  0.72140347
 1.50000000  1.95000000  0.85277920
 1.50000000  2.00000000  1.04795730
 1.50000000  2.05000000  1.30628763
 1.50000000  2.10000000  1.59497271
 1.50000000  2.15000000  1.87352169
 1.50000000  2.20000000  2.07057439
 1.55000000 -0.25000000  0.17112377
 1.55000000 -0.20000000  0.15228191
 1.55000000 -0.15000000  0.18911560
 1.55000000 -0.10000000  0.27905832
 1.55000000 -0.05000000  0.40872354
 1.55000000  0.00000000  0.57392680
 1.55000000  0.05000000  0.72137890
 1.55000000  0.10000000  0.82667424
 1.55000000  0.15000000  0.86514978
 1.55000000  0.20000000  0.84289464
 1.55000000  0.25000000  0.76843128
 1.55000000  0.30000000  0.67681728
 1.55000000  0.35000000  0.60594342
 1.55000000  0.40000000  0.56851038
 1.55000000  0.45000000  0.60373742
 1.55000000  0.50000000  0.67050059
 1.55000000  0.55000000  0.74014115
 1.55000000  0.60000000  0.76672561
 1.55000000  0.65000000  0.71109789
 1.55000000  0.70000000  0.55391473
 1.55000000  0.75000000  0.31561314
 1.55000000  0.80000000  0.02899059
 1.55000000  0.85000000 -0.26347618
 1.55000000  0.90000000 -0.52561123
 1.55000000  0.95000000 -0.75422503
 1.55000000  1.00000000 -0.91771042
 1.55000000  1.05000000 -1.01155726
 1.55000000  1.10000000 -1.05275217
 1.55000000  1.15000000 -1.04974147
 1.55000000  1.20000000 -1.01650013
 1.55000000  1.25000000 -0.97256445
 1.55000000  1.30000000 -0.94757746
 1.55000000  1.35000000 -0.92071730
 1.55000000  1.40000000 -0.89649942
 1.55000000  1.45000000 -0.86322643
 1.55000000  1.50000000 -0.78593767
 1.55000000  1.55000000 -0.65345898
 1.55000000  1.60000000 -0.44594794
 1.55000000  1.65000000 -0.21104872
 1.55000000  1.70000000  0.03507192
 1.55000000  1.75000000  0.25904117
 1.55000000  1.80000000  0.43032684
 1.55000000  1.85000000  0.55644079
 1.55000000  1.90000000  0.65260467
 1.55000000  1.95000000  0.77116776
 1.55000000  2.00000000  0.90971356
 1.55000000  2.05000000  1.11031062
 1.55000000  2.10000000  1.34722384
 1.55000000  2.15000000  1.56981651
 1.55000000  2.20000000  1.71160548
 1.60000000 -0.25000000  0.16506039
 1.60000000 -0.20000000  0.16077096
 1.60000000 -0.15000000  0.19767930
 1.60000000 -0.10000000  0.27417249
 1.60000000 -0.05000000  0.38020992
 1.60000000  0.00000000  0.51062718
 1.60000000  0.05000000  0.61934170
 1.60000000  0.10000000  0.68754213
 1.60000000  0.15000000  0.71097900
 1.60000000  0.20000000  0.67261569
 1.60000000  0.25000000  0.60347337
 1.60000000  0.30000000  0.51708834
 1.60000000  0.35000000  0.48249766
 1.60000000  0.40000000  0.49518915
 1.60000000  0.45000000  0.57939086
 1.60000000  0.50000000  0.69255644
 1.60000000  0.55000000  0.80263802
 1.60000000  0.60000000  0.84237178
 1.60000000  0.65000000  0.79519739
 1.60000000  0.70000000  0.61275794
 1.60000000  0.75000000  0.35293911
 1.60000000  0.80000000  0.03166921
 1.60000000  0.85000000 -0.30326766
 1.60000000  0.90000000 -0.60282399
 1.60000000  0.95000000 -0.84183395
 1.60000000  1.00000000 -1.01035219
 1.60000000  1.05000000 -1.10883270
 1.60000000  1.10000000 -1.14387334
 1.60000000  1.15000000 -1.13536659
 1.60000000  1.20000000 -1.08829763
 1.60000000  1.25000000 -1.03137175
 1.60000000  1.30000000 -0.98694169
 1.60000000  1.35000000 -0.94248360
 1.60000000  1.40000000 -0.92654634
 1.60000000  1.45000000 -0.88165197
 1.60000000  1.50000000 -0.82018629
 1.60000000  1.55000000 -0.69105234
 1.60000000  1.60000000 -0.51521635
 1.60000000  1.65000000 -0.29623364
 1.60000000  1.70000000 -0.06690801
 1.60000000  1.75000000  0.13896322
 1.60000000  1.80000000  0.29868666
 1.60000000  1.85000000  0.40595720
 1.60000000  1.90000000  0.48172182
 1.60000000  1.95000000  0.56408049
 1.60000000  2.00000000  0.69115394
 1.60000000  2.05000000  0.85314657
 1.60000000  2.10000000  1.03837893
 1.60000000  2.15000000  1.20718207
 1.60000000  2.20000000  1.31180558
 1.65000000 -0.25000000  0.08593585
 1.65000000 -0.20000000  0.08272922
 1.65000000 -0.15000000  0.10935389
 1.65000000 -0.10000000  0.16792094
 1.65000000 -0.05000000  0.25386527
 1.65000000  0.00000000  0.35068468
 1.65000000  0.05000000  0.42984460
 1.65000000  0.10000000  0.47758111
 1.65000000  0.15000000  0.46996065
 1.65000000  0.20000000  0.41682931
 1.65000000  0.25000000  0.35240377
 1.65000000  0.30000000  0.30354148
 1.65000000  0.35000000  0.30855194
 1.65000000  0.40000000  0.38267813
 1.65000000  0.45000000  0.51370925
 1.65000000  0.50000000  0.67933972
 1.65000000  0.55000000  0.82515237
 1.65000000  0.60000000  0.89245386
 1.65000000  0.65000000  0.84065007
 1.65000000  0.70000000  0.66487681
 1.65000000  0.75000000  0.38039897
 1.65000000  0.80000000  0.03823315
 1.65000000  0.85000000 -0.30500458
 1.65000000  0.90000000 -0.62017209
 1.65000000  0.95000000 -0.86336438
 1.65000000  1.00000000 -1.03879076
 1.65000000  1.05000000 -1.13628620
 1.65000000  1.10000000 -1.17511347
 1.65000000  1.15000000 -1.16824308
 1.65000000  1.20000000 -1.11911285
 1.65000000  1.25000000 -1.07017457
 1.65000000  1.30000000 -1.02000473
 1.65000000  1.35000000 -0.98059568
 1.65000000  1.40000000 -0.95967236
 1.65000000  1.45000000 -0.93402366
 1.65000000  1.50000000 -0.88577855
 1.65000000  1.55000000 -0.78105551
 1.65000000  1.60000000 -0.62271998
 1.65000000  1.65000000 -0.42462083
 1.65000000  1.70000000 -0.21763483
 1.65000000  1.75000000 -0.03466288
 1.65000000  1.80000000  0.10487207
 1.65000000  1.85000000  0.19339964
 1.65000000  1.90000000  0.25822244
 1.65000000  1.95000000  0.31819494
 1.65000000  2.00000000  0.41121211
 1.65000000  2.05000000  0.54467394
 1.65000000  2.10000000  0.68696905
 1.65000000  2.15000000  0.82595593
 1.65000000  2.20000000  0.91076005
 1.70000000 -0.25000000 -0.03493438
 1.70000000 -0.20000000 -0.06491378
 1.70000000 -0.15000000 -0.06560196
 1.70000000 -0.10000000 -0.03957017
 1.70000000 -0.05000000  0.02541746
 1.70000000  0.00000000  0.10116813
 1.70000000  0.05000000  0.15657246
 1.70000000  0.10000000  0.17672204
 1.70000000  0.15000000  0.16396104
 1.70000000  0.20000000  0.10692585
 1.70000000  0.25000000  0.05264160
 1.70000000  0.30000000  0.03843291
 1.70000000  0.35000000  0.08780907
 1.70000000  0.40000000  0.21808440
 1.70000000  0.45000000  0.41937621
 1.70000000  0.50000000  0.63553811
 1.70000000  0.55000000  0.81625605
 1.70000000  0.60000000  0.90216478
 1.70000000  0.65000000  0.85795746
 1.70000000  0.70000000  0.69157396
 1.70000000  0.75000000  0.40926784
 1.70000000  0.80000000  0.07098519
 1.70000000  0.85000000 -0.28285325
 1.70000000  0.90000000 -0.58267058
 1.70000000  0.95000000 -0.83239412
 1.70000000  1.00000000 -0.99925183
 1.70000000  1.05000000 -1.10752911
 1.70000000  1.10000000 -1.15719381
 1.70000000  1.15000000 -1.15809264
 1.70000000  1.20000000 -1.13468951
 1.70000000  1.25000000 -1.09603369
 1.70000000  1.30000000 -1.05416347
 1.70000000  1.35000000 -1.03899010
 1.70000000  1.40000000 -1.02881476
 1.70000000  1.45000000 -1.00987161
 1.70000000  1.50000000 -0.97626628
 1.70000000  1.55000000 -0.88895282
 1.70000000  1.60000000 -0.75481954
 1.70000000  1.65000000 -0.58269128
 1.70000000  1.70000000 -0.40617227
 1.70000000  1.75000000 -0.25081767
 1.70000000  1.80000000 -0.12655444
 1.70000000  1.85000000 -0.05885991
 1.70000000  1.90000000 -0.01666984
 1.70000000  1.95000000  0.02700683
 1.70000000  2.00000000  0.09692738
 1.70000000  2.05000000  0.20085926
 1.70000000  2.10000000  0.32260745
 1.70000000  2.15000000  0.43855610
 1.70000000  2.20000000  0.50338231
 1.75000000 -0.25000000 -0.18821004
 1.75000000 -0.20000000 -0.26594191
 1.75000000 -0.15000000 -0.31805220
 1.75000000 -0.10000000 -0.31551787
 1.75000000 -0.05000000 -0.28644561
 1.75000000  0.00000000 -0.23060870
 1.75000000  0.05000000 -0.18934654
 1.75000000  0.10000000 -0.17102374
 1.75000000  0.15000000 -0.20071865
 1.75000000  0.20000000 -0.24372957
 1.75000000  0.25000000 -0.26047371
 1.75000000  0.30000000 -0.23387791
 1.75000000  0.35000000 -0.12734606
 1.75000000  0.40000000  0.05926260
 1.75000000  0.45000000  0.31234207
 1.75000000  0.50000000  0.56121199
 1.75000000  0.55000000  0.76137685
 1.75000000  0.60000000  0.87168595
 1.75000000  0.65000000  0.85488975
 1.75000000  0.70000000  0.68639218
 1.75000000  0.75000000  0.42710623
 1.75000000  0.80000000  0.10990616
 1.75000000  0.85000000 -0.21003138
 1.75000000  0.90000000 -0.49656952
 1.75000000  0.95000000 -0.74181717
 1.75000000  1.00000000 -0.92756341
 1.75000000  1.05000000 -1.05113365
 1.75000000  1.10000000 -1.11768755
 1.75000000  1.15000000 -1.15139410
 1.75000000  1.20000000 -1.13618615
 1.75000000  1.25000000 -1.12620318
 1.75000000  1.30000000 -1.11065405
 1.75000000  1.35000000 -1.11609543
 1.75000000  1.40000000 -1.10617211
 1.75000000  1.45000000 -1.09808987
 1.75000000  1.50000000 -1.07882794
 1.75000000  1.55000000 -1.00002592
 1.75000000  1.60000000 -0.89105731
 1.75000000  1.65000000 -0.74294377
 1.75000000  1.70000000 -0.59449867
 1.75000000  1.75000000 -0.46388830
 1.75000000  1.80000000 -0.37012223
 1.75000000  1.85000000 -0.32066809
 1.75000000  1.90000000 -0.30664171
 1.75000000  1.95000000 -0.27935823
 1.75000000  2.00000000 -0.23510928
 1.75000000  2.05000000 -0.15244371
 1.75000000  2.10000000 -0.05370649
 1.75000000  2.15000000  0.05426416
 1.75000000  2.20000000  0.12545958
 1.80000000 -0.25000000 -0.32988180
 1.80000000 -0.20000000 -0.47188002
 1.80000000 -0.15000000 -0.57914451
 1.80000000 -0.10000000 -0.63056994
 1.80000000 -0.05000000 -0.63341973
 1.80000000  0.00000000 -0.60385745
 1.80000000  0.05000000 -0.57092316
 1.80000000  0.10000000 -0.56089194
 1.80000000  0.15000000 -0.56655485
 1.80000000  0.20000000 -0.58137506
 1.80000000  0.25000000 -0.56415573
 1.80000000  0.30000000 -0.49162346
 1.80000000  0.35000000 -0.33018245
 1.80000000  0.40000000 -0.09231684
 1.80000000  0.45000000  0.18169529
 1.80000000  0.50000000  0.46352442
 1.80000000  0.55000000  0.67873083
 1.80000000  0.60000000  0.79809413
 1.80000000  0.65000000  0.79077009
 1.80000000  0.70000000  0.66170258
 1.80000000  0.75000000  0.43564347
 1.80000000  0.80000000  0.16282845
 1.80000000  0.85000000 -0.12192916
 1.80000000  0.90000000 -0.40070542
 1.80000000  0.95000000 -0.63104190
 1.80000000  1.00000000 -0.82109975
 1.80000000  1.05000000 -0.97045205
 1.80000000  1.10000000 -1.07634888
 1.80000000  1.15000000 -1.13783037
 1.80000000  1.20000000 -1.16517020
 1.80000000  1.25000000 -1.17073613
 1.80000000  1.30000000 -1.17677916
 1.80000000  1.35000000 -1.18656247
 1.80000000  1.40000000 -1.19303949
 1.80000000  1.45000000 -1.18645847
 1.80000000  1.50000000 -1.16282920
 1.80000000  1.55000000 -1.10848283
 1.80000000  1.60000000 -1.00352107
 1.80000000  1.65000000 -0.87910705
 1.80000000  1.70000000 -0.75932402
 1.80000000  1.75000000 -0.66773573
 1.80000000  1.80000000 -0.60184193
 1.80000000  1.85000000 -0.57894215
 1.80000000  1.90000000 -0.57823285
 1.80000000  1.95000000 -0.58128294
 1.80000000  2.00000000 -0.55147114
 1.80000000  2.05000000 -0.49767826
 1.80000000  2.10000000 -0.41885513
 1.80000000  2.15000000 -0.32728720
 1.80000000  2.20000000 -0.25513124
 1.85000000 -0.25000000 -0.43030624
 1.85000000 -0.20000000 -0.64162415
 1.85000000 -0.15000000 -0.81747306
 1.85000000 -0.10000000 -0.92945844
 1.85000000 -0.05000000 -0.98001064
 1.85000000  0.00000000 -0.98005034
 1.85000000  0.05000000 -0.96149720
 1.85000000  0.10000000 -0.93834399
 1.85000000  0.15000000 -0.92848086
 1.85000000  0.20000000 -0.90394917
 1.85000000  0.25000000 -0.83896076
 1.85000000  0.30000000 -0.71793795
 1.85000000  0.35000000 -0.51070055
 1.85000000  0.40000000 -0.24012288
 1.85000000  0.45000000  0.05302760
 1.85000000  0.50000000  0.34079521
 1.85000000  0.55000000  0.55478257
 1.85000000  0.60000000  0.67756073
 1.85000000  0.65000000  0.69329650
 1.85000000  0.70000000  0.60133731
 1.85000000  0.75000000  0.43272075
 1.85000000  0.80000000  0.21510549
 1.85000000  0.85000000 -0.02892981
 1.85000000  0.90000000 -0.27698501
 1.85000000  0.95000000 -0.50537906
 1.85000000  1.00000000 -0.71345876
 1.85000000  1.05000000 -0.89588629
 1.85000000  1.10000000 -1.02969310
 1.85000000  1.15000000 -1.13254453
 1.85000000  1.20000000 -1.19435497
 1.85000000  1.25000000 -1.22589455
 1.85000000  1.30000000 -1.25055755
 1.85000000  1.35000000 -1.25920024
 1.85000000  1.40000000 -1.26184317
 1.85000000  1.45000000 -1.26532761
 1.85000000  1.50000000 -1.24113656
 1.85000000  1.55000000 -1.17668870
 1.85000000  1.60000000 -1.09733834
 1.85000000  1.65000000 -0.99398682
 1.85000000  1.70000000 -0.89961693
 1.85000000  1.75000000 -0.82457704
 1.85000000  1.80000000 -0.79458023
 1.85000000  1.85000000 -0.80120483
 1.85000000  1.90000000 -0.82646591
 1.85000000  1.95000000 -0.84916866
 1.85000000  2.00000000 -0.85713030
 1.85000000  2.05000000 -0.82880732
 1.85000000  2.10000000 -0.77777811
 1.85000000  2.15000000 -0.70108746
 1.85000000  2.20000000 -0.62939868
 1.90000000 -0.25000000 -0.48876832
 1.90000000 -0.20000000 -0.76671079
 1.90000000 -0.15000000 -1.00451577
 1.90000000 -0.10000000 -1.18276059
 1.90000000 -0.05000000 -1.28382826
 1.90000000  0.00000000 -1.32553342
 1.90000000  0.05000000 -1.32110311
 1.90000000  0.10000000 -1.29535384
 1.90000000  0.15000000 -1.24867244
 1.90000000  0.20000000 -1.18603922
 1.90000000  0.25000000 -1.07267117
 1.90000000  0.30000000 -0.89919423
 1.90000000  0.35000000 -0.66434400
 1.90000000  0.40000000 -0.38610638
 1.90000000  0.45000000 -0.08124094
 1.90000000  0.50000000  0.18297416
 1.90000000  0.55000000  0.39507720
 1.90000000  0.60000000  0.51804854
 1.90000000  0.65000000  0.55826177
 1.90000000  0.70000000  0.51495055
 1.90000000  0.75000000  0.41190788
 1.90000000  0.80000000  0.26104292
 1.90000000  0.85000000  0.06559423
 1.90000000  0.90000000 -0.14367344
 1.90000000  0.95000000 -0.38060130
 1.90000000  1.00000000 -0.60627840
 1.90000000  1.05000000 -0.81543135
 1.90000000  1.10000000 -0.98941014
 1.90000000  1.15000000 -1.12931214
 1.90000000  1.20000000 -1.22377195
 1.90000000  1.25000000 -1.26276022
 1.90000000  1.30000000 -1.30234430
 1.90000000  1.35000000 -1.30928993
 1.90000000  1.40000000 -1.30894396
 1.90000000  1.45000000 -1.30616534
 1.90000000  1.50000000 -1.27888000
 1.90000000  1.55000000 -1.22009120
 1.90000000  1.60000000 -1.14621976
 1.90000000  1.65000000 -1.07047361
 1.90000000  1.70000000 -0.99143667
 1.90000000  1.75000000 -0.95122922
 1.90000000  1.80000000 -0.93851143
 1.90000000  1.85000000 -0.96955956
 1.90000000  1.90000000 -1.02401339
 1.90000000  1.95000000 -1.07432985
 1.90000000  2.00000000 -1.11110882
 1.90000000  2.05000000 -1.12984030
 1.90000000  2.10000000 -1.10103846
 1.90000000  2.15000000 -1.05050162
 1.90000000  2.20000000 -0.98927287
 1.95000000 -0.25000000 -0.50712366
 1.95000000 -0.20000000 -0.82874967
 1.95000000 -0.15000000 -1.13468988
 1.95000000 -0.10000000 -1.37177983
 1.95000000 -0.05000000 -1.52902478
 1.95000000  0.00000000 -1.61654183
 1.95000000  0.05000000 -1.63217714
 1.95000000  0.10000000 -1.60393507
 1.95000000  0.15000000 -1.53051302
 1.95000000  0.20000000 -1.41767507
 1.95000000  0.25000000 -1.25428442
 1.95000000  0.30000000 -1.04318297
 1.95000000  0.35000000 -0.79226767
 1.95000000  0.40000000 -0.51060559
 1.95000000  0.45000000 -0.21800721
 1.95000000  0.50000000  0.03165109
 1.95000000  0.55000000  0.22060928
 1.95000000  0.60000000  0.35230299
 1.95000000  0.65000000  0.41774729
 1.95000000  0.70000000  0.42200900
 1.95000000  0.75000000  0.38077753
 1.95000000  0.80000000  0.28836201
 1.95000000  0.85000000  0.15753545
 1.95000000  0.90000000 -0.02288846
 1.95000000  0.95000000 -0.24902481
 1.95000000  1.00000000 -0.49128587
 1.95000000  1.05000000 -0.72753078
 1.95000000  1.10000000 -0.93594947
 1.95000000  1.15000000 -1.09417693
 1.95000000  1.20000000 -1.20327534
 1.95000000  1.25000000 -1.26294251
 1.95000000  1.30000000 -1.28420038
 1.95000000  1.35000000 -1.29925387
 1.95000000  1.40000000 -1.29220863
 1.95000000  1.45000000 -1.27449978
 1.95000000  1.50000000 -1.26475989
 1.95000000  1.55000000 -1.20767790
 1.95000000  1.60000000 -1.14796714
 1.95000000  1.65000000 -1.08983134
 1.95000000  1.70000000 -1.03460054
 1.95000000  1.75000000 -1.01434060
 1.95000000  1.80000000 -1.02549248
 1.95000000  1.85000000 -1.06270353
 1.95000000  1.90000000 -1.14056614
 1.95000000  1.95000000 -1.22829274
 1.95000000  2.00000000 -1.30039301
 1.95000000  2.05000000 -1.35369896
 1.95000000  2.10000000 -1.37632768
 1.95000000  2.15000000 -1.35542858
 1.95000000  2.20000000 -1.29649680
 2.00000000 -0.25000000 -0.52403082
 2.00000000 -0.20000000 -0.88957758
 2.00000000 -0.15000000 -1.23119555
 2.00000000 -0.10000000 -1.52504712
 2.00000000 -0.05000000 -1.73484149
 2.00000000  0.00000000 -1.85388619
 2.00000000  0.05000000 -1.89040240
 2.00000000  0.10000000 -1.85552980
 2.00000000  0.15000000 -1.75575382
 2.00000000  0.20000000 -1.60306700
 2.00000000  0.25000000 -1.39345187
 2.00000000  0.30000000 -1.15554156
 2.00000000  0.35000000 -0.88274171
 2.00000000  0.40000000 -0.60201313
 2.00000000  0.45000000 -0.33363662
 2.00000000  0.50000000 -0.09950562
 2.00000000  0.55000000  0.07058193
 2.00000000  0.60000000  0.19678829
 2.00000000  0.65000000  0.27849411
 2.00000000  0.70000000  0.33584454
 2.00000000  0.75000000  0.35245059
 2.00000000  0.80000000  0.32179478
 2.00000000  0.85000000  0.23693450
 2.00000000  0.90000000  0.08490547
 2.00000000  0.95000000 -0.12692980
 2.00000000  1.00000000 -0.37408243
 2.00000000  1.05000000 -0.63287597
 2.00000000  1.10000000 -0.84841120
 2.00000000  1.15000000 -1.01620828
 2.00000000  1.20000000 -1.11479029
 2.00000000  1.25000000 -1.16377303
 2.00000000  1.30000000 -1.17800293
 2.00000000  1.35000000 -1.18266937
 2.00000000  1.40000000 -1.18715720
 2.00000000  1.45000000 -1.18006426
 2.00000000  1.50000000 -1.16617041
 2.00000000  1.55000000 -1.14583986
 2.00000000  1.60000000 -1.10569047
 2.00000000  1.65000000 -1.05208851
 2.00000000  1.70000000 -1.01433221
 2.00000000  1.75000000 -0.99935543
 2.00000000  1.80000000 -1.01777662
 2.00000000  1.85000000 -1.06971519
 2.00000000  1.90000000 -1.16021842
 2.00000000  1.95000000 -1.27318229
 2.00000000  2.00000000 -1.38632065
 2.00000000  2.05000000 -1.48804022
 2.00000000  2.10000000 -1.55410671
 2.00000000  2.15000000 -1.57736782
 2.00000000  2.20000000 -1.55217355
 2.05000000 -0.25000000 -0.58169014
 2.05000000 -0.20000000 -0.96562975
 2.05000000 -0.15000000 -1.33911622
 2.05000000 -0.10000000 -1.66162219
 2.05000000 -0.05000000 -1.90563457
 2.05000000  0.00000000 -2.04412035
 2.05000000  0.05000000 -2.09780417
 2.05000000  0.10000000 -2.05251821
 2.05000000  0.15000000 -1.92511813
 2.05000000  0.20000000 -1.72820767
 2.05000000  0.25000000 -1.48878762
 2.05000000  0.30000000 -1.21714833
 2.05000000  0.35000000 -0.93700084
 2.05000000  0.40000000 -0.65192914
 2.05000000  0.45000000 -0.40469458
 2.05000000  0.50000000 -0.19575843
 2.05000000  0.55000000 -0.03556222
 2.05000000  0.60000000  0.08995933
 2.05000000  0.65000000  0.18581737
 2.05000000  0.70000000  0.27163690
 2.05000000  0.75000000  0.32738895
 2.05000000  0.80000000  0.35174803
 2.05000000  0.85000000  0.30125905
 2.05000000  0.90000000  0.18421222
 2.05000000  0.95000000 -0.00864385
 2.05000000  1.00000000 -0.24795557
 2.05000000  1.05000000 -0.50218847
 2.05000000  1.10000000 -0.71378901
 2.05000000  1.15000000 -0.86487192
 2.05000000  1.20000000 -0.94567663
 2.05000000  1.25000000 -0.97404894
 2.05000000  1.30000000 -0.97115358
 2.05000000  1.35000000 -0.96643599
 2.05000000  1.40000000 -0.97728245
 2.05000000  1.45000000 -0.98868514
 2.05000000  1.50000000 -1.00781914
 2.05000000  1.55000000 -1.01146338
 2.05000000  1.60000000 -0.99129735
 2.05000000  1.65000000 -0.96121411
 2.05000000  1.70000000 -0.92517955
 2.05000000  1.75000000 -0.90443268
 2.05000000  1.80000000 -0.91797871
 2.05000000  1.85000000 -0.97260389
 2.05000000  1.90000000 -1.06742777
 2.05000000  1.95000000 -1.20576747
 2.05000000  2.00000000 -1.36207804
 2.05000000  2.05000000 -1.50997733
 2.05000000  2.10000000 -1.62372754
 2.05000000  2.15000000 -1.69894268
 2.05000000  2.20000000 -1.71007239
 2.10000000 -0.25000000 -0.70923802
 2.10000000 -0.20000000 -1.10084251
 2.10000000 -0.15000000 -1.49033279
 2.10000000 -0.10000000 -1.82415894
 2.10000000 -0.05000000 -2.06916354
 2.10000000  0.00000000 -2.22365245
 2.10000000  0.05000000 -2.25851032
 2.10000000  0.10000000 -2.19004746
 2.10000000  0.15000000 -2.02953997
 2.10000000  0.20000000 -1.79551267
 2.10000000  0.25000000 -1.51770647
 2.10000000  0.30000000 -1.21453813
 2.10000000  0.35000000 -0.91579327
 2.10000000  0.40000000 -0.64446195
 2.10000000  0.45000000 -0.41339482
 2.10000000  0.50000000 -0.23287431
 2.10000000  0.55000000 -0.09173223
 2.10000000  0.60000000  0.02490787
 2.10000000  0.65000000  0.12760686
 2.10000000  0.70000000  0.22796474
 2.10000000  0.75000000  0.31578896
 2.10000000  0.80000000  0.37944989
 2.10000000  0.85000000  0.36216397
 2.10000000  0.90000000  0.26535735
 2.10000000  0.95000000  0.09872413
 2.10000000  1.00000000 -0.12997254
 2.10000000  1.05000000 -0.33893749
 2.10000000  1.10000000 -0.52779388
 2.10000000  1.15000000 -0.64749979
 2.10000000  1.20000000 -0.69215794
 2.10000000  1.25000000 -0.68609936
 2.10000000  1.30000000 -0.66845143
 2.10000000  1.35000000 -0.66300087
 2.10000000  1.40000000 -0.69046319
 2.10000000  1.45000000 -0.72898084
 2.10000000  1.50000000 -0.78237533
 2.10000000  1.55000000 -0.81294794
 2.10000000  1.60000000 -0.81914516
 2.10000000  1.65000000 -0.79263157
 2.10000000  1.70000000 -0.75710581
 2.10000000  1.75000000 -0.71711837
 2.10000000  1.80000000 -0.72058594
 2.10000000  1.85000000 -0.75754469
 2.10000000  1.90000000 -0.86027013
 2.10000000  1.95000000 -1.01716639
 2.10000000  2.00000000 -1.19797918
 2.10000000  2.05000000 -1.39058691
 2.10000000  2.10000000 -1.56416747
 2.10000000  2.15000000 -1.69299225
 2.10000000  2.20000000 -1.75599471
 2.15000000 -0.25000000 -0.91256212
 2.15000000 -0.20000000 -1.30542114
 2.15000000 -0.15000000 -1.67336982
 2.15000000 -0.10000000 -1.98950983
 2.15000000 -0.05000000 -2.22197655
 2.15000000  0.00000000 -2.36135610
 2.15000000  0.05000000 -2.37167015
 2.15000000  0.10000000 -2.26916270
 2.15000000  0.15000000 -2.07106865
 2.15000000  0.20000000 -1.79433510
 2.15000000  0.25000000 -1.47552133
 2.15000000  0.30000000 -1.14963646
 2.15000000  0.35000000 -0.84956140
 2.15000000  0.40000000 -0.57838369
 2.15000000  0.45000000 -0.36264884
 2.15000000  0.50000000 -0.20631901
 2.15000000  0.55000000 -0.08575010
 2.15000000  0.60000000  0.00783867
 2.15000000  0.65000000  0.10404516
 2.15000000  0.70000000  0.20086659
 2.15000000  0.75000000  0.30451851
 2.15000000  0.80000000  0.37209604
 2.15000000  0.85000000  0.39109102
 2.15000000  0.90000000  0.32275218
 2.15000000  0.95000000  0.18441867
 2.15000000  1.00000000 -0.00464089
 2.15000000  1.05000000 -0.18217101
 2.15000000  1.10000000 -0.32000298
 2.15000000  1.15000000 -0.38691197
 2.15000000  1.20000000 -0.38198389
 2.15000000  1.25000000 -0.34755697
 2.15000000  1.30000000 -0.31652423
 2.15000000  1.35000000 -0.30868444
 2.15000000  1.40000000 -0.35565483
 2.15000000  1.45000000 -0.43072261
 2.15000000  1.50000000 -0.50434169
 2.15000000  1.55000000 -0.56561212
 2.15000000  1.60000000 -0.58156769
 2.15000000  1.65000000 -0.55987011
 2.15000000  1.70000000 -0.50757883
 2.15000000  1.75000000 -0.44509055
 2.15000000  1.80000000 -0.41596980
 2.15000000  1.85000000 -0.44109254
 2.15000000  1.90000000 -0.53822130
 2.15000000  1.95000000 -0.70453585
 2.15000000  2.00000000 -0.91003665
 2.15000000  2.05000000 -1.14983541
 2.15000000  2.10000000 -1.37938866
 2.15000000  2.15000000 -1.56765733
 2.15000000  2.20000000 -1.69054846
 2.20000000 -0.25000000 -1.17574193
 2.20000000 -0.20000000 -1.53821580
 2.20000000 -0.15000000 -1.87944016
 2.20000000 -0.10000000 -2.15221361
 2.20000000 -0.05000000 -2.34977249
 2.20000000  0.00000000 -2.44576602
 2.20000000  0.05000000 -2.41077798
 2.20000000  0.10000000 -2.26088511
 2.20000000  0.15000000 -2.01814210
 2.20000000  0.20000000 -1.70852422
 2.20000000  0.25000000 -1.37002767
 2.20000000  0.30000000 -1.01994893
 2.20000000  0.35000000 -0.70233147
 2.20000000  0.40000000 -0.45366241
 2.20000000  0.45000000 -0.26039957
 2.20000000  0.50000000 -0.12815209
 2.20000000  0.55000000 -0.04539299
 2.20000000  0.60000000  0.01672646
 2.20000000  0.65000000  0.09163076
 2.20000000  0.70000000  0.18355531
 2.20000000  0.75000000  0.27585411
 2.20000000  0.80000000  0.36229177
 2.20000000  0.85000000  0.39452591
 2.20000000  0.90000000  0.34880504
 2.20000000  0.95000000  0.24053578
 2.20000000  1.00000000  0.11470687
 2.20000000  1.05000000 -0.02219493
 2.20000000  1.10000000 -0.10154651
 2.20000000  1.15000000 -0.10839797
 2.20000000  1.20000000 -0.06592120
 2.20000000  1.25000000  0.00209736
 2.20000000  1.30000000  0.05115282
 2.20000000  1.35000000  0.04085950
 2.20000000  1.40000000 -0.00779613
 2.20000000  1.45000000 -0.11253079
 2.20000000  1.50000000 -0.20453569
 2.20000000  1.55000000 -0.27298366
 2.20000000  1.60000000 -0.28956537
 2.20000000  1.65000000 -0.26439792
 2.20000000  1.70000000 -0.18375163
 2.20000000  1.75000000 -0.09412398
 2.20000000  1.80000000 -0.03390330
 2.20000000  1.85000000 -0.03821526
 2.20000000  1.90000000 -0.12411826
 2.20000000  1.95000000 -0.29419316
 2.20000000  2.00000000 -0.53492502
 2.20000000  2.05000000 -0.81096352
 2.20000000  2.10000000 -1.08225109
 2.20000000  2.15000000 -1.33831607
 2.20000000  2.20000000 -1.53144570
