LP
[-2.3226180461418036, -4.3055210403181023, -7.4650451809792138, -10.12315426503185, -13.282678405692963]
myqEI
[-0.60746868102784224, -2.1820412419056243, -2.8423618968937907, -3.6774748012006606, -3.7701921394932563]
PE
[-2.3659247210345908, -4.7275239696229558, -7.9515385642187839, -10.812819907201954, -11.675855179093578]
BUCB
[-2.3659247210345908, -5.7005533640436949, -9.3444171916398844, -13.774977389438655, -16.763582515399225]
MLE H=4
[-3.1595241406611114, -6.0208054836442813, -7.7674762705271263, -7.3074630801132354, -4.275275345697378]
H=1
[-2.3226180461418036, -4.3055210403181023, -4.9129897213459444, -5.3461464885383663, -5.4388638268309624]
H=2
[-2.3659247210345908, -4.7275239696229558, -5.7648739229390706, -7.0484558297456648, -7.9114911016372895]
H=3
[-2.3659247210345908, -4.5384841632506054, -5.1459528442784475, -6.7205254051562298, -7.6757583397315692]
