Physical State
[[ 0.8   1.25]
 [ 0.8   1.3 ]
 [ 0.8   1.35]
 [ 0.8   1.4 ]]
Locations
[[ 1.    1.  ]
 [ 0.95  1.  ]
 [ 0.9   1.  ]
 [ 0.85  1.  ]
 [ 0.8   1.  ]
 [ 0.8   0.95]
 [ 0.8   0.9 ]
 [ 0.8   0.85]
 [ 0.8   0.8 ]
 [ 0.8   0.85]
 [ 0.8   0.9 ]
 [ 0.8   0.95]
 [ 0.8   1.  ]
 [ 0.8   1.05]
 [ 0.8   1.1 ]
 [ 0.8   1.15]
 [ 0.8   1.2 ]
 [ 0.8   1.25]
 [ 0.8   1.3 ]
 [ 0.8   1.35]
 [ 0.8   1.4 ]]
Measurements
[-0.45359257 -0.29131239 -0.16667568 -0.08161326 -0.06931541 -0.40445289
 -0.82941172 -1.27188599 -1.66963729 -1.27188599 -0.82941172 -0.40445289
 -0.06931541  0.15504229  0.25389476  0.26467744  0.24286218  0.20485622
  0.20632465  0.25066737  0.33186644]
Total accumulated reward = -5.44917930538
Nodes expanded = -1