Physical State
[[ 0.85  1.  ]
 [ 0.9   1.  ]
 [ 0.95  1.  ]
 [ 1.    1.  ]]
Locations
[[ 1.    1.  ]
 [ 0.95  1.  ]
 [ 0.9   1.  ]
 [ 0.85  1.  ]
 [ 0.8   1.  ]
 [ 0.75  1.  ]
 [ 0.7   1.  ]
 [ 0.65  1.  ]
 [ 0.6   1.  ]
 [ 0.65  1.  ]
 [ 0.7   1.  ]
 [ 0.75  1.  ]
 [ 0.8   1.  ]
 [ 0.85  1.  ]
 [ 0.9   1.  ]
 [ 0.95  1.  ]
 [ 1.    1.  ]]
Measurements
[-0.09468722  0.0416239   0.13364888  0.13768604  0.05408978 -0.09090593
 -0.2662375  -0.42930659 -0.54629941 -0.42930659 -0.2662375  -0.09090593
  0.05408978  0.13768604  0.13364888  0.0416239  -0.09468722]
Total accumulated reward = -1.47978946965
Nodes expanded = -1.0