-0.25000000 -0.25000000 -0.18920247
-0.25000000 -0.20000000 -0.35059437
-0.25000000 -0.15000000 -0.47390044
-0.25000000 -0.10000000 -0.53927662
-0.25000000 -0.05000000 -0.54973915
-0.25000000  0.00000000 -0.52148376
-0.25000000  0.05000000 -0.48399125
-0.25000000  0.10000000 -0.44426256
-0.25000000  0.15000000 -0.44690378
-0.25000000  0.20000000 -0.49174571
-0.25000000  0.25000000 -0.60144160
-0.25000000  0.30000000 -0.77312338
-0.25000000  0.35000000 -0.98629658
-0.25000000  0.40000000 -1.19822896
-0.25000000  0.45000000 -1.38716169
-0.25000000  0.50000000 -1.50406591
-0.25000000  0.55000000 -1.51854718
-0.25000000  0.60000000 -1.43764139
-0.25000000  0.65000000 -1.27501249
-0.25000000  0.70000000 -1.07084056
-0.25000000  0.75000000 -0.85070626
-0.25000000  0.80000000 -0.67096042
-0.25000000  0.85000000 -0.56944459
-0.25000000  0.90000000 -0.55716629
-0.25000000  0.95000000 -0.63722420
-0.25000000  1.00000000 -0.78158452
-0.25000000  1.05000000 -0.96318996
-0.25000000  1.10000000 -1.10418823
-0.25000000  1.15000000 -1.19673775
-0.25000000  1.20000000 -1.21030668
-0.25000000  1.25000000 -1.16218384
-0.25000000  1.30000000 -1.08005308
-0.25000000  1.35000000 -0.99459751
-0.25000000  1.40000000 -0.94223836
-0.25000000  1.45000000 -0.93831101
-0.25000000  1.50000000 -0.97335803
-0.25000000  1.55000000 -1.02101814
-0.25000000  1.60000000 -1.02986705
-0.25000000  1.65000000 -0.95469230
-0.25000000  1.70000000 -0.77097105
-0.25000000  1.75000000 -0.46502081
-0.25000000  1.80000000 -0.08900393
-0.25000000  1.85000000  0.28480259
-0.25000000  1.90000000  0.57132238
-0.25000000  1.95000000  0.70987569
-0.25000000  2.00000000  0.64858564
-0.25000000  2.05000000  0.39271732
-0.25000000  2.10000000 -0.01823648
-0.25000000  2.15000000 -0.51342190
-0.25000000  2.20000000 -1.02153797
-0.20000000 -0.25000000 -0.09800900
-0.20000000 -0.20000000 -0.31998900
-0.20000000 -0.15000000 -0.47809199
-0.20000000 -0.10000000 -0.56108907
-0.20000000 -0.05000000 -0.57051365
-0.20000000  0.00000000 -0.51609573
-0.20000000  0.05000000 -0.42790126
-0.20000000  0.10000000 -0.35349273
-0.20000000  0.15000000 -0.31526141
-0.20000000  0.20000000 -0.32905361
-0.20000000  0.25000000 -0.42145696
-0.20000000  0.30000000 -0.56451076
-0.20000000  0.35000000 -0.74861276
-0.20000000  0.40000000 -0.94426628
-0.20000000  0.45000000 -1.09267973
-0.20000000  0.50000000 -1.17518224
-0.20000000  0.55000000 -1.15682029
-0.20000000  0.60000000 -1.06032900
-0.20000000  0.65000000 -0.88218699
-0.20000000  0.70000000 -0.67967586
-0.20000000  0.75000000 -0.47549163
-0.20000000  0.80000000 -0.30859925
-0.20000000  0.85000000 -0.20776601
-0.20000000  0.90000000 -0.18680344
-0.20000000  0.95000000 -0.25412346
-0.20000000  1.00000000 -0.38502286
-0.20000000  1.05000000 -0.53765683
-0.20000000  1.10000000 -0.67938047
-0.20000000  1.15000000 -0.78479179
-0.20000000  1.20000000 -0.80985373
-0.20000000  1.25000000 -0.79818585
-0.20000000  1.30000000 -0.74191780
-0.20000000  1.35000000 -0.67715451
-0.20000000  1.40000000 -0.63770395
-0.20000000  1.45000000 -0.62396509
-0.20000000  1.50000000 -0.66240784
-0.20000000  1.55000000 -0.71029261
-0.20000000  1.60000000 -0.73424755
-0.20000000  1.65000000 -0.68736872
-0.20000000  1.70000000 -0.55441220
-0.20000000  1.75000000 -0.32063775
-0.20000000  1.80000000 -0.03284705
-0.20000000  1.85000000  0.25307727
-0.20000000  1.90000000  0.47420813
-0.20000000  1.95000000  0.55059788
-0.20000000  2.00000000  0.46160006
-0.20000000  2.05000000  0.20878681
-0.20000000  2.10000000 -0.17320091
-0.20000000  2.15000000 -0.63924906
-0.20000000  2.20000000 -1.10335873
-0.15000000 -0.25000000  0.06558424
-0.15000000 -0.20000000 -0.22228373
-0.15000000 -0.15000000 -0.43195118
-0.15000000 -0.10000000 -0.54177007
-0.15000000 -0.05000000 -0.54789436
-0.15000000  0.00000000 -0.47368657
-0.15000000  0.05000000 -0.35527269
-0.15000000  0.10000000 -0.23517533
-0.15000000  0.15000000 -0.14922267
-0.15000000  0.20000000 -0.11824257
-0.15000000  0.25000000 -0.16037984
-0.15000000  0.30000000 -0.26744519
-0.15000000  0.35000000 -0.41492034
-0.15000000  0.40000000 -0.57082792
-0.15000000  0.45000000 -0.69436124
-0.15000000  0.50000000 -0.75252458
-0.15000000  0.55000000 -0.73994941
-0.15000000  0.60000000 -0.65595722
-0.15000000  0.65000000 -0.51636628
-0.15000000  0.70000000 -0.35551173
-0.15000000  0.75000000 -0.18561684
-0.15000000  0.80000000 -0.05555887
-0.15000000  0.85000000  0.02842178
-0.15000000  0.90000000  0.05158972
-0.15000000  0.95000000  0.01053842
-0.15000000  1.00000000 -0.07504685
-0.15000000  1.05000000 -0.18990623
-0.15000000  1.10000000 -0.30583980
-0.15000000  1.15000000 -0.37486730
-0.15000000  1.20000000 -0.40749537
-0.15000000  1.25000000 -0.40167979
-0.15000000  1.30000000 -0.36908467
-0.15000000  1.35000000 -0.32303107
-0.15000000  1.40000000 -0.29777034
-0.15000000  1.45000000 -0.30435187
-0.15000000  1.50000000 -0.34980033
-0.15000000  1.55000000 -0.40225775
-0.15000000  1.60000000 -0.45005972
-0.15000000  1.65000000 -0.44468527
-0.15000000  1.70000000 -0.36295970
-0.15000000  1.75000000 -0.20821859
-0.15000000  1.80000000  0.00154070
-0.15000000  1.85000000  0.21217270
-0.15000000  1.90000000  0.37648962
-0.15000000  1.95000000  0.41199472
-0.15000000  2.00000000  0.30815478
-0.15000000  2.05000000  0.06690910
-0.15000000  2.10000000 -0.29611316
-0.15000000  2.15000000 -0.70841104
-0.15000000  2.20000000 -1.12625194
-0.10000000 -0.25000000  0.29729250
-0.10000000 -0.20000000 -0.04100854
-0.10000000 -0.15000000 -0.30354213
-0.10000000 -0.10000000 -0.44645312
-0.10000000 -0.05000000 -0.47372368
-0.10000000  0.00000000 -0.39842435
-0.10000000  0.05000000 -0.25965770
-0.10000000  0.10000000 -0.09561593
-0.10000000  0.15000000  0.03476064
-0.10000000  0.20000000  0.12104481
-0.10000000  0.25000000  0.13005562
-0.10000000  0.30000000  0.08463016
-0.10000000  0.35000000 -0.01592564
-0.10000000  0.40000000 -0.14179933
-0.10000000  0.45000000 -0.24013727
-0.10000000  0.50000000 -0.30606003
-0.10000000  0.55000000 -0.32105091
-0.10000000  0.60000000 -0.28582642
-0.10000000  0.65000000 -0.21433283
-0.10000000  0.70000000 -0.12769473
-0.10000000  0.75000000 -0.03836255
-0.10000000  0.80000000  0.03694644
-0.10000000  0.85000000  0.09585462
-0.10000000  0.90000000  0.12188270
-0.10000000  0.95000000  0.12037859
-0.10000000  1.00000000  0.08547191
-0.10000000  1.05000000  0.04079056
-0.10000000  1.10000000 -0.00048789
-0.10000000  1.15000000 -0.02391708
-0.10000000  1.20000000 -0.02805115
-0.10000000  1.25000000 -0.01036509
-0.10000000  1.30000000  0.02295937
-0.10000000  1.35000000  0.04732290
-0.10000000  1.40000000  0.05314884
-0.10000000  1.45000000  0.02557949
-0.10000000  1.50000000 -0.03528254
-0.10000000  1.55000000 -0.12578302
-0.10000000  1.60000000 -0.20110042
-0.10000000  1.65000000 -0.24474635
-0.10000000  1.70000000 -0.22861430
-0.10000000  1.75000000 -0.12967683
-0.10000000  1.80000000  0.01256477
-0.10000000  1.85000000  0.16275179
-0.10000000  1.90000000  0.28205373
-0.10000000  1.95000000  0.30570404
-0.10000000  2.00000000  0.19883908
-0.10000000  2.05000000 -0.02681537
-0.10000000  2.10000000 -0.34667490
-0.10000000  2.15000000 -0.71950235
-0.10000000  2.20000000 -1.09509265
-0.05000000 -0.25000000  0.60353588
-0.05000000 -0.20000000  0.22612212
-0.05000000 -0.15000000 -0.08205387
-0.05000000 -0.10000000 -0.27594145
-0.05000000 -0.05000000 -0.34437732
-0.05000000  0.00000000 -0.28081658
-0.05000000  0.05000000 -0.13707438
-0.05000000  0.10000000  0.04704720
-0.05000000  0.15000000  0.22547252
-0.05000000  0.20000000  0.36523852
-0.05000000  0.25000000  0.43323301
-0.05000000  0.30000000  0.43230444
-0.05000000  0.35000000  0.38409494
-0.05000000  0.40000000  0.29392959
-0.05000000  0.45000000  0.19286272
-0.05000000  0.50000000  0.10963278
-0.05000000  0.55000000  0.03950721
-0.05000000  0.60000000  0.00638750
-0.05000000  0.65000000 -0.02055169
-0.05000000  0.70000000 -0.02892711
-0.05000000  0.75000000 -0.03104916
-0.05000000  0.80000000 -0.02292573
-0.05000000  0.85000000 -0.00497459
-0.05000000  0.90000000  0.02897091
-0.05000000  0.95000000  0.06699674
-0.05000000  1.00000000  0.10301084
-0.05000000  1.05000000  0.14717460
-0.05000000  1.10000000  0.19647096
-0.05000000  1.15000000  0.24711452
-0.05000000  1.20000000  0.29932260
-0.05000000  1.25000000  0.35344773
-0.05000000  1.30000000  0.38861487
-0.05000000  1.35000000  0.40511275
-0.05000000  1.40000000  0.39020907
-0.05000000  1.45000000  0.33634284
-0.05000000  1.50000000  0.24002983
-0.05000000  1.55000000  0.11043960
-0.05000000  1.60000000 -0.01986796
-0.05000000  1.65000000 -0.10334090
-0.05000000  1.70000000 -0.13640232
-0.05000000  1.75000000 -0.09812402
-0.05000000  1.80000000 -0.00330131
-0.05000000  1.85000000  0.11833918
-0.05000000  1.90000000  0.21096393
-0.05000000  1.95000000  0.23202616
-0.05000000  2.00000000  0.15270810
-0.05000000  2.05000000 -0.05004649
-0.05000000  2.10000000 -0.34072076
-0.05000000  2.15000000 -0.67258129
-0.05000000  2.20000000 -1.00486454
 0.00000000 -0.25000000  0.94611672
 0.00000000 -0.20000000  0.54313028
 0.00000000 -0.15000000  0.19740480
 0.00000000 -0.10000000 -0.04926711
 0.00000000 -0.05000000 -0.15537323
 0.00000000  0.00000000 -0.13155851
 0.00000000  0.05000000 -0.00547789
 0.00000000  0.10000000  0.18508297
 0.00000000  0.15000000  0.39527473
 0.00000000  0.20000000  0.56338723
 0.00000000  0.25000000  0.68048589
 0.00000000  0.30000000  0.72926312
 0.00000000  0.35000000  0.71494584
 0.00000000  0.40000000  0.64240438
 0.00000000  0.45000000  0.54916933
 0.00000000  0.50000000  0.43461024
 0.00000000  0.55000000  0.32064753
 0.00000000  0.60000000  0.20845462
 0.00000000  0.65000000  0.08485815
 0.00000000  0.70000000 -0.02403133
 0.00000000  0.75000000 -0.12322432
 0.00000000  0.80000000 -0.19974195
 0.00000000  0.85000000 -0.22652723
 0.00000000  0.90000000 -0.20155806
 0.00000000  0.95000000 -0.13302255
 0.00000000  1.00000000 -0.02637398
 0.00000000  1.05000000  0.11872652
 0.00000000  1.10000000  0.26964265
 0.00000000  1.15000000  0.41800927
 0.00000000  1.20000000  0.54531587
 0.00000000  1.25000000  0.65229232
 0.00000000  1.30000000  0.71217480
 0.00000000  1.35000000  0.72721826
 0.00000000  1.40000000  0.69362677
 0.00000000  1.45000000  0.59925291
 0.00000000  1.50000000  0.44606271
 0.00000000  1.55000000  0.27742322
 0.00000000  1.60000000  0.10458640
 0.00000000  1.65000000 -0.03209646
 0.00000000  1.70000000 -0.09840264
 0.00000000  1.75000000 -0.09705824
 0.00000000  1.80000000 -0.02737636
 0.00000000  1.85000000  0.07167867
 0.00000000  1.90000000  0.17520214
 0.00000000  1.95000000  0.21154096
 0.00000000  2.00000000  0.15943898
 0.00000000  2.05000000 -0.00233039
 0.00000000  2.10000000 -0.25986791
 0.00000000  2.15000000 -0.56709882
 0.00000000  2.20000000 -0.87969001
 0.05000000 -0.25000000  1.28538781
 0.05000000 -0.20000000  0.88252560
 0.05000000 -0.15000000  0.51024790
 0.05000000 -0.10000000  0.23071012
 0.05000000 -0.05000000  0.07438942
 0.05000000  0.00000000  0.05165978
 0.05000000  0.05000000  0.14519542
 0.05000000  0.10000000  0.31595244
 0.05000000  0.15000000  0.51385480
 0.05000000  0.20000000  0.69414740
 0.05000000  0.25000000  0.83841312
 0.05000000  0.30000000  0.91161490
 0.05000000  0.35000000  0.92684691
 0.05000000  0.40000000  0.88006406
 0.05000000  0.45000000  0.78496112
 0.05000000  0.50000000  0.66815001
 0.05000000  0.55000000  0.51394134
 0.05000000  0.60000000  0.33689608
 0.05000000  0.65000000  0.13962607
 0.05000000  0.70000000 -0.06907439
 0.05000000  0.75000000 -0.25993115
 0.05000000  0.80000000 -0.41650329
 0.05000000  0.85000000 -0.50273034
 0.05000000  0.90000000 -0.49959337
 0.05000000  0.95000000 -0.41056404
 0.05000000  1.00000000 -0.24663639
 0.05000000  1.05000000 -0.01439271
 0.05000000  1.10000000  0.23722748
 0.05000000  1.15000000  0.48720225
 0.05000000  1.20000000  0.70240716
 0.05000000  1.25000000  0.86233271
 0.05000000  1.30000000  0.95194030
 0.05000000  1.35000000  0.97403378
 0.05000000  1.40000000  0.91863779
 0.05000000  1.45000000  0.77947782
 0.05000000  1.50000000  0.58767628
 0.05000000  1.55000000  0.36531834
 0.05000000  1.60000000  0.15342965
 0.05000000  1.65000000 -0.02282126
 0.05000000  1.70000000 -0.12220550
 0.05000000  1.75000000 -0.14517498
 0.05000000  1.80000000 -0.06784140
 0.05000000  1.85000000  0.04433151
 0.05000000  1.90000000  0.17755278
 0.05000000  1.95000000  0.25059009
 0.05000000  2.00000000  0.24069834
 0.05000000  2.05000000  0.11886354
 0.05000000  2.10000000 -0.11835542
 0.05000000  2.15000000 -0.41202288
 0.05000000  2.20000000 -0.71291645
 0.10000000 -0.25000000  1.55397373
 0.10000000 -0.20000000  1.17774373
 0.10000000 -0.15000000  0.80625237
 0.10000000 -0.10000000  0.49709602
 0.10000000 -0.05000000  0.29653190
 0.10000000  0.00000000  0.23035976
 0.10000000  0.05000000  0.28280243
 0.10000000  0.10000000  0.40792360
 0.10000000  0.15000000  0.57098406
 0.10000000  0.20000000  0.74645111
 0.10000000  0.25000000  0.88239249
 0.10000000  0.30000000  0.95871358
 0.10000000  0.35000000  0.98892372
 0.10000000  0.40000000  0.96247767
 0.10000000  0.45000000  0.89436386
 0.10000000  0.50000000  0.78399796
 0.10000000  0.55000000  0.62191849
 0.10000000  0.60000000  0.42068795
 0.10000000  0.65000000  0.17709767
 0.10000000  0.70000000 -0.09371115
 0.10000000  0.75000000 -0.36666964
 0.10000000  0.80000000 -0.59577188
 0.10000000  0.85000000 -0.74482715
 0.10000000  0.90000000 -0.79184906
 0.10000000  0.95000000 -0.69994069
 0.10000000  1.00000000 -0.49935179
 0.10000000  1.05000000 -0.21050201
 0.10000000  1.10000000  0.12640500
 0.10000000  1.15000000  0.45362608
 0.10000000  1.20000000  0.74399515
 0.10000000  1.25000000  0.96566706
 0.10000000  1.30000000  1.08843794
 0.10000000  1.35000000  1.11954313
 0.10000000  1.40000000  1.04177759
 0.10000000  1.45000000  0.88921538
 0.10000000  1.50000000  0.65164053
 0.10000000  1.55000000  0.39480458
 0.10000000  1.60000000  0.14226244
 0.10000000  1.65000000 -0.05705806
 0.10000000  1.70000000 -0.17503755
 0.10000000  1.75000000 -0.19381741
 0.10000000  1.80000000 -0.10385854
 0.10000000  1.85000000  0.03430907
 0.10000000  1.90000000  0.20567638
 0.10000000  1.95000000  0.32846882
 0.10000000  2.00000000  0.36756434
 0.10000000  2.05000000  0.26768632
 0.10000000  2.10000000  0.05473483
 0.10000000  2.15000000 -0.23974850
 0.10000000  2.20000000 -0.54970208
 0.15000000 -0.25000000  1.70343726
 0.15000000 -0.20000000  1.36791118
 0.15000000 -0.15000000  1.02316270
 0.15000000 -0.10000000  0.72537148
 0.15000000 -0.05000000  0.49184566
 0.15000000  0.00000000  0.38229069
 0.15000000  0.05000000  0.37237854
 0.15000000  0.10000000  0.44962768
 0.15000000  0.15000000  0.56669684
 0.15000000  0.20000000  0.69526533
 0.15000000  0.25000000  0.80213716
 0.15000000  0.30000000  0.86989184
 0.15000000  0.35000000  0.90420105
 0.15000000  0.40000000  0.90029554
 0.15000000  0.45000000  0.86523444
 0.15000000  0.50000000  0.79483498
 0.15000000  0.55000000  0.66690872
 0.15000000  0.60000000  0.48920610
 0.15000000  0.65000000  0.23488823
 0.15000000  0.70000000 -0.06791139
 0.15000000  0.75000000 -0.38400492
 0.15000000  0.80000000 -0.68566931
 0.15000000  0.85000000 -0.89402629
 0.15000000  0.90000000 -0.99318927
 0.15000000  0.95000000 -0.93112317
 0.15000000  1.00000000 -0.72909155
 0.15000000  1.05000000 -0.42075892
 0.15000000  1.10000000 -0.04007562
 0.15000000  1.15000000  0.34439558
 0.15000000  1.20000000  0.70317271
 0.15000000  1.25000000  0.97349671
 0.15000000  1.30000000  1.12835707
 0.15000000  1.35000000  1.17005839
 0.15000000  1.40000000  1.08837264
 0.15000000  1.45000000  0.90795925
 0.15000000  1.50000000  0.64846707
 0.15000000  1.55000000  0.36393969
 0.15000000  1.60000000  0.09290705
 0.15000000  1.65000000 -0.10878132
 0.15000000  1.70000000 -0.22804299
 0.15000000  1.75000000 -0.23334618
 0.15000000  1.80000000 -0.12811295
 0.15000000  1.85000000  0.05017582
 0.15000000  1.90000000  0.25093493
 0.15000000  1.95000000  0.42555195
 0.15000000  2.00000000  0.49492275
 0.15000000  2.05000000  0.43444516
 0.15000000  2.10000000  0.23544865
 0.15000000  2.15000000 -0.06865487
 0.15000000  2.20000000 -0.38372043
 0.20000000 -0.25000000  1.69448623
 0.20000000 -0.20000000  1.43420697
 0.20000000 -0.15000000  1.12650590
 0.20000000 -0.10000000  0.85609878
 0.20000000 -0.05000000  0.62177986
 0.20000000  0.00000000  0.47411832
 0.20000000  0.05000000  0.42603213
 0.20000000  0.10000000  0.42836115
 0.20000000  0.15000000  0.48831765
 0.20000000  0.20000000  0.55783033
 0.20000000  0.25000000  0.61803582
 0.20000000  0.30000000  0.66941934
 0.20000000  0.35000000  0.70245850
 0.20000000  0.40000000  0.73626592
 0.20000000  0.45000000  0.75090687
 0.20000000  0.50000000  0.74530397
 0.20000000  0.55000000  0.68235335
 0.20000000  0.60000000  0.55384365
 0.20000000  0.65000000  0.34147029
 0.20000000  0.70000000  0.04252251
 0.20000000  0.75000000 -0.29799133
 0.20000000  0.80000000 -0.63736741
 0.20000000  0.85000000 -0.90764185
 0.20000000  0.90000000 -1.06716776
 0.20000000  0.95000000 -1.06469465
 0.20000000  1.00000000 -0.90062504
 0.20000000  1.05000000 -0.60331320
 0.20000000  1.10000000 -0.22018991
 0.20000000  1.15000000  0.20193010
 0.20000000  1.20000000  0.58683610
 0.20000000  1.25000000  0.89573746
 0.20000000  1.30000000  1.09063338
 0.20000000  1.35000000  1.14141041
 0.20000000  1.40000000  1.06203108
 0.20000000  1.45000000  0.87624859
 0.20000000  1.50000000  0.61346646
 0.20000000  1.55000000  0.32123113
 0.20000000  1.60000000  0.05802468
 0.20000000  1.65000000 -0.14924515
 0.20000000  1.70000000 -0.25270024
 0.20000000  1.75000000 -0.24595943
 0.20000000  1.80000000 -0.11983985
 0.20000000  1.85000000  0.07880117
 0.20000000  1.90000000  0.31959146
 0.20000000  1.95000000  0.52005215
 0.20000000  2.00000000  0.62482694
 0.20000000  2.05000000  0.57165756
 0.20000000  2.10000000  0.37959291
 0.20000000  2.15000000  0.07478787
 0.20000000  2.20000000 -0.26970745
 0.25000000 -0.25000000  1.54332299
 0.25000000 -0.20000000  1.34464537
 0.25000000 -0.15000000  1.11051828
 0.25000000 -0.10000000  0.87184559
 0.25000000 -0.05000000  0.66013805
 0.25000000  0.00000000  0.50249711
 0.25000000  0.05000000  0.41128892
 0.25000000  0.10000000  0.37135759
 0.25000000  0.15000000  0.36336096
 0.25000000  0.20000000  0.36546334
 0.25000000  0.25000000  0.37624966
 0.25000000  0.30000000  0.39682681
 0.25000000  0.35000000  0.43463952
 0.25000000  0.40000000  0.50041232
 0.25000000  0.45000000  0.58165382
 0.25000000  0.50000000  0.65555641
 0.25000000  0.55000000  0.69443433
 0.25000000  0.60000000  0.64386108
 0.25000000  0.65000000  0.48617614
 0.25000000  0.70000000  0.22997688
 0.25000000  0.75000000 -0.11315329
 0.25000000  0.80000000 -0.48331108
 0.25000000  0.85000000 -0.80713884
 0.25000000  0.90000000 -1.03064324
 0.25000000  0.95000000 -1.09654635
 0.25000000  1.00000000 -0.99731702
 0.25000000  1.05000000 -0.74073951
 0.25000000  1.10000000 -0.37500304
 0.25000000  1.15000000  0.04353354
 0.25000000  1.20000000  0.44639534
 0.25000000  1.25000000  0.77942154
 0.25000000  1.30000000  0.99325681
 0.25000000  1.35000000  1.06783982
 0.25000000  1.40000000  1.00983811
 0.25000000  1.45000000  0.82119810
 0.25000000  1.50000000  0.58159750
 0.25000000  1.55000000  0.29744960
 0.25000000  1.60000000  0.04518340
 0.25000000  1.65000000 -0.14291393
 0.25000000  1.70000000 -0.22755437
 0.25000000  1.75000000 -0.20565539
 0.25000000  1.80000000 -0.06200058
 0.25000000  1.85000000  0.15717034
 0.25000000  1.90000000  0.41223437
 0.25000000  1.95000000  0.63231126
 0.25000000  2.00000000  0.73746572
 0.25000000  2.05000000  0.69786628
 0.25000000  2.10000000  0.48579853
 0.25000000  2.15000000  0.16640577
 0.25000000  2.20000000 -0.19122694
 0.30000000 -0.25000000  1.27685739
 0.30000000 -0.20000000  1.15801942
 0.30000000 -0.15000000  0.98760919
 0.30000000 -0.10000000  0.79340142
 0.30000000 -0.05000000  0.60953075
 0.30000000  0.00000000  0.45848349
 0.30000000  0.05000000  0.33839390
 0.30000000  0.10000000  0.26111354
 0.30000000  0.15000000  0.19534308
 0.30000000  0.20000000  0.14942410
 0.30000000  0.25000000  0.10796862
 0.30000000  0.30000000  0.10820203
 0.30000000  0.35000000  0.14577937
 0.30000000  0.40000000  0.25560515
 0.30000000  0.45000000  0.39790465
 0.30000000  0.50000000  0.55887826
 0.30000000  0.55000000  0.68924300
 0.30000000  0.60000000  0.73672844
 0.30000000  0.65000000  0.65590290
 0.30000000  0.70000000  0.45452628
 0.30000000  0.75000000  0.12633960
 0.30000000  0.80000000 -0.25031275
 0.30000000  0.85000000 -0.61426343
 0.30000000  0.90000000 -0.89115325
 0.30000000  0.95000000 -1.03638576
 0.30000000  1.00000000 -1.00769022
 0.30000000  1.05000000 -0.81607390
 0.30000000  1.10000000 -0.49471640
 0.30000000  1.15000000 -0.09839003
 0.30000000  1.20000000  0.30924071
 0.30000000  1.25000000  0.65308103
 0.30000000  1.30000000  0.88902930
 0.30000000  1.35000000  1.00822052
 0.30000000  1.40000000  0.96373930
 0.30000000  1.45000000  0.81555566
 0.30000000  1.50000000  0.58826082
 0.30000000  1.55000000  0.33913146
 0.30000000  1.60000000  0.11498140
 0.30000000  1.65000000 -0.05653634
 0.30000000  1.70000000 -0.12245654
 0.30000000  1.75000000 -0.08359310
 0.30000000  1.80000000  0.06506594
 0.30000000  1.85000000  0.28865047
 0.30000000  1.90000000  0.53158977
 0.30000000  1.95000000  0.74714569
 0.30000000  2.00000000  0.85091403
 0.30000000  2.05000000  0.79038109
 0.30000000  2.10000000  0.57323898
 0.30000000  2.15000000  0.23181414
 0.30000000  2.20000000 -0.14567890
 0.35000000 -0.25000000  0.97007914
 0.35000000 -0.20000000  0.91173559
 0.35000000 -0.15000000  0.78950476
 0.35000000 -0.10000000  0.64910607
 0.35000000 -0.05000000  0.49019792
 0.35000000  0.00000000  0.35570590
 0.35000000  0.05000000  0.22484579
 0.35000000  0.10000000  0.12485858
 0.35000000  0.15000000  0.02834038
 0.35000000  0.20000000 -0.06115630
 0.35000000  0.25000000 -0.12591480
 0.35000000  0.30000000 -0.14481586
 0.35000000  0.35000000 -0.09625288
 0.35000000  0.40000000  0.03880779
 0.35000000  0.45000000  0.23648996
 0.35000000  0.50000000  0.47082776
 0.35000000  0.55000000  0.69310298
 0.35000000  0.60000000  0.82324065
 0.35000000  0.65000000  0.82323659
 0.35000000  0.70000000  0.66734141
 0.35000000  0.75000000  0.37999297
 0.35000000  0.80000000  0.00517879
 0.35000000  0.85000000 -0.38994940
 0.35000000  0.90000000 -0.72608216
 0.35000000  0.95000000 -0.93120320
 0.35000000  1.00000000 -0.97140486
 0.35000000  1.05000000 -0.85281051
 0.35000000  1.10000000 -0.57511239
 0.35000000  1.15000000 -0.21081949
 0.35000000  1.20000000  0.18879894
 0.35000000  1.25000000  0.54801089
 0.35000000  1.30000000  0.80966372
 0.35000000  1.35000000  0.95577373
 0.35000000  1.40000000  0.96438168
 0.35000000  1.45000000  0.86056632
 0.35000000  1.50000000  0.68091403
 0.35000000  1.55000000  0.46367517
 0.35000000  1.60000000  0.27062703
 0.35000000  1.65000000  0.12659357
 0.35000000  1.70000000  0.08479993
 0.35000000  1.75000000  0.12852548
 0.35000000  1.80000000  0.26973417
 0.35000000  1.85000000  0.48446560
 0.35000000  1.90000000  0.71975795
 0.35000000  1.95000000  0.89792506
 0.35000000  2.00000000  0.97594438
 0.35000000  2.05000000  0.89632930
 0.35000000  2.10000000  0.65057179
 0.35000000  2.15000000  0.28590546
 0.35000000  2.20000000 -0.12728935
 0.40000000 -0.25000000  0.67956082
 0.40000000 -0.20000000  0.65696141
 0.40000000 -0.15000000  0.58072769
 0.40000000 -0.10000000  0.48218826
 0.40000000 -0.05000000  0.35111220
 0.40000000  0.00000000  0.21644789
 0.40000000  0.05000000  0.10310114
 0.40000000  0.10000000 -0.01417457
 0.40000000  0.15000000 -0.13526764
 0.40000000  0.20000000 -0.23990895
 0.40000000  0.25000000 -0.32024577
 0.40000000  0.30000000 -0.35063504
 0.40000000  0.35000000 -0.28526491
 0.40000000  0.40000000 -0.13315447
 0.40000000  0.45000000  0.11915837
 0.40000000  0.50000000  0.41546200
 0.40000000  0.55000000  0.69531303
 0.40000000  0.60000000  0.89278176
 0.40000000  0.65000000  0.96011570
 0.40000000  0.70000000  0.85353331
 0.40000000  0.75000000  0.59510140
 0.40000000  0.80000000  0.23094188
 0.40000000  0.85000000 -0.18774866
 0.40000000  0.90000000 -0.55260085
 0.40000000  0.95000000 -0.81274335
 0.40000000  1.00000000 -0.91380261
 0.40000000  1.05000000 -0.85045228
 0.40000000  1.10000000 -0.62031982
 0.40000000  1.15000000 -0.27113155
 0.40000000  1.20000000  0.11815555
 0.40000000  1.25000000  0.50064368
 0.40000000  1.30000000  0.79393722
 0.40000000  1.35000000  0.98119250
 0.40000000  1.40000000  1.03629708
 0.40000000  1.45000000  0.98074784
 0.40000000  1.50000000  0.84766503
 0.40000000  1.55000000  0.67991640
 0.40000000  1.60000000  0.52635183
 0.40000000  1.65000000  0.42462508
 0.40000000  1.70000000  0.37739886
 0.40000000  1.75000000  0.42416019
 0.40000000  1.80000000  0.56068136
 0.40000000  1.85000000  0.74328112
 0.40000000  1.90000000  0.95366959
 0.40000000  1.95000000  1.09971723
 0.40000000  2.00000000  1.13776946
 0.40000000  2.05000000  1.01728702
 0.40000000  2.10000000  0.74608442
 0.40000000  2.15000000  0.34898292
 0.40000000  2.20000000 -0.09322082
 0.45000000 -0.25000000  0.46683372
 0.45000000 -0.20000000  0.45603509
 0.45000000 -0.15000000  0.41641025
 0.45000000 -0.10000000  0.32644963
 0.45000000 -0.05000000  0.21805876
 0.45000000  0.00000000  0.09996973
 0.45000000  0.05000000 -0.02689261
 0.45000000  0.10000000 -0.15199687
 0.45000000  0.15000000 -0.26317863
 0.45000000  0.20000000 -0.37972182
 0.45000000  0.25000000 -0.46104333
 0.45000000  0.30000000 -0.48437526
 0.45000000  0.35000000 -0.41676674
 0.45000000  0.40000000 -0.24232365
 0.45000000  0.45000000  0.03522528
 0.45000000  0.50000000  0.37004770
 0.45000000  0.55000000  0.68834905
 0.45000000  0.60000000  0.93542982
 0.45000000  0.65000000  1.03893862
 0.45000000  0.70000000  0.97502936
 0.45000000  0.75000000  0.74720931
 0.45000000  0.80000000  0.39267451
 0.45000000  0.85000000 -0.01738594
 0.45000000  0.90000000 -0.41885317
 0.45000000  0.95000000 -0.71418507
 0.45000000  1.00000000 -0.85942302
 0.45000000  1.05000000 -0.82520608
 0.45000000  1.10000000 -0.62517022
 0.45000000  1.15000000 -0.29649308
 0.45000000  1.20000000  0.09909801
 0.45000000  1.25000000  0.50009505
 0.45000000  1.30000000  0.83332320
 0.45000000  1.35000000  1.05923388
 0.45000000  1.40000000  1.17094135
 0.45000000  1.45000000  1.16061425
 0.45000000  1.50000000  1.08016074
 0.45000000  1.55000000  0.95961724
 0.45000000  1.60000000  0.84549675
 0.45000000  1.65000000  0.76113451
 0.45000000  1.70000000  0.73597469
 0.45000000  1.75000000  0.77969331
 0.45000000  1.80000000  0.89063901
 0.45000000  1.85000000  1.05129216
 0.45000000  1.90000000  1.21018054
 0.45000000  1.95000000  1.31979417
 0.45000000  2.00000000  1.31923722
 0.45000000  2.05000000  1.17055787
 0.45000000  2.10000000  0.86287989
 0.45000000  2.15000000  0.43029109
 0.45000000  2.20000000 -0.04463697
 0.50000000 -0.25000000  0.36995979
 0.50000000 -0.20000000  0.36190618
 0.50000000 -0.15000000  0.32303998
 0.50000000 -0.10000000  0.24479162
 0.50000000 -0.05000000  0.14262609
 0.50000000  0.00000000  0.01309640
 0.50000000  0.05000000 -0.10904410
 0.50000000  0.10000000 -0.23407124
 0.50000000  0.15000000 -0.36032228
 0.50000000  0.20000000 -0.46956641
 0.50000000  0.25000000 -0.55679239
 0.50000000  0.30000000 -0.56480231
 0.50000000  0.35000000 -0.48654938
 0.50000000  0.40000000 -0.29173220
 0.50000000  0.45000000 -0.00781947
 0.50000000  0.50000000  0.33193991
 0.50000000  0.55000000  0.67136401
 0.50000000  0.60000000  0.92960115
 0.50000000  0.65000000  1.07256574
 0.50000000  0.70000000  1.03951415
 0.50000000  0.75000000  0.83097943
 0.50000000  0.80000000  0.49455278
 0.50000000  0.85000000  0.08651842
 0.50000000  0.90000000 -0.31631686
 0.50000000  0.95000000 -0.63256265
 0.50000000  1.00000000 -0.80828247
 0.50000000  1.05000000 -0.80416394
 0.50000000  1.10000000 -0.61027301
 0.50000000  1.15000000 -0.27847474
 0.50000000  1.20000000  0.13248183
 0.50000000  1.25000000  0.56320841
 0.50000000  1.30000000  0.92026504
 0.50000000  1.35000000  1.19190766
 0.50000000  1.40000000  1.33685631
 0.50000000  1.45000000  1.37660159
 0.50000000  1.50000000  1.33467595
 0.50000000  1.55000000  1.25340385
 0.50000000  1.60000000  1.17420113
 0.50000000  1.65000000  1.10559782
 0.50000000  1.70000000  1.09931509
 0.50000000  1.75000000  1.12931845
 0.50000000  1.80000000  1.21831890
 0.50000000  1.85000000  1.34622673
 0.50000000  1.90000000  1.47178590
 0.50000000  1.95000000  1.54470876
 0.50000000  2.00000000  1.50605148
 0.50000000  2.05000000  1.32308629
 0.50000000  2.10000000  0.98807991
 0.50000000  2.15000000  0.52741849
 0.50000000  2.20000000  0.00235318
 0.55000000 -0.25000000  0.38561880
 0.55000000 -0.20000000  0.37655717
 0.55000000 -0.15000000  0.33158409
 0.55000000 -0.10000000  0.25504345
 0.55000000 -0.05000000  0.13504125
 0.55000000  0.00000000  0.00321680
 0.55000000  0.05000000 -0.13993707
 0.55000000  0.10000000 -0.27767021
 0.55000000  0.15000000 -0.41035364
 0.55000000  0.20000000 -0.51957024
 0.55000000  0.25000000 -0.59717831
 0.55000000  0.30000000 -0.59831094
 0.55000000  0.35000000 -0.50852544
 0.55000000  0.40000000 -0.33354999
 0.55000000  0.45000000 -0.04433730
 0.55000000  0.50000000  0.29211941
 0.55000000  0.55000000  0.63613305
 0.55000000  0.60000000  0.90656625
 0.55000000  0.65000000  1.05639536
 0.55000000  0.70000000  1.05279090
 0.55000000  0.75000000  0.87564502
 0.55000000  0.80000000  0.56009944
 0.55000000  0.85000000  0.15051014
 0.55000000  0.90000000 -0.25241404
 0.55000000  0.95000000 -0.58472640
 0.55000000  1.00000000 -0.77112669
 0.55000000  1.05000000 -0.76647093
 0.55000000  1.10000000 -0.57168298
 0.55000000  1.15000000 -0.23446244
 0.55000000  1.20000000  0.20237669
 0.55000000  1.25000000  0.65067290
 0.55000000  1.30000000  1.04025964
 0.55000000  1.35000000  1.33534832
 0.55000000  1.40000000  1.50023592
 0.55000000  1.45000000  1.56885301
 0.55000000  1.50000000  1.55501694
 0.55000000  1.55000000  1.50794975
 0.55000000  1.60000000  1.44491384
 0.55000000  1.65000000  1.39123538
 0.55000000  1.70000000  1.38193403
 0.55000000  1.75000000  1.41453846
 0.55000000  1.80000000  1.48467784
 0.55000000  1.85000000  1.59132793
 0.55000000  1.90000000  1.67931887
 0.55000000  1.95000000  1.72640171
 0.55000000  2.00000000  1.65523096
 0.55000000  2.05000000  1.44797924
 0.55000000  2.10000000  1.08751990
 0.55000000  2.15000000  0.59268621
 0.55000000  2.20000000  0.03568828
 0.60000000 -0.25000000  0.49965202
 0.60000000 -0.20000000  0.47419972
 0.60000000 -0.15000000  0.42791930
 0.60000000 -0.10000000  0.32421855
 0.60000000 -0.05000000  0.19536385
 0.60000000  0.00000000  0.04036622
 0.60000000  0.05000000 -0.11537139
 0.60000000  0.10000000 -0.27098339
 0.60000000  0.15000000 -0.41720999
 0.60000000  0.20000000 -0.54789405
 0.60000000  0.25000000 -0.60429536
 0.60000000  0.30000000 -0.62182565
 0.60000000  0.35000000 -0.53574448
 0.60000000  0.40000000 -0.35271847
 0.60000000  0.45000000 -0.07243387
 0.60000000  0.50000000  0.25661919
 0.60000000  0.55000000  0.58733336
 0.60000000  0.60000000  0.86906428
 0.60000000  0.65000000  1.02613899
 0.60000000  0.70000000  1.04193762
 0.60000000  0.75000000  0.88496116
 0.60000000  0.80000000  0.59253633
 0.60000000  0.85000000  0.19971175
 0.60000000  0.90000000 -0.20111309
 0.60000000  0.95000000 -0.52813118
 0.60000000  1.00000000 -0.71655614
 0.60000000  1.05000000 -0.71937139
 0.60000000  1.10000000 -0.51240477
 0.60000000  1.15000000 -0.15998548
 0.60000000  1.20000000  0.28574452
 0.60000000  1.25000000  0.74291217
 0.60000000  1.30000000  1.15394234
 0.60000000  1.35000000  1.45404465
 0.60000000  1.40000000  1.63451755
 0.60000000  1.45000000  1.71708313
 0.60000000  1.50000000  1.70537927
 0.60000000  1.55000000  1.65762592
 0.60000000  1.60000000  1.60560287
 0.60000000  1.65000000  1.56097193
 0.60000000  1.70000000  1.54423225
 0.60000000  1.75000000  1.57041904
 0.60000000  1.80000000  1.62267197
 0.60000000  1.85000000  1.70456304
 0.60000000  1.90000000  1.77808150
 0.60000000  1.95000000  1.80305798
 0.60000000  2.00000000  1.72680676
 0.60000000  2.05000000  1.49900567
 0.60000000  2.10000000  1.11560578
 0.60000000  2.15000000  0.60554141
 0.60000000  2.20000000  0.02209100
 0.65000000 -0.25000000  0.67144011
 0.65000000 -0.20000000  0.64216039
 0.65000000 -0.15000000  0.56452220
 0.65000000 -0.10000000  0.45024118
 0.65000000 -0.05000000  0.28867436
 0.65000000  0.00000000  0.11820778
 0.65000000  0.05000000 -0.06305438
 0.65000000  0.10000000 -0.24508450
 0.65000000  0.15000000 -0.41166306
 0.65000000  0.20000000 -0.54380863
 0.65000000  0.25000000 -0.62972488
 0.65000000  0.30000000 -0.63863032
 0.65000000  0.35000000 -0.56142758
 0.65000000  0.40000000 -0.37774841
 0.65000000  0.45000000 -0.11325910
 0.65000000  0.50000000  0.20705221
 0.65000000  0.55000000  0.54086732
 0.65000000  0.60000000  0.82283433
 0.65000000  0.65000000  0.99540184
 0.65000000  0.70000000  1.02249578
 0.65000000  0.75000000  0.89013501
 0.65000000  0.80000000  0.61989681
 0.65000000  0.85000000  0.24784538
 0.65000000  0.90000000 -0.14131747
 0.65000000  0.95000000 -0.46708340
 0.65000000  1.00000000 -0.64776583
 0.65000000  1.05000000 -0.63794439
 0.65000000  1.10000000 -0.43646339
 0.65000000  1.15000000 -0.07393181
 0.65000000  1.20000000  0.37863719
 0.65000000  1.25000000  0.83722900
 0.65000000  1.30000000  1.23808272
 0.65000000  1.35000000  1.53166148
 0.65000000  1.40000000  1.70282601
 0.65000000  1.45000000  1.76270187
 0.65000000  1.50000000  1.74308381
 0.65000000  1.55000000  1.68772190
 0.65000000  1.60000000  1.61534631
 0.65000000  1.65000000  1.56026734
 0.65000000  1.70000000  1.52735859
 0.65000000  1.75000000  1.54343974
 0.65000000  1.80000000  1.58328099
 0.65000000  1.85000000  1.64836234
 0.65000000  1.90000000  1.71338685
 0.65000000  1.95000000  1.73715871
 0.65000000  2.00000000  1.65097247
 0.65000000  2.05000000  1.42973163
 0.65000000  2.10000000  1.04780384
 0.65000000  2.15000000  0.53272787
 0.65000000  2.20000000 -0.07095557
 0.70000000 -0.25000000  0.86155612
 0.70000000 -0.20000000  0.80120981
 0.70000000 -0.15000000  0.70052207
 0.70000000 -0.10000000  0.55035923
 0.70000000 -0.05000000  0.37143103
 0.70000000  0.00000000  0.18152728
 0.70000000  0.05000000 -0.02182315
 0.70000000  0.10000000 -0.21992386
 0.70000000  0.15000000 -0.40526903
 0.70000000  0.20000000 -0.55464942
 0.70000000  0.25000000 -0.65071039
 0.70000000  0.30000000 -0.67036270
 0.70000000  0.35000000 -0.58786599
 0.70000000  0.40000000 -0.41090129
 0.70000000  0.45000000 -0.15387139
 0.70000000  0.50000000  0.16977301
 0.70000000  0.55000000  0.50382325
 0.70000000  0.60000000  0.78659053
 0.70000000  0.65000000  0.97331051
 0.70000000  0.70000000  1.01294795
 0.70000000  0.75000000  0.91430242
 0.70000000  0.80000000  0.67375229
 0.70000000  0.85000000  0.31943544
 0.70000000  0.90000000 -0.05080605
 0.70000000  0.95000000 -0.36035374
 0.70000000  1.00000000 -0.53505025
 0.70000000  1.05000000 -0.52951998
 0.70000000  1.10000000 -0.32877670
 0.70000000  1.15000000  0.02329449
 0.70000000  1.20000000  0.46724193
 0.70000000  1.25000000  0.91001200
 0.70000000  1.30000000  1.28869803
 0.70000000  1.35000000  1.56306303
 0.70000000  1.40000000  1.69699595
 0.70000000  1.45000000  1.73117606
 0.70000000  1.50000000  1.68300650
 0.70000000  1.55000000  1.59248637
 0.70000000  1.60000000  1.48364536
 0.70000000  1.65000000  1.39352035
 0.70000000  1.70000000  1.32520570
 0.70000000  1.75000000  1.31108700
 0.70000000  1.80000000  1.33366482
 0.70000000  1.85000000  1.38821744
 0.70000000  1.90000000  1.45111607
 0.70000000  1.95000000  1.47932450
 0.70000000  2.00000000  1.41091029
 0.70000000  2.05000000  1.20087416
 0.70000000  2.10000000  0.83803446
 0.70000000  2.15000000  0.33855509
 0.70000000  2.20000000 -0.24579941
 0.75000000 -0.25000000  0.99636334
 0.75000000 -0.20000000  0.90745917
 0.75000000 -0.15000000  0.76457874
 0.75000000 -0.10000000  0.58378562
 0.75000000 -0.05000000  0.37599201
 0.75000000  0.00000000  0.17754156
 0.75000000  0.05000000 -0.03603989
 0.75000000  0.10000000 -0.24172571
 0.75000000  0.15000000 -0.43423273
 0.75000000  0.20000000 -0.58597408
 0.75000000  0.25000000 -0.68784550
 0.75000000  0.30000000 -0.70503868
 0.75000000  0.35000000 -0.62536685
 0.75000000  0.40000000 -0.44751543
 0.75000000  0.45000000 -0.17545669
 0.75000000  0.50000000  0.14809226
 0.75000000  0.55000000  0.48233733
 0.75000000  0.60000000  0.77928702
 0.75000000  0.65000000  0.97709532
 0.75000000  0.70000000  1.04313058
 0.75000000  0.75000000  0.96702978
 0.75000000  0.80000000  0.75544811
 0.75000000  0.85000000  0.43857457
 0.75000000  0.90000000  0.09360307
 0.75000000  0.95000000 -0.20466685
 0.75000000  1.00000000 -0.38244809
 0.75000000  1.05000000 -0.37272942
 0.75000000  1.10000000 -0.19827504
 0.75000000  1.15000000  0.12214382
 0.75000000  1.20000000  0.53231067
 0.75000000  1.25000000  0.95133361
 0.75000000  1.30000000  1.29630976
 0.75000000  1.35000000  1.53291563
 0.75000000  1.40000000  1.63496539
 0.75000000  1.45000000  1.63165809
 0.75000000  1.50000000  1.54233744
 0.75000000  1.55000000  1.39676485
 0.75000000  1.60000000  1.22567763
 0.75000000  1.65000000  1.07400569
 0.75000000  1.70000000  0.96156722
 0.75000000  1.75000000  0.89704837
 0.75000000  1.80000000  0.87882825
 0.75000000  1.85000000  0.91627740
 0.75000000  1.90000000  0.97656830
 0.75000000  1.95000000  1.01927645
 0.75000000  2.00000000  0.97154727
 0.75000000  2.05000000  0.80624368
 0.75000000  2.10000000  0.49279281
 0.75000000  2.15000000  0.02844657
 0.75000000  2.20000000 -0.53152095
 0.80000000 -0.25000000  1.04660936
 0.80000000 -0.20000000  0.90581302
 0.80000000 -0.15000000  0.70967110
 0.80000000 -0.10000000  0.49667491
 0.80000000 -0.05000000  0.27308764
 0.80000000  0.00000000  0.07135135
 0.80000000  0.05000000 -0.13366337
 0.80000000  0.10000000 -0.31409202
 0.80000000  0.15000000 -0.49022764
 0.80000000  0.20000000 -0.63687012
 0.80000000  0.25000000 -0.71974302
 0.80000000  0.30000000 -0.72726311
 0.80000000  0.35000000 -0.63448281
 0.80000000  0.40000000 -0.43207253
 0.80000000  0.45000000 -0.15841718
 0.80000000  0.50000000  0.18528809
 0.80000000  0.55000000  0.52596687
 0.80000000  0.60000000  0.82295307
 0.80000000  0.65000000  1.03461525
 0.80000000  0.70000000  1.11393928
 0.80000000  0.75000000  1.06577201
 0.80000000  0.80000000  0.87953226
 0.80000000  0.85000000  0.60131043
 0.80000000  0.90000000  0.28759254
 0.80000000  0.95000000  0.00228243
 0.80000000  1.00000000 -0.17547617
 0.80000000  1.05000000 -0.20152404
 0.80000000  1.10000000 -0.05802584
 0.80000000  1.15000000  0.22675652
 0.80000000  1.20000000  0.58481823
 0.80000000  1.25000000  0.95132495
 0.80000000  1.30000000  1.25141661
 0.80000000  1.35000000  1.45182580
 0.80000000  1.40000000  1.51638550
 0.80000000  1.45000000  1.47253621
 0.80000000  1.50000000  1.33118167
 0.80000000  1.55000000  1.12157161
 0.80000000  1.60000000  0.88745945
 0.80000000  1.65000000  0.64903884
 0.80000000  1.70000000  0.45246286
 0.80000000  1.75000000  0.31958733
 0.80000000  1.80000000  0.25228741
 0.80000000  1.85000000  0.26788368
 0.80000000  1.90000000  0.32274127
 0.80000000  1.95000000  0.38088970
 0.80000000  2.00000000  0.37792558
 0.80000000  2.05000000  0.25852973
 0.80000000  2.10000000  0.00968268
 0.80000000  2.15000000 -0.38919441
 0.80000000  2.20000000 -0.87718370
 0.85000000 -0.25000000  1.00402928
 0.85000000 -0.20000000  0.78188611
 0.85000000 -0.15000000  0.53566252
 0.85000000 -0.10000000  0.28336712
 0.85000000 -0.05000000  0.04001173
 0.85000000  0.00000000 -0.14430163
 0.85000000  0.05000000 -0.31376925
 0.85000000  0.10000000 -0.45871566
 0.85000000  0.15000000 -0.58136780
 0.85000000  0.20000000 -0.66921128
 0.85000000  0.25000000 -0.73074734
 0.85000000  0.30000000 -0.69792574
 0.85000000  0.35000000 -0.57473388
 0.85000000  0.40000000 -0.35821139
 0.85000000  0.45000000 -0.06133491
 0.85000000  0.50000000  0.28034750
 0.85000000  0.55000000  0.63357758
 0.85000000  0.60000000  0.93048424
 0.85000000  0.65000000  1.14366694
 0.85000000  0.70000000  1.23980517
 0.85000000  0.75000000  1.21346431
 0.85000000  0.80000000  1.05020584
 0.85000000  0.85000000  0.80795426
 0.85000000  0.90000000  0.51391507
 0.85000000  0.95000000  0.24203974
 0.85000000  1.00000000  0.05644317
 0.85000000  1.05000000 -0.01408701
 0.85000000  1.10000000  0.08605817
 0.85000000  1.15000000  0.29228932
 0.85000000  1.20000000  0.59513839
 0.85000000  1.25000000  0.90289193
 0.85000000  1.30000000  1.16390009
 0.85000000  1.35000000  1.32689216
 0.85000000  1.40000000  1.36749108
 0.85000000  1.45000000  1.28430875
 0.85000000  1.50000000  1.09734883
 0.85000000  1.55000000  0.83076417
 0.85000000  1.60000000  0.51258276
 0.85000000  1.65000000  0.19393358
 0.85000000  1.70000000 -0.10198153
 0.85000000  1.75000000 -0.32531883
 0.85000000  1.80000000 -0.46423864
 0.85000000  1.85000000 -0.49829840
 0.85000000  1.90000000 -0.46029771
 0.85000000  1.95000000 -0.39453798
 0.85000000  2.00000000 -0.35320147
 0.85000000  2.05000000 -0.39836730
 0.85000000  2.10000000 -0.56659412
 0.85000000  2.15000000 -0.86210643
 0.85000000  2.20000000 -1.25147976
 0.90000000 -0.25000000  0.84376127
 0.90000000 -0.20000000  0.56245062
 0.90000000 -0.15000000  0.25144932
 0.90000000 -0.10000000 -0.03553438
 0.90000000 -0.05000000 -0.27173481
 0.90000000  0.00000000 -0.43245847
 0.90000000  0.05000000 -0.54406721
 0.90000000  0.10000000 -0.61216627
 0.90000000  0.15000000 -0.65833244
 0.90000000  0.20000000 -0.68115195
 0.90000000  0.25000000 -0.66384569
 0.90000000  0.30000000 -0.59390257
 0.90000000  0.35000000 -0.43723278
 0.90000000  0.40000000 -0.19617102
 0.90000000  0.45000000  0.11459517
 0.90000000  0.50000000  0.46577388
 0.90000000  0.55000000  0.80961352
 0.90000000  0.60000000  1.10624773
 0.90000000  0.65000000  1.31432960
 0.90000000  0.70000000  1.40591364
 0.90000000  0.75000000  1.39156838
 0.90000000  0.80000000  1.25815961
 0.90000000  0.85000000  1.03795410
 0.90000000  0.90000000  0.76177560
 0.90000000  0.95000000  0.49119339
 0.90000000  1.00000000  0.27759102
 0.90000000  1.05000000  0.16810617
 0.90000000  1.10000000  0.18985453
 0.90000000  1.15000000  0.32609328
 0.90000000  1.20000000  0.56757673
 0.90000000  1.25000000  0.80491309
 0.90000000  1.30000000  1.02041941
 0.90000000  1.35000000  1.15095057
 0.90000000  1.40000000  1.17272066
 0.90000000  1.45000000  1.07039329
 0.90000000  1.50000000  0.85449554
 0.90000000  1.55000000  0.53499213
 0.90000000  1.60000000  0.15221213
 0.90000000  1.65000000 -0.25703946
 0.90000000  1.70000000 -0.65232190
 0.90000000  1.75000000 -0.96829673
 0.90000000  1.80000000 -1.19709068
 0.90000000  1.85000000 -1.29566785
 0.90000000  1.90000000 -1.29201606
 0.90000000  1.95000000 -1.21508335
 0.90000000  2.00000000 -1.13518587
 0.90000000  2.05000000 -1.10077453
 0.90000000  2.10000000 -1.16200277
 0.90000000  2.15000000 -1.34255851
 0.90000000  2.20000000 -1.60940816
 0.95000000 -0.25000000  0.59499723
 0.95000000 -0.20000000  0.25210579
 0.95000000 -0.15000000 -0.10307383
 0.95000000 -0.10000000 -0.42297676
 0.95000000 -0.05000000 -0.64113671
 0.95000000  0.00000000 -0.74833888
 0.95000000  0.05000000 -0.77838374
 0.95000000  0.10000000 -0.75128608
 0.95000000  0.15000000 -0.69255145
 0.95000000  0.20000000 -0.62129055
 0.95000000  0.25000000 -0.53285054
 0.95000000  0.30000000 -0.39135887
 0.95000000  0.35000000 -0.19985658
 0.95000000  0.40000000  0.05968362
 0.95000000  0.45000000  0.38294567
 0.95000000  0.50000000  0.72548824
 0.95000000  0.55000000  1.05487513
 0.95000000  0.60000000  1.33151497
 0.95000000  0.65000000  1.51662067
 0.95000000  0.70000000  1.61138836
 0.95000000  0.75000000  1.59192650
 0.95000000  0.80000000  1.47371855
 0.95000000  0.85000000  1.26451169
 0.95000000  0.90000000  1.00001130
 0.95000000  0.95000000  0.71000241
 0.95000000  1.00000000  0.45684258
 0.95000000  1.05000000  0.29232152
 0.95000000  1.10000000  0.23912867
 0.95000000  1.15000000  0.30164791
 0.95000000  1.20000000  0.46051077
 0.95000000  1.25000000  0.65109580
 0.95000000  1.30000000  0.83477701
 0.95000000  1.35000000  0.94515971
 0.95000000  1.40000000  0.96796566
 0.95000000  1.45000000  0.86087480
 0.95000000  1.50000000  0.62833309
 0.95000000  1.55000000  0.28395725
 0.95000000  1.60000000 -0.14916196
 0.95000000  1.65000000 -0.63907838
 0.95000000  1.70000000 -1.11569017
 0.95000000  1.75000000 -1.53414921
 0.95000000  1.80000000 -1.84384343
 0.95000000  1.85000000 -2.02514967
 0.95000000  1.90000000 -2.06417126
 0.95000000  1.95000000 -2.00163578
 0.95000000  2.00000000 -1.88151352
 0.95000000  2.05000000 -1.77106651
 0.95000000  2.10000000 -1.73205838
 0.95000000  2.15000000 -1.78095357
 0.95000000  2.20000000 -1.90382223
 1.00000000 -0.25000000  0.28044053
 1.00000000 -0.20000000 -0.10484690
 1.00000000 -0.15000000 -0.49688571
 1.00000000 -0.10000000 -0.80842335
 1.00000000 -0.05000000 -0.99796746
 1.00000000  0.00000000 -1.04384724
 1.00000000  0.05000000 -0.97834423
 1.00000000  0.10000000 -0.83878769
 1.00000000  0.15000000 -0.66812968
 1.00000000  0.20000000 -0.49024459
 1.00000000  0.25000000 -0.31065633
 1.00000000  0.30000000 -0.11006104
 1.00000000  0.35000000  0.12911497
 1.00000000  0.40000000  0.41390430
 1.00000000  0.45000000  0.72094662
 1.00000000  0.50000000  1.04690103
 1.00000000  0.55000000  1.34246077
 1.00000000  0.60000000  1.58284274
 1.00000000  0.65000000  1.73356679
 1.00000000  0.70000000  1.79762024
 1.00000000  0.75000000  1.77247553
 1.00000000  0.80000000  1.64829333
 1.00000000  0.85000000  1.44675119
 1.00000000  0.90000000  1.17554985
 1.00000000  0.95000000  0.86230251
 1.00000000  1.00000000  0.56561350
 1.00000000  1.05000000  0.33646805
 1.00000000  1.10000000  0.21674164
 1.00000000  1.15000000  0.20529902
 1.00000000  1.20000000  0.29405401
 1.00000000  1.25000000  0.43550080
 1.00000000  1.30000000  0.60426926
 1.00000000  1.35000000  0.70989899
 1.00000000  1.40000000  0.74225775
 1.00000000  1.45000000  0.65031897
 1.00000000  1.50000000  0.43558514
 1.00000000  1.55000000  0.08763335
 1.00000000  1.60000000 -0.37319611
 1.00000000  1.65000000 -0.90294790
 1.00000000  1.70000000 -1.45671027
 1.00000000  1.75000000 -1.95306305
 1.00000000  1.80000000 -2.35473748
 1.00000000  1.85000000 -2.60716634
 1.00000000  1.90000000 -2.70069194
 1.00000000  1.95000000 -2.65233115
 1.00000000  2.00000000 -2.52187199
 1.00000000  2.05000000 -2.35171164
 1.00000000  2.10000000 -2.20515243
 1.00000000  2.15000000 -2.11521121
 1.00000000  2.20000000 -2.08921538
 1.05000000 -0.25000000 -0.10235600
 1.05000000 -0.20000000 -0.49151043
 1.05000000 -0.15000000 -0.87388591
 1.05000000 -0.10000000 -1.16444668
 1.05000000 -0.05000000 -1.29954397
 1.05000000  0.00000000 -1.27621564
 1.05000000  0.05000000 -1.11768944
 1.05000000  0.10000000 -0.87423168
 1.05000000  0.15000000 -0.60402562
 1.05000000  0.20000000 -0.31883313
 1.05000000  0.25000000 -0.04886857
 1.05000000  0.30000000  0.22437286
 1.05000000  0.35000000  0.50465228
 1.05000000  0.40000000  0.79856513
 1.05000000  0.45000000  1.09606665
 1.05000000  0.50000000  1.38805562
 1.05000000  0.55000000  1.63395909
 1.05000000  0.60000000  1.81570856
 1.05000000  0.65000000  1.92638005
 1.05000000  0.70000000  1.95507581
 1.05000000  0.75000000  1.89303846
 1.05000000  0.80000000  1.75645699
 1.05000000  0.85000000  1.53589964
 1.05000000  0.90000000  1.25069634
 1.05000000  0.95000000  0.90608203
 1.05000000  1.00000000  0.57628182
 1.05000000  1.05000000  0.28986888
 1.05000000  1.10000000  0.09584968
 1.05000000  1.15000000  0.02182184
 1.05000000  1.20000000  0.05258012
 1.05000000  1.25000000  0.17822887
 1.05000000  1.30000000  0.31833471
 1.05000000  1.35000000  0.45324047
 1.05000000  1.40000000  0.51673979
 1.05000000  1.45000000  0.46905313
 1.05000000  1.50000000  0.29271398
 1.05000000  1.55000000 -0.03333345
 1.05000000  1.60000000 -0.48729402
 1.05000000  1.65000000 -1.03560264
 1.05000000  1.70000000 -1.62129912
 1.05000000  1.75000000 -2.18623911
 1.05000000  1.80000000 -2.64604598
 1.05000000  1.85000000 -2.97515673
 1.05000000  1.90000000 -3.12907917
 1.05000000  1.95000000 -3.12118961
 1.05000000  2.00000000 -2.98563404
 1.05000000  2.05000000 -2.77036635
 1.05000000  2.10000000 -2.54644525
 1.05000000  2.15000000 -2.33370959
 1.05000000  2.20000000 -2.16106557
 1.10000000 -0.25000000 -0.49973595
 1.10000000 -0.20000000 -0.87561543
 1.10000000 -0.15000000 -1.21656464
 1.10000000 -0.10000000 -1.45758781
 1.10000000 -0.05000000 -1.52500482
 1.10000000  0.00000000 -1.43089978
 1.10000000  0.05000000 -1.19732698
 1.10000000  0.10000000 -0.86002961
 1.10000000  0.15000000 -0.49625398
 1.10000000  0.20000000 -0.12737934
 1.10000000  0.25000000  0.23242900
 1.10000000  0.30000000  0.55255138
 1.10000000  0.35000000  0.87236873
 1.10000000  0.40000000  1.17606944
 1.10000000  0.45000000  1.45810655
 1.10000000  0.50000000  1.70243908
 1.10000000  0.55000000  1.88786831
 1.10000000  0.60000000  2.00863052
 1.10000000  0.65000000  2.04959912
 1.10000000  0.70000000  2.02593738
 1.10000000  0.75000000  1.93129259
 1.10000000  0.80000000  1.76120021
 1.10000000  0.85000000  1.52523135
 1.10000000  0.90000000  1.20970939
 1.10000000  0.95000000  0.84026991
 1.10000000  1.00000000  0.45470830
 1.10000000  1.05000000  0.12606047
 1.10000000  1.10000000 -0.13063733
 1.10000000  1.15000000 -0.25545647
 1.10000000  1.20000000 -0.25692571
 1.10000000  1.25000000 -0.16229018
 1.10000000  1.30000000  0.01270886
 1.10000000  1.35000000  0.17638445
 1.10000000  1.40000000  0.29615744
 1.10000000  1.45000000  0.31545054
 1.10000000  1.50000000  0.18802700
 1.10000000  1.55000000 -0.07609869
 1.10000000  1.60000000 -0.49370570
 1.10000000  1.65000000 -1.02740444
 1.10000000  1.70000000 -1.62215170
 1.10000000  1.75000000 -2.21842826
 1.10000000  1.80000000 -2.73048229
 1.10000000  1.85000000 -3.11089270
 1.10000000  1.90000000 -3.32578864
 1.10000000  1.95000000 -3.36109342
 1.10000000  2.00000000 -3.24414891
 1.10000000  2.05000000 -3.01552786
 1.10000000  2.10000000 -2.71971212
 1.10000000  2.15000000 -2.40937794
 1.10000000  2.20000000 -2.11477359
 1.15000000 -0.25000000 -0.90467194
 1.15000000 -0.20000000 -1.23134138
 1.15000000 -0.15000000 -1.50831962
 1.15000000 -0.10000000 -1.68219897
 1.15000000 -0.05000000 -1.69062314
 1.15000000  0.00000000 -1.53262385
 1.15000000  0.05000000 -1.22426008
 1.15000000  0.10000000 -0.83574341
 1.15000000  0.15000000 -0.39555467
 1.15000000  0.20000000  0.03237426
 1.15000000  0.25000000  0.44373385
 1.15000000  0.30000000  0.83921105
 1.15000000  0.35000000  1.18286449
 1.15000000  0.40000000  1.49287322
 1.15000000  0.45000000  1.75852952
 1.15000000  0.50000000  1.95801124
 1.15000000  0.55000000  2.07439092
 1.15000000  0.60000000  2.12705933
 1.15000000  0.65000000  2.10245145
 1.15000000  0.70000000  2.01083454
 1.15000000  0.75000000  1.87605184
 1.15000000  0.80000000  1.66976844
 1.15000000  0.85000000  1.39957449
 1.15000000  0.90000000  1.05783091
 1.15000000  0.95000000  0.64842497
 1.15000000  1.00000000  0.22724395
 1.15000000  1.05000000 -0.15123742
 1.15000000  1.10000000 -0.44856136
 1.15000000  1.15000000 -0.60779206
 1.15000000  1.20000000 -0.62704252
 1.15000000  1.25000000 -0.51761509
 1.15000000  1.30000000 -0.32720501
 1.15000000  1.35000000 -0.09878285
 1.15000000  1.40000000  0.08856181
 1.15000000  1.45000000  0.19268991
 1.15000000  1.50000000  0.15039285
 1.15000000  1.55000000 -0.04445592
 1.15000000  1.60000000 -0.40274135
 1.15000000  1.65000000 -0.90249520
 1.15000000  1.70000000 -1.48174690
 1.15000000  1.75000000 -2.08310130
 1.15000000  1.80000000 -2.62514445
 1.15000000  1.85000000 -3.04431551
 1.15000000  1.90000000 -3.30842244
 1.15000000  1.95000000 -3.38455328
 1.15000000  2.00000000 -3.29654209
 1.15000000  2.05000000 -3.06226765
 1.15000000  2.10000000 -2.74067229
 1.15000000  2.15000000 -2.35906078
 1.15000000  2.20000000 -1.94998094
 1.20000000 -0.25000000 -1.28844626
 1.20000000 -0.20000000 -1.53397637
 1.20000000 -0.15000000 -1.74841349
 1.20000000 -0.10000000 -1.84208156
 1.20000000 -0.05000000 -1.78310434
 1.20000000  0.00000000 -1.57616579
 1.20000000  0.05000000 -1.23754335
 1.20000000  0.10000000 -0.80619092
 1.20000000  0.15000000 -0.34042542
 1.20000000  0.20000000  0.14496280
 1.20000000  0.25000000  0.59903685
 1.20000000  0.30000000  1.02581350
 1.20000000  0.35000000  1.39807530
 1.20000000  0.40000000  1.72431905
 1.20000000  0.45000000  1.96064686
 1.20000000  0.50000000  2.11551912
 1.20000000  0.55000000  2.17837632
 1.20000000  0.60000000  2.15437066
 1.20000000  0.65000000  2.06039022
 1.20000000  0.70000000  1.91790338
 1.20000000  0.75000000  1.72597425
 1.20000000  0.80000000  1.48222648
 1.20000000  0.85000000  1.18455646
 1.20000000  0.90000000  0.81168583
 1.20000000  0.95000000  0.38244759
 1.20000000  1.00000000 -0.07138503
 1.20000000  1.05000000 -0.49345041
 1.20000000  1.10000000 -0.82528644
 1.20000000  1.15000000 -1.01258939
 1.20000000  1.20000000 -1.03678513
 1.20000000  1.25000000 -0.91305030
 1.20000000  1.30000000 -0.67768681
 1.20000000  1.35000000 -0.38238808
 1.20000000  1.40000000 -0.10138728
 1.20000000  1.45000000  0.09126868
 1.20000000  1.50000000  0.15141809
 1.20000000  1.55000000  0.04043617
 1.20000000  1.60000000 -0.25135417
 1.20000000  1.65000000 -0.69715087
 1.20000000  1.70000000 -1.24381516
 1.20000000  1.75000000 -1.81764749
 1.20000000  1.80000000 -2.36718926
 1.20000000  1.85000000 -2.81307642
 1.20000000  1.90000000 -3.11002830
 1.20000000  1.95000000 -3.22691457
 1.20000000  2.00000000 -3.18293600
 1.20000000  2.05000000 -2.97212643
 1.20000000  2.10000000 -2.63651376
 1.20000000  2.15000000 -2.21757894
 1.20000000  2.20000000 -1.73485895
 1.25000000 -0.25000000 -1.62034412
 1.25000000 -0.20000000 -1.77989238
 1.25000000 -0.15000000 -1.91185461
 1.25000000 -0.10000000 -1.93187954
 1.25000000 -0.05000000 -1.83078613
 1.25000000  0.00000000 -1.58903769
 1.25000000  0.05000000 -1.22961916
 1.25000000  0.10000000 -0.79710874
 1.25000000  0.15000000 -0.31679301
 1.25000000  0.20000000  0.18219753
 1.25000000  0.25000000  0.66632145
 1.25000000  0.30000000  1.11600750
 1.25000000  0.35000000  1.51562318
 1.25000000  0.40000000  1.83677546
 1.25000000  0.45000000  2.06184195
 1.25000000  0.50000000  2.17505470
 1.25000000  0.55000000  2.18061203
 1.25000000  0.60000000  2.09499878
 1.25000000  0.65000000  1.94531707
 1.25000000  0.70000000  1.74958222
 1.25000000  0.75000000  1.52204983
 1.25000000  0.80000000  1.25580241
 1.25000000  0.85000000  0.94290651
 1.25000000  0.90000000  0.55149476
 1.25000000  0.95000000  0.09419422
 1.25000000  1.00000000 -0.38911673
 1.25000000  1.05000000 -0.84338528
 1.25000000  1.10000000 -1.20837641
 1.25000000  1.15000000 -1.41432486
 1.25000000  1.20000000 -1.43895461
 1.25000000  1.25000000 -1.29871250
 1.25000000  1.30000000 -1.00936066
 1.25000000  1.35000000 -0.64421547
 1.25000000  1.40000000 -0.27635315
 1.25000000  1.45000000  0.00770763
 1.25000000  1.50000000  0.17249616
 1.25000000  1.55000000  0.13965295
 1.25000000  1.60000000 -0.08123295
 1.25000000  1.65000000 -0.45846025
 1.25000000  1.70000000 -0.95694259
 1.25000000  1.75000000 -1.51304745
 1.25000000  1.80000000 -2.03759679
 1.25000000  1.85000000 -2.48965454
 1.25000000  1.90000000 -2.79710600
 1.25000000  1.95000000 -2.95207555
 1.25000000  2.00000000 -2.94528543
 1.25000000  2.05000000 -2.76330965
 1.25000000  2.10000000 -2.44533064
 1.25000000  2.15000000 -2.02390321
 1.25000000  2.20000000 -1.51810133
 1.30000000 -0.25000000 -1.84747549
 1.30000000 -0.20000000 -1.93380499
 1.30000000 -0.15000000 -1.99494573
 1.30000000 -0.10000000 -1.96164762
 1.30000000 -0.05000000 -1.82017617
 1.30000000  0.00000000 -1.56495478
 1.30000000  0.05000000 -1.21888198
 1.30000000  0.10000000 -0.79834736
 1.30000000  0.15000000 -0.33045111
 1.30000000  0.20000000  0.16066868
 1.30000000  0.25000000  0.65644705
 1.30000000  0.30000000  1.12214243
 1.30000000  0.35000000  1.51511712
 1.30000000  0.40000000  1.84091709
 1.30000000  0.45000000  2.04698323
 1.30000000  0.50000000  2.12441373
 1.30000000  0.55000000  2.08222096
 1.30000000  0.60000000  1.96327151
 1.30000000  0.65000000  1.77710314
 1.30000000  0.70000000  1.54984839
 1.30000000  0.75000000  1.30584532
 1.30000000  0.80000000  1.03363271
 1.30000000  0.85000000  0.70415485
 1.30000000  0.90000000  0.30739754
 1.30000000  0.95000000 -0.15624804
 1.30000000  1.00000000 -0.66259011
 1.30000000  1.05000000 -1.13912247
 1.30000000  1.10000000 -1.52459373
 1.30000000  1.15000000 -1.75091020
 1.30000000  1.20000000 -1.78608721
 1.30000000  1.25000000 -1.62553501
 1.30000000  1.30000000 -1.29097946
 1.30000000  1.35000000 -0.86707290
 1.30000000  1.40000000 -0.42682956
 1.30000000  1.45000000 -0.05422054
 1.30000000  1.50000000  0.18098300
 1.30000000  1.55000000  0.23511926
 1.30000000  1.60000000  0.08501650
 1.30000000  1.65000000 -0.23650969
 1.30000000  1.70000000 -0.68683361
 1.30000000  1.75000000 -1.19588477
 1.30000000  1.80000000 -1.69626986
 1.30000000  1.85000000 -2.13286560
 1.30000000  1.90000000 -2.44984135
 1.30000000  1.95000000 -2.63102004
 1.30000000  2.00000000 -2.65822691
 1.30000000  2.05000000 -2.52950266
 1.30000000  2.10000000 -2.25063454
 1.30000000  2.15000000 -1.84907981
 1.30000000  2.20000000 -1.35283537
 1.35000000 -0.25000000 -1.96337751
 1.35000000 -0.20000000 -1.99009276
 1.35000000 -0.15000000 -1.98535923
 1.35000000 -0.10000000 -1.91387006
 1.35000000 -0.05000000 -1.76388138
 1.35000000  0.00000000 -1.51035795
 1.35000000  0.05000000 -1.17998185
 1.35000000  0.10000000 -0.79015249
 1.35000000  0.15000000 -0.35448554
 1.35000000  0.20000000  0.10770907
 1.35000000  0.25000000  0.58209439
 1.35000000  0.30000000  1.03641268
 1.35000000  0.35000000  1.42938918
 1.35000000  0.40000000  1.73553394
 1.35000000  0.45000000  1.93135911
 1.35000000  0.50000000  1.98585153
 1.35000000  0.55000000  1.92805544
 1.35000000  0.60000000  1.77639385
 1.35000000  0.65000000  1.56937373
 1.35000000  0.70000000  1.34221775
 1.35000000  0.75000000  1.11348875
 1.35000000  0.80000000  0.85052989
 1.35000000  0.85000000  0.53460210
 1.35000000  0.90000000  0.14596456
 1.35000000  0.95000000 -0.31429720
 1.35000000  1.00000000 -0.82383620
 1.35000000  1.05000000 -1.32050206
 1.35000000  1.10000000 -1.72651385
 1.35000000  1.15000000 -1.97142449
 1.35000000  1.20000000 -2.01248455
 1.35000000  1.25000000 -1.84904056
 1.35000000  1.30000000 -1.48857590
 1.35000000  1.35000000 -1.03278914
 1.35000000  1.40000000 -0.53275476
 1.35000000  1.45000000 -0.09897534
 1.35000000  1.50000000  0.18961989
 1.35000000  1.55000000  0.30623940
 1.35000000  1.60000000  0.21351384
 1.35000000  1.65000000 -0.05031267
 1.35000000  1.70000000 -0.45440860
 1.35000000  1.75000000 -0.91590535
 1.35000000  1.80000000 -1.38405264
 1.35000000  1.85000000 -1.79303561
 1.35000000  1.90000000 -2.11291357
 1.35000000  1.95000000 -2.31113304
 1.35000000  2.00000000 -2.37336007
 1.35000000  2.05000000 -2.31090797
 1.35000000  2.10000000 -2.08143189
 1.35000000  2.15000000 -1.74026949
 1.35000000  2.20000000 -1.27874947
 1.40000000 -0.25000000 -1.94259972
 1.40000000 -0.20000000 -1.93578285
 1.40000000 -0.15000000 -1.89431758
 1.40000000 -0.10000000 -1.79189881
 1.40000000 -0.05000000 -1.63323025
 1.40000000  0.00000000 -1.40205266
 1.40000000  0.05000000 -1.11212970
 1.40000000  0.10000000 -0.77566565
 1.40000000  0.15000000 -0.38805421
 1.40000000  0.20000000  0.02809685
 1.40000000  0.25000000  0.46115903
 1.40000000  0.30000000  0.87805296
 1.40000000  0.35000000  1.24811466
 1.40000000  0.40000000  1.53625003
 1.40000000  0.45000000  1.71549234
 1.40000000  0.50000000  1.75440466
 1.40000000  0.55000000  1.69841685
 1.40000000  0.60000000  1.55648706
 1.40000000  0.65000000  1.36166107
 1.40000000  0.70000000  1.17073875
 1.40000000  0.75000000  0.96099909
 1.40000000  0.80000000  0.73539017
 1.40000000  0.85000000  0.45216529
 1.40000000  0.90000000  0.08572994
 1.40000000  0.95000000 -0.35680240
 1.40000000  1.00000000 -0.86191069
 1.40000000  1.05000000 -1.35546123
 1.40000000  1.10000000 -1.77233303
 1.40000000  1.15000000 -2.03017424
 1.40000000  1.20000000 -2.08187865
 1.40000000  1.25000000 -1.91984299
 1.40000000  1.30000000 -1.55721403
 1.40000000  1.35000000 -1.08514918
 1.40000000  1.40000000 -0.56400467
 1.40000000  1.45000000 -0.11215227
 1.40000000  1.50000000  0.21748159
 1.40000000  1.55000000  0.36216953
 1.40000000  1.60000000  0.31284781
 1.40000000  1.65000000  0.08227886
 1.40000000  1.70000000 -0.27158276
 1.40000000  1.75000000 -0.68497563
 1.40000000  1.80000000 -1.11091072
 1.40000000  1.85000000 -1.50499617
 1.40000000  1.90000000 -1.81511694
 1.40000000  1.95000000 -2.02903102
 1.40000000  2.00000000 -2.13921873
 1.40000000  2.05000000 -2.12730593
 1.40000000  2.10000000 -1.98126822
 1.40000000  2.15000000 -1.70426459
 1.40000000  2.20000000 -1.31813052
 1.45000000 -0.25000000 -1.80086604
 1.45000000 -0.20000000 -1.76100049
 1.45000000 -0.15000000 -1.68830710
 1.45000000 -0.10000000 -1.58348820
 1.45000000 -0.05000000 -1.43152521
 1.45000000  0.00000000 -1.24238083
 1.45000000  0.05000000 -1.00973673
 1.45000000  0.10000000 -0.73815249
 1.45000000  0.15000000 -0.43156349
 1.45000000  0.20000000 -0.09455143
 1.45000000  0.25000000  0.28192696
 1.45000000  0.30000000  0.65141807
 1.45000000  0.35000000  0.99480333
 1.45000000  0.40000000  1.25535592
 1.45000000  0.45000000  1.42678528
 1.45000000  0.50000000  1.48398893
 1.45000000  0.55000000  1.44324222
 1.45000000  0.60000000  1.33597602
 1.45000000  0.65000000  1.18645461
 1.45000000  0.70000000  1.03142879
 1.45000000  0.75000000  0.87383115
 1.45000000  0.80000000  0.68521347
 1.45000000  0.85000000  0.43783200
 1.45000000  0.90000000  0.11819341
 1.45000000  0.95000000 -0.30105807
 1.45000000  1.00000000 -0.78459825
 1.45000000  1.05000000 -1.26281455
 1.45000000  1.10000000 -1.67272192
 1.45000000  1.15000000 -1.93151996
 1.45000000  1.20000000 -2.00129325
 1.45000000  1.25000000 -1.84796898
 1.45000000  1.30000000 -1.50242518
 1.45000000  1.35000000 -1.03777837
 1.45000000  1.40000000 -0.52095953
 1.45000000  1.45000000 -0.06114818
 1.45000000  1.50000000  0.27832109
 1.45000000  1.55000000  0.44248139
 1.45000000  1.60000000  0.40296216
 1.45000000  1.65000000  0.21929741
 1.45000000  1.70000000 -0.10090137
 1.45000000  1.75000000 -0.48160554
 1.45000000  1.80000000 -0.88292453
 1.45000000  1.85000000 -1.24883944
 1.45000000  1.90000000 -1.56433715
 1.45000000  1.95000000 -1.80643662
 1.45000000  2.00000000 -1.95466216
 1.45000000  2.05000000 -2.00325325
 1.45000000  2.10000000 -1.92766328
 1.45000000  2.15000000 -1.73092641
 1.45000000  2.20000000 -1.43497667
 1.50000000 -0.25000000 -1.53958635
 1.50000000 -0.20000000 -1.48270732
 1.50000000 -0.15000000 -1.40157784
 1.50000000 -0.10000000 -1.29598381
 1.50000000 -0.05000000 -1.17209457
 1.50000000  0.00000000 -1.02456461
 1.50000000  0.05000000 -0.87225582
 1.50000000  0.10000000 -0.69229832
 1.50000000  0.15000000 -0.48674283
 1.50000000  0.20000000 -0.23440488
 1.50000000  0.25000000  0.05583558
 1.50000000  0.30000000  0.35716981
 1.50000000  0.35000000  0.65627943
 1.50000000  0.40000000  0.90480186
 1.50000000  0.45000000  1.08259980
 1.50000000  0.50000000  1.17438867
 1.50000000  0.55000000  1.18086176
 1.50000000  0.60000000  1.11691593
 1.50000000  0.65000000  1.04228538
 1.50000000  0.70000000  0.93852124
 1.50000000  0.75000000  0.82821030
 1.50000000  0.80000000  0.68835249
 1.50000000  0.85000000  0.49147972
 1.50000000  0.90000000  0.20474398
 1.50000000  0.95000000 -0.18303677
 1.50000000  1.00000000 -0.61705158
 1.50000000  1.05000000 -1.07878877
 1.50000000  1.10000000 -1.46432072
 1.50000000  1.15000000 -1.71634502
 1.50000000  1.20000000 -1.79004250
 1.50000000  1.25000000 -1.65268071
 1.50000000  1.30000000 -1.32977457
 1.50000000  1.35000000 -0.88743930
 1.50000000  1.40000000 -0.39507134
 1.50000000  1.45000000  0.05212316
 1.50000000  1.50000000  0.38543941
 1.50000000  1.55000000  0.55161817
 1.50000000  1.60000000  0.54026568
 1.50000000  1.65000000  0.37160344
 1.50000000  1.70000000  0.08103842
 1.50000000  1.75000000 -0.26491159
 1.50000000  1.80000000 -0.63918402
 1.50000000  1.85000000 -0.99137317
 1.50000000  1.90000000 -1.31229648
 1.50000000  1.95000000 -1.57612052
 1.50000000  2.00000000 -1.77171188
 1.50000000  2.05000000 -1.87710563
 1.50000000  2.10000000 -1.87627403
 1.50000000  2.15000000 -1.76037060
 1.50000000  2.20000000 -1.53563637
 1.55000000 -0.25000000 -1.19600934
 1.55000000 -0.20000000 -1.12796056
 1.55000000 -0.15000000 -1.03583009
 1.55000000 -0.10000000 -0.94971553
 1.55000000 -0.05000000 -0.85737897
 1.55000000  0.00000000 -0.77416451
 1.55000000  0.05000000 -0.71795980
 1.55000000  0.10000000 -0.64434626
 1.55000000  0.15000000 -0.55886717
 1.55000000  0.20000000 -0.42233118
 1.55000000  0.25000000 -0.22660486
 1.55000000  0.30000000  0.01398586
 1.55000000  0.35000000  0.26897283
 1.55000000  0.40000000  0.50866737
 1.55000000  0.45000000  0.71723922
 1.55000000  0.50000000  0.84173184
 1.55000000  0.55000000  0.90924407
 1.55000000  0.60000000  0.92000270
 1.55000000  0.65000000  0.90390822
 1.55000000  0.70000000  0.85950205
 1.55000000  0.75000000  0.80699479
 1.55000000  0.80000000  0.71207912
 1.55000000  0.85000000  0.54646841
 1.55000000  0.90000000  0.29380108
 1.55000000  0.95000000 -0.04182140
 1.55000000  1.00000000 -0.44160225
 1.55000000  1.05000000 -0.86327167
 1.55000000  1.10000000 -1.21385084
 1.55000000  1.15000000 -1.44851883
 1.55000000  1.20000000 -1.52233658
 1.55000000  1.25000000 -1.39540788
 1.55000000  1.30000000 -1.10182480
 1.55000000  1.35000000 -0.68718512
 1.55000000  1.40000000 -0.22033558
 1.55000000  1.45000000  0.20862203
 1.55000000  1.50000000  0.53483689
 1.55000000  1.55000000  0.70110765
 1.55000000  1.60000000  0.71317029
 1.55000000  1.65000000  0.57303417
 1.55000000  1.70000000  0.32276497
 1.55000000  1.75000000  0.00110253
 1.55000000  1.80000000 -0.34926628
 1.55000000  1.85000000 -0.68925746
 1.55000000  1.90000000 -1.02402260
 1.55000000  1.95000000 -1.30228568
 1.55000000  2.00000000 -1.53088536
 1.55000000  2.05000000 -1.68432338
 1.55000000  2.10000000 -1.74793263
 1.55000000  2.15000000 -1.70331026
 1.55000000  2.20000000 -1.55436443
 1.60000000 -0.25000000 -0.79347431
 1.60000000 -0.20000000 -0.73098778
 1.60000000 -0.15000000 -0.65026359
 1.60000000 -0.10000000 -0.58089412
 1.60000000 -0.05000000 -0.53417198
 1.60000000  0.00000000 -0.53460661
 1.60000000  0.05000000 -0.56583673
 1.60000000  0.10000000 -0.62249464
 1.60000000  0.15000000 -0.65378662
 1.60000000  0.20000000 -0.63332645
 1.60000000  0.25000000 -0.54036919
 1.60000000  0.30000000 -0.36397762
 1.60000000  0.35000000 -0.13913885
 1.60000000  0.40000000  0.10170361
 1.60000000  0.45000000  0.33537354
 1.60000000  0.50000000  0.51433198
 1.60000000  0.55000000  0.63592432
 1.60000000  0.60000000  0.72289052
 1.60000000  0.65000000  0.76619859
 1.60000000  0.70000000  0.77965668
 1.60000000  0.75000000  0.77392260
 1.60000000  0.80000000  0.70966565
 1.60000000  0.85000000  0.57831407
 1.60000000  0.90000000  0.35884476
 1.60000000  0.95000000  0.06187014
 1.60000000  1.00000000 -0.30012574
 1.60000000  1.05000000 -0.67596376
 1.60000000  1.10000000 -0.98378969
 1.60000000  1.15000000 -1.19728222
 1.60000000  1.20000000 -1.26733208
 1.60000000  1.25000000 -1.15871021
 1.60000000  1.30000000 -0.88368451
 1.60000000  1.35000000 -0.49731170
 1.60000000  1.40000000 -0.05041730
 1.60000000  1.45000000  0.36727463
 1.60000000  1.50000000  0.69618965
 1.60000000  1.55000000  0.88675410
 1.60000000  1.60000000  0.92793990
 1.60000000  1.65000000  0.82267337
 1.60000000  1.70000000  0.60870347
 1.60000000  1.75000000  0.32999501
 1.60000000  1.80000000  0.01256698
 1.60000000  1.85000000 -0.32277085
 1.60000000  1.90000000 -0.63965952
 1.60000000  1.95000000 -0.92478696
 1.60000000  2.00000000 -1.18396722
 1.60000000  2.05000000 -1.37684184
 1.60000000  2.10000000 -1.47760148
 1.60000000  2.15000000 -1.48572313
 1.60000000  2.20000000 -1.38432628
 1.65000000 -0.25000000 -0.39389381
 1.65000000 -0.20000000 -0.34465656
 1.65000000 -0.15000000 -0.27692842
 1.65000000 -0.10000000 -0.23485853
 1.65000000 -0.05000000 -0.25043928
 1.65000000  0.00000000 -0.32156193
 1.65000000  0.05000000 -0.45442000
 1.65000000  0.10000000 -0.62619555
 1.65000000  0.15000000 -0.77698967
 1.65000000  0.20000000 -0.86200373
 1.65000000  0.25000000 -0.85701994
 1.65000000  0.30000000 -0.74312412
 1.65000000  0.35000000 -0.54522988
 1.65000000  0.40000000 -0.29008457
 1.65000000  0.45000000 -0.02569486
 1.65000000  0.50000000  0.19729659
 1.65000000  0.55000000  0.38933632
 1.65000000  0.60000000  0.53065729
 1.65000000  0.65000000  0.62177811
 1.65000000  0.70000000  0.67387195
 1.65000000  0.75000000  0.68661518
 1.65000000  0.80000000  0.65548575
 1.65000000  0.85000000  0.54385370
 1.65000000  0.90000000  0.35138587
 1.65000000  0.95000000  0.08668492
 1.65000000  1.00000000 -0.22857298
 1.65000000  1.05000000 -0.55269610
 1.65000000  1.10000000 -0.83499490
 1.65000000  1.15000000 -1.02280335
 1.65000000  1.20000000 -1.08371867
 1.65000000  1.25000000 -0.98769848
 1.65000000  1.30000000 -0.73899671
 1.65000000  1.35000000 -0.37459539
 1.65000000  1.40000000  0.05340268
 1.65000000  1.45000000  0.47957755
 1.65000000  1.50000000  0.82155998
 1.65000000  1.55000000  1.05130671
 1.65000000  1.60000000  1.14650468
 1.65000000  1.65000000  1.10299121
 1.65000000  1.70000000  0.95481705
 1.65000000  1.75000000  0.72781831
 1.65000000  1.80000000  0.44467318
 1.65000000  1.85000000  0.15076320
 1.65000000  1.90000000 -0.15119154
 1.65000000  1.95000000 -0.43939585
 1.65000000  2.00000000 -0.69135580
 1.65000000  2.05000000 -0.89708569
 1.65000000  2.10000000 -1.02259748
 1.65000000  2.15000000 -1.06630147
 1.65000000  2.20000000 -1.01298637
 1.70000000 -0.25000000 -0.00903512
 1.70000000 -0.20000000 -0.00515131
 1.70000000 -0.15000000  0.03321581
 1.70000000 -0.10000000  0.01986325
 1.70000000 -0.05000000 -0.04512508
 1.70000000  0.00000000 -0.19552729
 1.70000000  0.05000000 -0.42271783
 1.70000000  0.10000000 -0.67437481
 1.70000000  0.15000000 -0.92606468
 1.70000000  0.20000000 -1.09774173
 1.70000000  0.25000000 -1.15471650
 1.70000000  0.30000000 -1.08337814
 1.70000000  0.35000000 -0.88862052
 1.70000000  0.40000000 -0.63353332
 1.70000000  0.45000000 -0.34507578
 1.70000000  0.50000000 -0.07852109
 1.70000000  0.55000000  0.14343145
 1.70000000  0.60000000  0.31716444
 1.70000000  0.65000000  0.43463591
 1.70000000  0.70000000  0.52318095
 1.70000000  0.75000000  0.54700061
 1.70000000  0.80000000  0.52142880
 1.70000000  0.85000000  0.43730904
 1.70000000  0.90000000  0.27005507
 1.70000000  0.95000000  0.03770762
 1.70000000  1.00000000 -0.22388587
 1.70000000  1.05000000 -0.51347874
 1.70000000  1.10000000 -0.75612509
 1.70000000  1.15000000 -0.93666236
 1.70000000  1.20000000 -1.00164865
 1.70000000  1.25000000 -0.92853073
 1.70000000  1.30000000 -0.70760505
 1.70000000  1.35000000 -0.36416653
 1.70000000  1.40000000  0.05553979
 1.70000000  1.45000000  0.48321367
 1.70000000  1.50000000  0.87482969
 1.70000000  1.55000000  1.17045801
 1.70000000  1.60000000  1.33641488
 1.70000000  1.65000000  1.38339438
 1.70000000  1.70000000  1.31022473
 1.70000000  1.75000000  1.15406593
 1.70000000  1.80000000  0.94235168
 1.70000000  1.85000000  0.68915664
 1.70000000  1.90000000  0.42745753
 1.70000000  1.95000000  0.17251316
 1.70000000  2.00000000 -0.07637662
 1.70000000  2.05000000 -0.27632101
 1.70000000  2.10000000 -0.40839723
 1.70000000  2.15000000 -0.47116712
 1.70000000  2.20000000 -0.45517316
 1.75000000 -0.25000000  0.30842984
 1.75000000 -0.20000000  0.27538059
 1.75000000 -0.15000000  0.24431995
 1.75000000 -0.10000000  0.17911215
 1.75000000 -0.05000000  0.04740679
 1.75000000  0.00000000 -0.16961433
 1.75000000  0.05000000 -0.46622954
 1.75000000  0.10000000 -0.79643954
 1.75000000  0.15000000 -1.10040245
 1.75000000  0.20000000 -1.30539546
 1.75000000  0.25000000 -1.40457784
 1.75000000  0.30000000 -1.35055034
 1.75000000  0.35000000 -1.17337588
 1.75000000  0.40000000 -0.90040694
 1.75000000  0.45000000 -0.60271479
 1.75000000  0.50000000 -0.31882741
 1.75000000  0.55000000 -0.08001497
 1.75000000  0.60000000  0.10166967
 1.75000000  0.65000000  0.22201134
 1.75000000  0.70000000  0.30260851
 1.75000000  0.75000000  0.33734654
 1.75000000  0.80000000  0.32360082
 1.75000000  0.85000000  0.24289956
 1.75000000  0.90000000  0.11963709
 1.75000000  0.95000000 -0.06349968
 1.75000000  1.00000000 -0.29621501
 1.75000000  1.05000000 -0.53182249
 1.75000000  1.10000000 -0.76075345
 1.75000000  1.15000000 -0.93572826
 1.75000000  1.20000000 -1.01437237
 1.75000000  1.25000000 -0.97795807
 1.75000000  1.30000000 -0.79771846
 1.75000000  1.35000000 -0.48113218
 1.75000000  1.40000000 -0.06424992
 1.75000000  1.45000000  0.38504847
 1.75000000  1.50000000  0.82785411
 1.75000000  1.55000000  1.19143337
 1.75000000  1.60000000  1.45588653
 1.75000000  1.65000000  1.60345526
 1.75000000  1.70000000  1.62546337
 1.75000000  1.75000000  1.56758247
 1.75000000  1.80000000  1.43257383
 1.75000000  1.85000000  1.25521056
 1.75000000  1.90000000  1.04431796
 1.75000000  1.95000000  0.82324254
 1.75000000  2.00000000  0.61080518
 1.75000000  2.05000000  0.43497354
 1.75000000  2.10000000  0.30889965
 1.75000000  2.15000000  0.23866545
 1.75000000  2.20000000  0.22801098
 1.80000000 -0.25000000  0.54371687
 1.80000000 -0.20000000  0.43920790
 1.80000000 -0.15000000  0.34620340
 1.80000000 -0.10000000  0.22064564
 1.80000000 -0.05000000  0.02271586
 1.80000000  0.00000000 -0.26284261
 1.80000000  0.05000000 -0.59944397
 1.80000000  0.10000000 -0.95727668
 1.80000000  0.15000000 -1.28222332
 1.80000000  0.20000000 -1.50366367
 1.80000000  0.25000000 -1.59814597
 1.80000000  0.30000000 -1.54952692
 1.80000000  0.35000000 -1.36561349
 1.80000000  0.40000000 -1.09547307
 1.80000000  0.45000000 -0.79608191
 1.80000000  0.50000000 -0.52387942
 1.80000000  0.55000000 -0.29843493
 1.80000000  0.60000000 -0.12641059
 1.80000000  0.65000000 -0.01540809
 1.80000000  0.70000000  0.04578471
 1.80000000  0.75000000  0.06382520
 1.80000000  0.80000000  0.05739076
 1.80000000  0.85000000  0.00688270
 1.80000000  0.90000000 -0.09893486
 1.80000000  0.95000000 -0.23157894
 1.80000000  1.00000000 -0.40005852
 1.80000000  1.05000000 -0.60546926
 1.80000000  1.10000000 -0.81110318
 1.80000000  1.15000000 -0.98337073
 1.80000000  1.20000000 -1.10324196
 1.80000000  1.25000000 -1.10190062
 1.80000000  1.30000000 -0.96868080
 1.80000000  1.35000000 -0.69674152
 1.80000000  1.40000000 -0.29875206
 1.80000000  1.45000000  0.17426733
 1.80000000  1.50000000  0.66715253
 1.80000000  1.55000000  1.11188799
 1.80000000  1.60000000  1.47736385
 1.80000000  1.65000000  1.73320404
 1.80000000  1.70000000  1.86814144
 1.80000000  1.75000000  1.90548845
 1.80000000  1.80000000  1.86838966
 1.80000000  1.85000000  1.76506172
 1.80000000  1.90000000  1.62986451
 1.80000000  1.95000000  1.45459832
 1.80000000  2.00000000  1.28223669
 1.80000000  2.05000000  1.13235684
 1.80000000  2.10000000  1.01142639
 1.80000000  2.15000000  0.94248271
 1.80000000  2.20000000  0.91142677
 1.85000000 -0.25000000  0.67345267
 1.85000000 -0.20000000  0.51752306
 1.85000000 -0.15000000  0.35604825
 1.85000000 -0.10000000  0.15549826
 1.85000000 -0.05000000 -0.10694742
 1.85000000  0.00000000 -0.43302953
 1.85000000  0.05000000 -0.79552676
 1.85000000  0.10000000 -1.15217074
 1.85000000  0.15000000 -1.45832484
 1.85000000  0.20000000 -1.66817233
 1.85000000  0.25000000 -1.73653707
 1.85000000  0.30000000 -1.66815484
 1.85000000  0.35000000 -1.48559506
 1.85000000  0.40000000 -1.22647198
 1.85000000  0.45000000 -0.94489544
 1.85000000  0.50000000 -0.69902559
 1.85000000  0.55000000 -0.49727564
 1.85000000  0.60000000 -0.36154669
 1.85000000  0.65000000 -0.27769458
 1.85000000  0.70000000 -0.23851643
 1.85000000  0.75000000 -0.23218604
 1.85000000  0.80000000 -0.23743427
 1.85000000  0.85000000 -0.26724245
 1.85000000  0.90000000 -0.32000056
 1.85000000  0.95000000 -0.40431146
 1.85000000  1.00000000 -0.52331483
 1.85000000  1.05000000 -0.67955269
 1.85000000  1.10000000 -0.86840153
 1.85000000  1.15000000 -1.05466493
 1.85000000  1.20000000 -1.19574472
 1.85000000  1.25000000 -1.24966633
 1.85000000  1.30000000 -1.17358973
 1.85000000  1.35000000 -0.94402408
 1.85000000  1.40000000 -0.56828803
 1.85000000  1.45000000 -0.09867612
 1.85000000  1.50000000  0.42505417
 1.85000000  1.55000000  0.94693092
 1.85000000  1.60000000  1.39052407
 1.85000000  1.65000000  1.73820890
 1.85000000  1.70000000  1.97581839
 1.85000000  1.75000000  2.11658499
 1.85000000  1.80000000  2.15922415
 1.85000000  1.85000000  2.14598734
 1.85000000  1.90000000  2.06501907
 1.85000000  1.95000000  1.96559901
 1.85000000  2.00000000  1.82612726
 1.85000000  2.05000000  1.70252719
 1.85000000  2.10000000  1.60544821
 1.85000000  2.15000000  1.53917008
 1.85000000  2.20000000  1.49885900
 1.90000000 -0.25000000  0.72819693
 1.90000000 -0.20000000  0.50121382
 1.90000000 -0.15000000  0.27801508
 1.90000000 -0.10000000  0.01321036
 1.90000000 -0.05000000 -0.29852025
 1.90000000  0.00000000 -0.65034781
 1.90000000  0.05000000 -1.01845027
 1.90000000  0.10000000 -1.35783628
 1.90000000  0.15000000 -1.62301564
 1.90000000  0.20000000 -1.79173470
 1.90000000  0.25000000 -1.82491987
 1.90000000  0.30000000 -1.73873852
 1.90000000  0.35000000 -1.55183762
 1.90000000  0.40000000 -1.30716957
 1.90000000  0.45000000 -1.06191309
 1.90000000  0.50000000 -0.84773812
 1.90000000  0.55000000 -0.69505381
 1.90000000  0.60000000 -0.59529623
 1.90000000  0.65000000 -0.54926992
 1.90000000  0.70000000 -0.54458553
 1.90000000  0.75000000 -0.54040074
 1.90000000  0.80000000 -0.53729383
 1.90000000  0.85000000 -0.53710841
 1.90000000  0.90000000 -0.54249532
 1.90000000  0.95000000 -0.56116448
 1.90000000  1.00000000 -0.62962480
 1.90000000  1.05000000 -0.74302153
 1.90000000  1.10000000 -0.90716823
 1.90000000  1.15000000 -1.08763373
 1.90000000  1.20000000 -1.26017975
 1.90000000  1.25000000 -1.36530224
 1.90000000  1.30000000 -1.35080669
 1.90000000  1.35000000 -1.17589082
 1.90000000  1.40000000 -0.84586149
 1.90000000  1.45000000 -0.38609567
 1.90000000  1.50000000  0.15534112
 1.90000000  1.55000000  0.69304375
 1.90000000  1.60000000  1.19672902
 1.90000000  1.65000000  1.61399126
 1.90000000  1.70000000  1.92628294
 1.90000000  1.75000000  2.13662662
 1.90000000  1.80000000  2.25995911
 1.90000000  1.85000000  2.30908941
 1.90000000  1.90000000  2.29924409
 1.90000000  1.95000000  2.23682255
 1.90000000  2.00000000  2.15915502
 1.90000000  2.05000000  2.07879170
 1.90000000  2.10000000  2.00870184
 1.90000000  2.15000000  1.95623409
 1.90000000  2.20000000  1.92182586
 1.95000000 -0.25000000  0.69301846
 1.95000000 -0.20000000  0.42426171
 1.95000000 -0.15000000  0.14143438
 1.95000000 -0.10000000 -0.16595853
 1.95000000 -0.05000000 -0.51151388
 1.95000000  0.00000000 -0.89086774
 1.95000000  0.05000000 -1.25225445
 1.95000000  0.10000000 -1.55210547
 1.95000000  0.15000000 -1.76274391
 1.95000000  0.20000000 -1.88295047
 1.95000000  0.25000000 -1.87223119
 1.95000000  0.30000000 -1.76404233
 1.95000000  0.35000000 -1.59629833
 1.95000000  0.40000000 -1.38275507
 1.95000000  0.45000000 -1.17770573
 1.95000000  0.50000000 -1.01135791
 1.95000000  0.55000000 -0.89910547
 1.95000000  0.60000000 -0.84055082
 1.95000000  0.65000000 -0.82003804
 1.95000000  0.70000000 -0.81358383
 1.95000000  0.75000000 -0.81654926
 1.95000000  0.80000000 -0.80565538
 1.95000000  0.85000000 -0.76985777
 1.95000000  0.90000000 -0.72420429
 1.95000000  0.95000000 -0.69038225
 1.95000000  1.00000000 -0.69372384
 1.95000000  1.05000000 -0.75864291
 1.95000000  1.10000000 -0.88889185
 1.95000000  1.15000000 -1.07902516
 1.95000000  1.20000000 -1.26794663
 1.95000000  1.25000000 -1.40865311
 1.95000000  1.30000000 -1.44498405
 1.95000000  1.35000000 -1.32574661
 1.95000000  1.40000000 -1.04432849
 1.95000000  1.45000000 -0.62965073
 1.95000000  1.50000000 -0.12457944
 1.95000000  1.55000000  0.41741989
 1.95000000  1.60000000  0.91951141
 1.95000000  1.65000000  1.36077663
 1.95000000  1.70000000  1.70833426
 1.95000000  1.75000000  1.96260819
 1.95000000  1.80000000  2.13122672
 1.95000000  1.85000000  2.22705478
 1.95000000  1.90000000  2.26982669
 1.95000000  1.95000000  2.26442892
 1.95000000  2.00000000  2.24196945
 1.95000000  2.05000000  2.20490555
 1.95000000  2.10000000  2.17043225
 1.95000000  2.15000000  2.14955426
 1.95000000  2.20000000  2.13610321
 2.00000000 -0.25000000  0.58369764
 2.00000000 -0.20000000  0.29735402
 2.00000000 -0.15000000 -0.01966135
 2.00000000 -0.10000000 -0.37102390
 2.00000000 -0.05000000 -0.75044814
 2.00000000  0.00000000 -1.11968177
 2.00000000  0.05000000 -1.44867006
 2.00000000  0.10000000 -1.71789675
 2.00000000  0.15000000 -1.88578088
 2.00000000  0.20000000 -1.94496187
 2.00000000  0.25000000 -1.91135548
 2.00000000  0.30000000 -1.80193127
 2.00000000  0.35000000 -1.64505017
 2.00000000  0.40000000 -1.46307873
 2.00000000  0.45000000 -1.30486299
 2.00000000  0.50000000 -1.18323670
 2.00000000  0.55000000 -1.10035658
 2.00000000  0.60000000 -1.05643733
 2.00000000  0.65000000 -1.04744314
 2.00000000  0.70000000 -1.04868192
 2.00000000  0.75000000 -1.03035340
 2.00000000  0.80000000 -0.99616500
 2.00000000  0.85000000 -0.92729064
 2.00000000  0.90000000 -0.83287925
 2.00000000  0.95000000 -0.74085913
 2.00000000  1.00000000 -0.69218186
 2.00000000  1.05000000 -0.71449136
 2.00000000  1.10000000 -0.81631867
 2.00000000  1.15000000 -0.98273353
 2.00000000  1.20000000 -1.17927768
 2.00000000  1.25000000 -1.35070487
 2.00000000  1.30000000 -1.42606857
 2.00000000  1.35000000 -1.35863515
 2.00000000  1.40000000 -1.14907608
 2.00000000  1.45000000 -0.80147748
 2.00000000  1.50000000 -0.35615296
 2.00000000  1.55000000  0.12814717
 2.00000000  1.60000000  0.59092071
 2.00000000  1.65000000  0.99967443
 2.00000000  1.70000000  1.33234770
 2.00000000  1.75000000  1.58494212
 2.00000000  1.80000000  1.77199645
 2.00000000  1.85000000  1.90234590
 2.00000000  1.90000000  1.98639752
 2.00000000  1.95000000  2.03553682
 2.00000000  2.00000000  2.06828617
 2.00000000  2.05000000  2.08656082
 2.00000000  2.10000000  2.11744798
 2.00000000  2.15000000  2.13401215
 2.00000000  2.20000000  2.15641918
 2.05000000 -0.25000000  0.42815981
 2.05000000 -0.20000000  0.12350709
 2.05000000 -0.15000000 -0.21243407
 2.05000000 -0.10000000 -0.57353760
 2.05000000 -0.05000000 -0.95551007
 2.05000000  0.00000000 -1.31821904
 2.05000000  0.05000000 -1.62223496
 2.05000000  0.10000000 -1.85236592
 2.05000000  0.15000000 -1.96809354
 2.05000000  0.20000000 -2.00112867
 2.05000000  0.25000000 -1.94167771
 2.05000000  0.30000000 -1.83119484
 2.05000000  0.35000000 -1.70501759
 2.05000000  0.40000000 -1.57694279
 2.05000000  0.45000000 -1.45598190
 2.05000000  0.50000000 -1.36671986
 2.05000000  0.55000000 -1.30465193
 2.05000000  0.60000000 -1.26726617
 2.05000000  0.65000000 -1.23835136
 2.05000000  0.70000000 -1.20371401
 2.05000000  0.75000000 -1.16685487
 2.05000000  0.80000000 -1.08746627
 2.05000000  0.85000000 -0.97722073
 2.05000000  0.90000000 -0.83830582
 2.05000000  0.95000000 -0.70575586
 2.05000000  1.00000000 -0.61011812
 2.05000000  1.05000000 -0.58265604
 2.05000000  1.10000000 -0.65089127
 2.05000000  1.15000000 -0.79873612
 2.05000000  1.20000000 -0.99480292
 2.05000000  1.25000000 -1.17097675
 2.05000000  1.30000000 -1.28404279
 2.05000000  1.35000000 -1.26601329
 2.05000000  1.40000000 -1.13003028
 2.05000000  1.45000000 -0.86580730
 2.05000000  1.50000000 -0.51665912
 2.05000000  1.55000000 -0.13647810
 2.05000000  1.60000000  0.23682408
 2.05000000  1.65000000  0.56579010
 2.05000000  1.70000000  0.84448545
 2.05000000  1.75000000  1.06256032
 2.05000000  1.80000000  1.23663475
 2.05000000  1.85000000  1.38167065
 2.05000000  1.90000000  1.50089354
 2.05000000  1.95000000  1.61309785
 2.05000000  2.00000000  1.70821878
 2.05000000  2.05000000  1.79585985
 2.05000000  2.10000000  1.88457246
 2.05000000  2.15000000  1.96086499
 2.05000000  2.20000000  2.03556127
 2.10000000 -0.25000000  0.21074322
 2.10000000 -0.20000000 -0.07735692
 2.10000000 -0.15000000 -0.40122681
 2.10000000 -0.10000000 -0.75499389
 2.10000000 -0.05000000 -1.12972029
 2.10000000  0.00000000 -1.47091487
 2.10000000  0.05000000 -1.75587810
 2.10000000  0.10000000 -1.94561063
 2.10000000  0.15000000 -2.02621506
 2.10000000  0.20000000 -2.02367695
 2.10000000  0.25000000 -1.95600957
 2.10000000  0.30000000 -1.86410876
 2.10000000  0.35000000 -1.76790597
 2.10000000  0.40000000 -1.68028838
 2.10000000  0.45000000 -1.60462085
 2.10000000  0.50000000 -1.54675974
 2.10000000  0.55000000 -1.48842881
 2.10000000  0.60000000 -1.42982111
 2.10000000  0.65000000 -1.35888210
 2.10000000  0.70000000 -1.27604022
 2.10000000  0.75000000 -1.17963154
 2.10000000  0.80000000 -1.05695605
 2.10000000  0.85000000 -0.90543499
 2.10000000  0.90000000 -0.72743406
 2.10000000  0.95000000 -0.56328714
 2.10000000  1.00000000 -0.43147070
 2.10000000  1.05000000 -0.37513325
 2.10000000  1.10000000 -0.40914067
 2.10000000  1.15000000 -0.53385888
 2.10000000  1.20000000 -0.70943586
 2.10000000  1.25000000 -0.88532025
 2.10000000  1.30000000 -1.01194329
 2.10000000  1.35000000 -1.05552084
 2.10000000  1.40000000 -0.99718514
 2.10000000  1.45000000 -0.82909333
 2.10000000  1.50000000 -0.60502823
 2.10000000  1.55000000 -0.35201470
 2.10000000  1.60000000 -0.10286794
 2.10000000  1.65000000  0.12234185
 2.10000000  1.70000000  0.30393830
 2.10000000  1.75000000  0.47049647
 2.10000000  1.80000000  0.60992669
 2.10000000  1.85000000  0.76213102
 2.10000000  1.90000000  0.91625641
 2.10000000  1.95000000  1.08464309
 2.10000000  2.00000000  1.25074589
 2.10000000  2.05000000  1.41133943
 2.10000000  2.10000000  1.57199521
 2.10000000  2.15000000  1.71175629
 2.10000000  2.20000000  1.83018352
 2.15000000 -0.25000000 -0.02107415
 2.15000000 -0.20000000 -0.28760321
 2.15000000 -0.15000000 -0.57930489
 2.15000000 -0.10000000 -0.91781006
 2.15000000 -0.05000000 -1.26570360
 2.15000000  0.00000000 -1.58375654
 2.15000000  0.05000000 -1.82908294
 2.15000000  0.10000000 -1.98921081
 2.15000000  0.15000000 -2.03729520
 2.15000000  0.20000000 -2.01097189
 2.15000000  0.25000000 -1.95387271
 2.15000000  0.30000000 -1.87531871
 2.15000000  0.35000000 -1.81240400
 2.15000000  0.40000000 -1.76715213
 2.15000000  0.45000000 -1.73309702
 2.15000000  0.50000000 -1.68439618
 2.15000000  0.55000000 -1.61671192
 2.15000000  0.60000000 -1.52842413
 2.15000000  0.65000000 -1.40118274
 2.15000000  0.70000000 -1.24723567
 2.15000000  0.75000000 -1.08645194
 2.15000000  0.80000000 -0.90140012
 2.15000000  0.85000000 -0.70180605
 2.15000000  0.90000000 -0.49508109
 2.15000000  0.95000000 -0.30309408
 2.15000000  1.00000000 -0.15290448
 2.15000000  1.05000000 -0.07709054
 2.15000000  1.10000000 -0.10111629
 2.15000000  1.15000000 -0.20108240
 2.15000000  1.20000000 -0.36744331
 2.15000000  1.25000000 -0.53784049
 2.15000000  1.30000000 -0.67935079
 2.15000000  1.35000000 -0.76371845
 2.15000000  1.40000000 -0.76997605
 2.15000000  1.45000000 -0.71013987
 2.15000000  1.50000000 -0.60438658
 2.15000000  1.55000000 -0.48658172
 2.15000000  1.60000000 -0.37387680
 2.15000000  1.65000000 -0.27991378
 2.15000000  1.70000000 -0.19626218
 2.15000000  1.75000000 -0.10155249
 2.15000000  1.80000000  0.00744183
 2.15000000  1.85000000  0.15098854
 2.15000000  1.90000000  0.33942418
 2.15000000  1.95000000  0.55650475
 2.15000000  2.00000000  0.79472450
 2.15000000  2.05000000  1.02940455
 2.15000000  2.10000000  1.24768292
 2.15000000  2.15000000  1.44329789
 2.15000000  2.20000000  1.61727555
 2.20000000 -0.25000000 -0.27515410
 2.20000000 -0.20000000 -0.49551032
 2.20000000 -0.15000000 -0.75870230
 2.20000000 -0.10000000 -1.05284457
 2.20000000 -0.05000000 -1.35474288
 2.20000000  0.00000000 -1.63755139
 2.20000000  0.05000000 -1.84667307
 2.20000000  0.10000000 -1.96316987
 2.20000000  0.15000000 -1.99646371
 2.20000000  0.20000000 -1.95175111
 2.20000000  0.25000000 -1.89340932
 2.20000000  0.30000000 -1.83291141
 2.20000000  0.35000000 -1.79876020
 2.20000000  0.40000000 -1.78751665
 2.20000000  0.45000000 -1.78003788
 2.20000000  0.50000000 -1.75146350
 2.20000000  0.55000000 -1.66438132
 2.20000000  0.60000000 -1.52783778
 2.20000000  0.65000000 -1.33361833
 2.20000000  0.70000000 -1.12048226
 2.20000000  0.75000000 -0.88721178
 2.20000000  0.80000000 -0.64118970
 2.20000000  0.85000000 -0.40319702
 2.20000000  0.90000000 -0.17070109
 2.20000000  0.95000000  0.03027542
 2.20000000  1.00000000  0.18069199
 2.20000000  1.05000000  0.25639820
 2.20000000  1.10000000  0.24005005
 2.20000000  1.15000000  0.13809737
 2.20000000  1.20000000 -0.00901930
 2.20000000  1.25000000 -0.17914637
 2.20000000  1.30000000 -0.34032369
 2.20000000  1.35000000 -0.44863766
 2.20000000  1.40000000 -0.51069110
 2.20000000  1.45000000 -0.53182386
 2.20000000  1.50000000 -0.53231233
 2.20000000  1.55000000 -0.53447634
 2.20000000  1.60000000 -0.55149597
 2.20000000  1.65000000 -0.57057735
 2.20000000  1.70000000 -0.57855995
 2.20000000  1.75000000 -0.56599764
 2.20000000  1.80000000 -0.48588842
 2.20000000  1.85000000 -0.33770636
 2.20000000  1.90000000 -0.13175600
 2.20000000  1.95000000  0.13760064
 2.20000000  2.00000000  0.42981895
 2.20000000  2.05000000  0.71621703
 2.20000000  2.10000000  0.99390551
 2.20000000  2.15000000  1.23015506
 2.20000000  2.20000000  1.41541918
