Anytime H=4
[1.276005283637702, 3.9913746703933821, 6.2585403082174906, 7.8061050875497084, 13.162444535150794]
LP
[5.3563394476010844, 9.6299990687763817, 14.986338516377465, 19.259998137552763, 24.616337585153847]
myqEI
[0.83884317040199918, 1.6143106261028786, 7.0087060702315673, 11.482583796736764, 16.730589269170157]
PE
[5.3563394476010844, 10.241398292699877, 14.502120479240951, 19.676652734033592, 28.005864384736967]
BUCB
[1.276005283637702, -0.36872538313949565, -2.2197952630976556, -0.35263589800533479, 4.8953695744280576]
MLE H=4
[1.276005283637702, 2.8235700629699192, 8.1799095105710045, 15.289857404461815, 22.465255881923003]
H=1
[1.276005283637702, 3.9913746703933821, 9.239380142826775, 16.132127620960595, 22.906743050181959]
H=2
[5.3563394476010844, 12.466287341491896, 19.641685818953086, 26.751633712843898, 33.927032190305084]
H=3
[1.4102916180218443, 3.4575817683536272, 8.8139212159547107, 15.923869109845521, 23.099267587306709]
