Physical State
[[ 0.55  1.  ]
 [ 0.5   1.  ]
 [ 0.45  1.  ]
 [ 0.4   1.  ]]
Locations
[[ 1.    1.  ]
 [ 0.95  1.  ]
 [ 0.9   1.  ]
 [ 0.85  1.  ]
 [ 0.8   1.  ]
 [ 0.75  1.  ]
 [ 0.7   1.  ]
 [ 0.65  1.  ]
 [ 0.6   1.  ]
 [ 0.55  1.  ]
 [ 0.5   1.  ]
 [ 0.45  1.  ]
 [ 0.4   1.  ]]
Measurements
[ 0.03799932  0.19522726  0.34808706  0.50566102  0.6553123   0.83802278
  1.03722874  1.26359203  1.4940687   1.68237512  1.79822976  1.81209824
  1.7245426 ]
Total accumulated reward = 13.3544456251
Nodes expanded = 22202