Physical State
[[ 1.2   1.45]
 [ 1.2   1.5 ]
 [ 1.2   1.55]
 [ 1.2   1.6 ]]
Locations
[[ 1.    1.  ]
 [ 1.    1.05]
 [ 1.    1.1 ]
 [ 1.    1.15]
 [ 1.    1.2 ]
 [ 1.    1.25]
 [ 1.    1.3 ]
 [ 1.    1.35]
 [ 1.    1.4 ]
 [ 1.05  1.4 ]
 [ 1.1   1.4 ]
 [ 1.15  1.4 ]
 [ 1.2   1.4 ]
 [ 1.2   1.45]
 [ 1.2   1.5 ]
 [ 1.2   1.55]
 [ 1.2   1.6 ]]
Measurements
[ 0.03799932  0.07099141  0.19719536  0.38286907  0.58423098  0.75962378
  0.86995834  0.93839306  0.95207192  0.80242515  0.62811087  0.44406358
  0.29462725  0.13899105 -0.03361101 -0.21865025 -0.3902611 ]
Total accumulated reward = 6.42102946239
Nodes expanded = 4