Physical State
[[ 1.    1.25]
 [ 1.    1.3 ]
 [ 1.    1.35]
 [ 1.    1.4 ]]
Locations
[[ 1.    1.  ]
 [ 1.    1.05]
 [ 1.    1.1 ]
 [ 1.    1.15]
 [ 1.    1.2 ]
 [ 1.    1.25]
 [ 1.    1.3 ]
 [ 1.    1.35]
 [ 1.    1.4 ]
 [ 1.    1.35]
 [ 1.    1.3 ]
 [ 1.    1.25]
 [ 1.    1.2 ]
 [ 1.    1.25]
 [ 1.    1.3 ]
 [ 1.    1.35]
 [ 1.    1.4 ]]
Measurements
[ 0.33235771  0.32066352  0.33749306  0.3628882   0.39547984  0.41317229
  0.40981137  0.3794946   0.3312803   0.3794946   0.40981137  0.41317229
  0.39547984  0.41317229  0.40981137  0.3794946   0.3312803 ]
Total accumulated reward = 6.08199983463
Nodes expanded = -1