Physical State
[[ 1.45  0.6 ]
 [ 1.5   0.6 ]
 [ 1.55  0.6 ]
 [ 1.6   0.6 ]]
Locations
[[ 1.    1.  ]
 [ 1.    0.95]
 [ 1.    0.9 ]
 [ 1.    0.85]
 [ 1.    0.8 ]
 [ 1.    0.75]
 [ 1.    0.7 ]
 [ 1.    0.65]
 [ 1.    0.6 ]
 [ 1.05  0.6 ]
 [ 1.1   0.6 ]
 [ 1.15  0.6 ]
 [ 1.2   0.6 ]
 [ 1.25  0.6 ]
 [ 1.3   0.6 ]
 [ 1.35  0.6 ]
 [ 1.4   0.6 ]
 [ 1.45  0.6 ]
 [ 1.5   0.6 ]
 [ 1.55  0.6 ]
 [ 1.6   0.6 ]]
Measurements
[-0.52585736 -0.64094087 -0.80543762 -0.9507713  -1.02727241 -1.00949893
 -0.88811988 -0.70064763 -0.52791297 -0.57314672 -0.55632333 -0.49634683
 -0.38575197 -0.23207543 -0.04704994  0.14162705  0.33261345  0.51306959
  0.64512267  0.76672561  0.84237178]
Total accumulated reward = -5.59976569068
Nodes expanded = -1