Physical State
[[ 1.2   0.95]
 [ 1.2   0.9 ]
 [ 1.2   0.85]
 [ 1.2   0.8 ]]
Locations
[[ 1.    1.  ]
 [ 1.05  1.  ]
 [ 1.1   1.  ]
 [ 1.15  1.  ]
 [ 1.2   1.  ]
 [ 1.2   1.05]
 [ 1.2   1.1 ]
 [ 1.2   1.15]
 [ 1.2   1.2 ]
 [ 1.2   1.15]
 [ 1.2   1.1 ]
 [ 1.2   1.05]
 [ 1.2   1.  ]
 [ 1.2   0.95]
 [ 1.2   0.9 ]
 [ 1.2   0.85]
 [ 1.2   0.8 ]]
Measurements
[-0.13806479  0.13538869  0.36340943  0.50793252  0.53657345  0.37552138
  0.14885168 -0.08920664 -0.32190834 -0.08920664  0.14885168  0.37552138
  0.53657345  0.61830847  0.62069169  0.56556129  0.51661816]
Total accumulated reward = 4.94948166428
Nodes expanded = -1