Physical State
[[ 0.95  1.  ]
 [ 0.9   1.  ]
 [ 0.85  1.  ]
 [ 0.8   1.  ]]
Locations
[[ 1.    1.  ]
 [ 1.05  1.  ]
 [ 1.1   1.  ]
 [ 1.15  1.  ]
 [ 1.2   1.  ]
 [ 1.15  1.  ]
 [ 1.1   1.  ]
 [ 1.05  1.  ]
 [ 1.    1.  ]
 [ 0.95  1.  ]
 [ 0.9   1.  ]
 [ 0.85  1.  ]
 [ 0.8   1.  ]]
Measurements
[ 0.13392757  0.14110773  0.14119077  0.09093209 -0.00436149  0.09093209
  0.14119077  0.14110773  0.13392757  0.13256205  0.14403215  0.1731019
  0.19741744]
Total accumulated reward = 1.52314080364
Nodes expanded = -1