Physical State
[[ 0.95  1.2 ]
 [ 0.9   1.2 ]
 [ 0.85  1.2 ]
 [ 0.8   1.2 ]]
Locations
[[ 1.    1.  ]
 [ 1.    0.95]
 [ 1.    0.9 ]
 [ 1.    0.85]
 [ 1.    0.8 ]
 [ 1.    0.85]
 [ 1.    0.9 ]
 [ 1.    0.95]
 [ 1.    1.  ]
 [ 1.    1.05]
 [ 1.    1.1 ]
 [ 1.    1.15]
 [ 1.    1.2 ]
 [ 0.95  1.2 ]
 [ 0.9   1.2 ]
 [ 0.85  1.2 ]
 [ 0.8   1.2 ]]
Measurements
[-0.69234348 -1.03283308 -1.28718118 -1.43217451 -1.44687512 -1.43217451
 -1.28718118 -1.03283308 -0.69234348 -0.33168191 -0.01520321  0.19777339
  0.27016341  0.16562752  0.00982765 -0.15887076 -0.31489522]
Total accumulated reward = -9.82085527831
Nodes expanded = -1