Physical State
[[ 1.    0.95]
 [ 1.    0.9 ]
 [ 1.    0.85]
 [ 1.    0.8 ]]
Locations
[[ 1.    1.  ]
 [ 1.    1.05]
 [ 1.    1.1 ]
 [ 1.    1.15]
 [ 1.    1.2 ]
 [ 1.    1.15]
 [ 1.    1.1 ]
 [ 1.    1.05]
 [ 1.    1.  ]
 [ 1.    0.95]
 [ 1.    0.9 ]
 [ 1.    0.85]
 [ 1.    0.8 ]]
Measurements
[ 0.5656135   0.33646805  0.21674164  0.20529902  0.29405401  0.20529902
  0.21674164  0.33646805  0.5656135   0.86230251  1.17554985  1.44675119
  1.64829333]
Total accumulated reward = 7.5095817735
Nodes expanded = -1