Physical State
[[ 0.8   0.75]
 [ 0.8   0.7 ]
 [ 0.8   0.65]
 [ 0.8   0.6 ]]
Locations
[[ 1.    1.  ]
 [ 1.    0.95]
 [ 1.    0.9 ]
 [ 1.    0.85]
 [ 1.    0.8 ]
 [ 0.95  0.8 ]
 [ 0.9   0.8 ]
 [ 0.85  0.8 ]
 [ 0.8   0.8 ]
 [ 0.8   0.75]
 [ 0.8   0.7 ]
 [ 0.8   0.65]
 [ 0.8   0.6 ]]
Measurements
[-0.13806479  0.01763272  0.1384397   0.21915198  0.29321246  0.03418128
 -0.21270456 -0.40862603 -0.5442768  -0.38671623 -0.15593439  0.12888524
  0.47081917]
Total accumulated reward = -0.405935467213
Nodes expanded = 4