Physical State
[[ 0.95  1.  ]
 [ 0.9   1.  ]
 [ 0.85  1.  ]
 [ 0.8   1.  ]]
Locations
[[ 1.    1.  ]
 [ 0.95  1.  ]
 [ 0.9   1.  ]
 [ 0.85  1.  ]
 [ 0.8   1.  ]
 [ 0.85  1.  ]
 [ 0.9   1.  ]
 [ 0.95  1.  ]
 [ 1.    1.  ]
 [ 0.95  1.  ]
 [ 0.9   1.  ]
 [ 0.85  1.  ]
 [ 0.8   1.  ]
 [ 0.85  1.  ]
 [ 0.9   1.  ]
 [ 0.95  1.  ]
 [ 1.    1.  ]
 [ 0.95  1.  ]
 [ 0.9   1.  ]
 [ 0.85  1.  ]
 [ 0.8   1.  ]]
Measurements
[-0.00123181  0.2896717   0.56187706  0.8055583   0.99913956  0.8055583
  0.56187706  0.2896717  -0.00123181  0.2896717   0.56187706  0.8055583
  0.99913956  0.8055583   0.56187706  0.2896717  -0.00123181  0.2896717
  0.56187706  0.8055583   0.99913956]
Total accumulated reward = 11.2804903755
Nodes expanded = -1.0