-0.25000000 -0.25000000 -0.78105791
-0.25000000 -0.20000000 -0.76018655
-0.25000000 -0.15000000 -0.65884400
-0.25000000 -0.10000000 -0.47936258
-0.25000000 -0.05000000 -0.27638488
-0.25000000  0.00000000 -0.07798309
-0.25000000  0.05000000  0.06261611
-0.25000000  0.10000000  0.10678363
-0.25000000  0.15000000  0.03758305
-0.25000000  0.20000000 -0.11435473
-0.25000000  0.25000000 -0.29916101
-0.25000000  0.30000000 -0.47079328
-0.25000000  0.35000000 -0.59275128
-0.25000000  0.40000000 -0.64092911
-0.25000000  0.45000000 -0.65902959
-0.25000000  0.50000000 -0.61781419
-0.25000000  0.55000000 -0.56019284
-0.25000000  0.60000000 -0.45067053
-0.25000000  0.65000000 -0.27675301
-0.25000000  0.70000000 -0.02326335
-0.25000000  0.75000000  0.30108841
-0.25000000  0.80000000  0.66595087
-0.25000000  0.85000000  1.01923262
-0.25000000  0.90000000  1.30980724
-0.25000000  0.95000000  1.49355432
-0.25000000  1.00000000  1.54980299
-0.25000000  1.05000000  1.48858217
-0.25000000  1.10000000  1.33935605
-0.25000000  1.15000000  1.11945250
-0.25000000  1.20000000  0.84353059
-0.25000000  1.25000000  0.53451809
-0.25000000  1.30000000  0.19856412
-0.25000000  1.35000000 -0.13840706
-0.25000000  1.40000000 -0.46118940
-0.25000000  1.45000000 -0.74895121
-0.25000000  1.50000000 -0.99022051
-0.25000000  1.55000000 -1.17524648
-0.25000000  1.60000000 -1.29561944
-0.25000000  1.65000000 -1.34345434
-0.25000000  1.70000000 -1.32037573
-0.25000000  1.75000000 -1.23971284
-0.25000000  1.80000000 -1.08234825
-0.25000000  1.85000000 -0.87743317
-0.25000000  1.90000000 -0.64843065
-0.25000000  1.95000000 -0.44231788
-0.25000000  2.00000000 -0.28046588
-0.25000000  2.05000000 -0.18617258
-0.25000000  2.10000000 -0.14138287
-0.25000000  2.15000000 -0.12103164
-0.25000000  2.20000000 -0.09641183
-0.20000000 -0.25000000 -0.83529701
-0.20000000 -0.20000000 -0.81271089
-0.20000000 -0.15000000 -0.68602898
-0.20000000 -0.10000000 -0.47862549
-0.20000000 -0.05000000 -0.23007134
-0.20000000  0.00000000  0.00577922
-0.20000000  0.05000000  0.17994650
-0.20000000  0.10000000  0.25208304
-0.20000000  0.15000000  0.19732057
-0.20000000  0.20000000  0.06730381
-0.20000000  0.25000000 -0.10285853
-0.20000000  0.30000000 -0.26398032
-0.20000000  0.35000000 -0.36807313
-0.20000000  0.40000000 -0.40438201
-0.20000000  0.45000000 -0.40137879
-0.20000000  0.50000000 -0.37492604
-0.20000000  0.55000000 -0.30799062
-0.20000000  0.60000000 -0.22483969
-0.20000000  0.65000000 -0.06932251
-0.20000000  0.70000000  0.18589554
-0.20000000  0.75000000  0.50135477
-0.20000000  0.80000000  0.87386723
-0.20000000  0.85000000  1.23854066
-0.20000000  0.90000000  1.54506544
-0.20000000  0.95000000  1.71841816
-0.20000000  1.00000000  1.76605613
-0.20000000  1.05000000  1.67456745
-0.20000000  1.10000000  1.46370045
-0.20000000  1.15000000  1.16384481
-0.20000000  1.20000000  0.82165870
-0.20000000  1.25000000  0.45742384
-0.20000000  1.30000000  0.08362555
-0.20000000  1.35000000 -0.27230329
-0.20000000  1.40000000 -0.58593752
-0.20000000  1.45000000 -0.85353634
-0.20000000  1.50000000 -1.06014962
-0.20000000  1.55000000 -1.21167721
-0.20000000  1.60000000 -1.30483548
-0.20000000  1.65000000 -1.34778398
-0.20000000  1.70000000 -1.33799201
-0.20000000  1.75000000 -1.26956507
-0.20000000  1.80000000 -1.14245487
-0.20000000  1.85000000 -0.96589863
-0.20000000  1.90000000 -0.77634353
-0.20000000  1.95000000 -0.59804713
-0.20000000  2.00000000 -0.46400169
-0.20000000  2.05000000 -0.38286703
-0.20000000  2.10000000 -0.35122664
-0.20000000  2.15000000 -0.33814170
-0.20000000  2.20000000 -0.30533895
-0.15000000 -0.25000000 -0.86689013
-0.15000000 -0.20000000 -0.84853222
-0.15000000 -0.15000000 -0.72470004
-0.15000000 -0.10000000 -0.50221978
-0.15000000 -0.05000000 -0.23545633
-0.15000000  0.00000000  0.01373546
-0.15000000  0.05000000  0.21499537
-0.15000000  0.10000000  0.30422188
-0.15000000  0.15000000  0.29493443
-0.15000000  0.20000000  0.19328231
-0.15000000  0.25000000  0.04908579
-0.15000000  0.30000000 -0.07095888
-0.15000000  0.35000000 -0.14634244
-0.15000000  0.40000000 -0.17449945
-0.15000000  0.45000000 -0.15336207
-0.15000000  0.50000000 -0.11399135
-0.15000000  0.55000000 -0.05107491
-0.15000000  0.60000000  0.03796652
-0.15000000  0.65000000  0.18620219
-0.15000000  0.70000000  0.42721752
-0.15000000  0.75000000  0.75271758
-0.15000000  0.80000000  1.11645994
-0.15000000  0.85000000  1.47930128
-0.15000000  0.90000000  1.77479601
-0.15000000  0.95000000  1.93409147
-0.15000000  1.00000000  1.94830955
-0.15000000  1.05000000  1.80272796
-0.15000000  1.10000000  1.53320626
-0.15000000  1.15000000  1.18413575
-0.15000000  1.20000000  0.78004871
-0.15000000  1.25000000  0.37522248
-0.15000000  1.30000000 -0.00760428
-0.15000000  1.35000000 -0.36326454
-0.15000000  1.40000000 -0.65079110
-0.15000000  1.45000000 -0.86858757
-0.15000000  1.50000000 -1.04147783
-0.15000000  1.55000000 -1.14709568
-0.15000000  1.60000000 -1.23339718
-0.15000000  1.65000000 -1.28009627
-0.15000000  1.70000000 -1.28978910
-0.15000000  1.75000000 -1.26836699
-0.15000000  1.80000000 -1.19771907
-0.15000000  1.85000000 -1.08432091
-0.15000000  1.90000000 -0.93808435
-0.15000000  1.95000000 -0.79963093
-0.15000000  2.00000000 -0.68303937
-0.15000000  2.05000000 -0.60743391
-0.15000000  2.10000000 -0.57108521
-0.15000000  2.15000000 -0.53745017
-0.15000000  2.20000000 -0.47891557
-0.10000000 -0.25000000 -0.88013916
-0.10000000 -0.20000000 -0.87740197
-0.10000000 -0.15000000 -0.75638289
-0.10000000 -0.10000000 -0.53253527
-0.10000000 -0.05000000 -0.26654799
-0.10000000  0.00000000 -0.00356452
-0.10000000  0.05000000  0.20228145
-0.10000000  0.10000000  0.32196464
-0.10000000  0.15000000  0.34051462
-0.10000000  0.20000000  0.28074572
-0.10000000  0.25000000  0.19355474
-0.10000000  0.30000000  0.11509671
-0.10000000  0.35000000  0.07690703
-0.10000000  0.40000000  0.07398431
-0.10000000  0.45000000  0.10567106
-0.10000000  0.50000000  0.15275631
-0.10000000  0.55000000  0.21636706
-0.10000000  0.60000000  0.30446051
-0.10000000  0.65000000  0.46408628
-0.10000000  0.70000000  0.68966371
-0.10000000  0.75000000  0.99791012
-0.10000000  0.80000000  1.35853912
-0.10000000  0.85000000  1.71307444
-0.10000000  0.90000000  1.97639594
-0.10000000  0.95000000  2.11578148
-0.10000000  1.00000000  2.07999074
-0.10000000  1.05000000  1.90247203
-0.10000000  1.10000000  1.57480245
-0.10000000  1.15000000  1.18286628
-0.10000000  1.20000000  0.75122641
-0.10000000  1.25000000  0.32590989
-0.10000000  1.30000000 -0.05808243
-0.10000000  1.35000000 -0.36847431
-0.10000000  1.40000000 -0.61094795
-0.10000000  1.45000000 -0.78363974
-0.10000000  1.50000000 -0.90096617
-0.10000000  1.55000000 -0.98806698
-0.10000000  1.60000000 -1.06102756
-0.10000000  1.65000000 -1.12982870
-0.10000000  1.70000000 -1.19414875
-0.10000000  1.75000000 -1.23547310
-0.10000000  1.80000000 -1.23346608
-0.10000000  1.85000000 -1.18323828
-0.10000000  1.90000000 -1.08850665
-0.10000000  1.95000000 -0.98266926
-0.10000000  2.00000000 -0.88938599
-0.10000000  2.05000000 -0.80399408
-0.10000000  2.10000000 -0.74016720
-0.10000000  2.15000000 -0.66932884
-0.10000000  2.20000000 -0.57839430
-0.05000000 -0.25000000 -0.87093962
-0.05000000 -0.20000000 -0.87187218
-0.05000000 -0.15000000 -0.76031091
-0.05000000 -0.10000000 -0.54681340
-0.05000000 -0.05000000 -0.28574324
-0.05000000  0.00000000 -0.02490653
-0.05000000  0.05000000  0.19241419
-0.05000000  0.10000000  0.33598510
-0.05000000  0.15000000  0.39976717
-0.05000000  0.20000000  0.39005644
-0.05000000  0.25000000  0.35671989
-0.05000000  0.30000000  0.31766926
-0.05000000  0.35000000  0.31284387
-0.05000000  0.40000000  0.33334103
-0.05000000  0.45000000  0.36232387
-0.05000000  0.50000000  0.40758431
-0.05000000  0.55000000  0.45683305
-0.05000000  0.60000000  0.54452741
-0.05000000  0.65000000  0.69192119
-0.05000000  0.70000000  0.92110999
-0.05000000  0.75000000  1.22212553
-0.05000000  0.80000000  1.57179416
-0.05000000  0.85000000  1.89886985
-0.05000000  0.90000000  2.14747820
-0.05000000  0.95000000  2.25382625
-0.05000000  1.00000000  2.18722342
-0.05000000  1.05000000  1.95885976
-0.05000000  1.10000000  1.61348355
-0.05000000  1.15000000  1.18770355
-0.05000000  1.20000000  0.74507115
-0.05000000  1.25000000  0.32894838
-0.05000000  1.30000000 -0.01797852
-0.05000000  1.35000000 -0.29752846
-0.05000000  1.40000000 -0.48223162
-0.05000000  1.45000000 -0.59420826
-0.05000000  1.50000000 -0.66681206
-0.05000000  1.55000000 -0.73008502
-0.05000000  1.60000000 -0.80722924
-0.05000000  1.65000000 -0.91272042
-0.05000000  1.70000000 -1.02877571
-0.05000000  1.75000000 -1.13151996
-0.05000000  1.80000000 -1.19780348
-0.05000000  1.85000000 -1.20441700
-0.05000000  1.90000000 -1.16918860
-0.05000000  1.95000000 -1.09824139
-0.05000000  2.00000000 -1.00928989
-0.05000000  2.05000000 -0.92377661
-0.05000000  2.10000000 -0.82207340
-0.05000000  2.15000000 -0.72215137
-0.05000000  2.20000000 -0.58913200
 0.00000000 -0.25000000 -0.83316625
 0.00000000 -0.20000000 -0.83735588
 0.00000000 -0.15000000 -0.72353247
 0.00000000 -0.10000000 -0.51512984
 0.00000000 -0.05000000 -0.26337897
 0.00000000  0.00000000 -0.00562547
 0.00000000  0.05000000  0.21359234
 0.00000000  0.10000000  0.38738898
 0.00000000  0.15000000  0.49213751
 0.00000000  0.20000000  0.54386517
 0.00000000  0.25000000  0.56512065
 0.00000000  0.30000000  0.56829554
 0.00000000  0.35000000  0.57808547
 0.00000000  0.40000000  0.59097029
 0.00000000  0.45000000  0.61519071
 0.00000000  0.50000000  0.63202216
 0.00000000  0.55000000  0.66417665
 0.00000000  0.60000000  0.73761107
 0.00000000  0.65000000  0.87847401
 0.00000000  0.70000000  1.10005997
 0.00000000  0.75000000  1.39469174
 0.00000000  0.80000000  1.72284615
 0.00000000  0.85000000  2.04255930
 0.00000000  0.90000000  2.26302619
 0.00000000  0.95000000  2.34465059
 0.00000000  1.00000000  2.25414319
 0.00000000  1.05000000  2.00854020
 0.00000000  1.10000000  1.64586132
 0.00000000  1.15000000  1.21553723
 0.00000000  1.20000000  0.78768442
 0.00000000  1.25000000  0.39204996
 0.00000000  1.30000000  0.09017441
 0.00000000  1.35000000 -0.13252940
 0.00000000  1.40000000 -0.25685745
 0.00000000  1.45000000 -0.32500971
 0.00000000  1.50000000 -0.35748211
 0.00000000  1.55000000 -0.40154478
 0.00000000  1.60000000 -0.49638159
 0.00000000  1.65000000 -0.64114236
 0.00000000  1.70000000 -0.79784024
 0.00000000  1.75000000 -0.95890034
 0.00000000  1.80000000 -1.07996222
 0.00000000  1.85000000 -1.13467174
 0.00000000  1.90000000 -1.12240945
 0.00000000  1.95000000 -1.07724814
 0.00000000  2.00000000 -0.99563122
 0.00000000  2.05000000 -0.89813864
 0.00000000  2.10000000 -0.80033149
 0.00000000  2.15000000 -0.66565169
 0.00000000  2.20000000 -0.51794780
 0.05000000 -0.25000000 -0.77107606
 0.05000000 -0.20000000 -0.75653630
 0.05000000 -0.15000000 -0.63952798
 0.05000000 -0.10000000 -0.43819259
 0.05000000 -0.05000000 -0.18914979
 0.05000000  0.00000000  0.06818848
 0.05000000  0.05000000  0.30596450
 0.05000000  0.10000000  0.50523710
 0.05000000  0.15000000  0.65100027
 0.05000000  0.20000000  0.75619125
 0.05000000  0.25000000  0.81682731
 0.05000000  0.30000000  0.85181744
 0.05000000  0.35000000  0.86292045
 0.05000000  0.40000000  0.85933398
 0.05000000  0.45000000  0.84919335
 0.05000000  0.50000000  0.83678663
 0.05000000  0.55000000  0.83768980
 0.05000000  0.60000000  0.88210120
 0.05000000  0.65000000  0.99711077
 0.05000000  0.70000000  1.19572335
 0.05000000  0.75000000  1.47374570
 0.05000000  0.80000000  1.78577504
 0.05000000  0.85000000  2.09337704
 0.05000000  0.90000000  2.30786442
 0.05000000  0.95000000  2.37798346
 0.05000000  1.00000000  2.28288874
 0.05000000  1.05000000  2.03972924
 0.05000000  1.10000000  1.67283376
 0.05000000  1.15000000  1.25913548
 0.05000000  1.20000000  0.86041092
 0.05000000  1.25000000  0.51052194
 0.05000000  1.30000000  0.25095389
 0.05000000  1.35000000  0.09529608
 0.05000000  1.40000000  0.02636019
 0.05000000  1.45000000  0.00719556
 0.05000000  1.50000000 -0.00256424
 0.05000000  1.55000000 -0.04603183
 0.05000000  1.60000000 -0.14332246
 0.05000000  1.65000000 -0.31060683
 0.05000000  1.70000000 -0.50670642
 0.05000000  1.75000000 -0.69842071
 0.05000000  1.80000000 -0.84836680
 0.05000000  1.85000000 -0.92675589
 0.05000000  1.90000000 -0.94634653
 0.05000000  1.95000000 -0.90298438
 0.05000000  2.00000000 -0.83529879
 0.05000000  2.05000000 -0.73252482
 0.05000000  2.10000000 -0.63653316
 0.05000000  2.15000000 -0.51402071
 0.05000000  2.20000000 -0.36596090
 0.10000000 -0.25000000 -0.68199483
 0.10000000 -0.20000000 -0.64815151
 0.10000000 -0.15000000 -0.51583475
 0.10000000 -0.10000000 -0.30904107
 0.10000000 -0.05000000 -0.06105937
 0.10000000  0.00000000  0.19172348
 0.10000000  0.05000000  0.43931777
 0.10000000  0.10000000  0.66028768
 0.10000000  0.15000000  0.84848088
 0.10000000  0.20000000  0.99090787
 0.10000000  0.25000000  1.08304875
 0.10000000  0.30000000  1.13979474
 0.10000000  0.35000000  1.14090246
 0.10000000  0.40000000  1.10638047
 0.10000000  0.45000000  1.04902261
 0.10000000  0.50000000  0.98541553
 0.10000000  0.55000000  0.93847899
 0.10000000  0.60000000  0.93853769
 0.10000000  0.65000000  1.02386241
 0.10000000  0.70000000  1.19386557
 0.10000000  0.75000000  1.44961035
 0.10000000  0.80000000  1.75617206
 0.10000000  0.85000000  2.03524030
 0.10000000  0.90000000  2.24837013
 0.10000000  0.95000000  2.32843601
 0.10000000  1.00000000  2.24520157
 0.10000000  1.05000000  2.01755155
 0.10000000  1.10000000  1.68205744
 0.10000000  1.15000000  1.30167813
 0.10000000  1.20000000  0.94801106
 0.10000000  1.25000000  0.64674071
 0.10000000  1.30000000  0.45118816
 0.10000000  1.35000000  0.34948604
 0.10000000  1.40000000  0.33004300
 0.10000000  1.45000000  0.35038876
 0.10000000  1.50000000  0.35923908
 0.10000000  1.55000000  0.32433299
 0.10000000  1.60000000  0.20828043
 0.10000000  1.65000000  0.04286276
 0.10000000  1.70000000 -0.17250960
 0.10000000  1.75000000 -0.37883677
 0.10000000  1.80000000 -0.52303714
 0.10000000  1.85000000 -0.60979261
 0.10000000  1.90000000 -0.62149555
 0.10000000  1.95000000 -0.60079451
 0.10000000  2.00000000 -0.53664565
 0.10000000  2.05000000 -0.47463407
 0.10000000  2.10000000 -0.39553422
 0.10000000  2.15000000 -0.31042415
 0.10000000  2.20000000 -0.18646823
 0.15000000 -0.25000000 -0.61219554
 0.15000000 -0.20000000 -0.53801267
 0.15000000 -0.15000000 -0.38550684
 0.15000000 -0.10000000 -0.18094658
 0.15000000 -0.05000000  0.06581906
 0.15000000  0.00000000  0.32215361
 0.15000000  0.05000000  0.58858542
 0.15000000  0.10000000  0.81483702
 0.15000000  0.15000000  1.03776105
 0.15000000  0.20000000  1.20547333
 0.15000000  0.25000000  1.32641752
 0.15000000  0.30000000  1.38514545
 0.15000000  0.35000000  1.36934758
 0.15000000  0.40000000  1.29673971
 0.15000000  0.45000000  1.18296272
 0.15000000  0.50000000  1.05721652
 0.15000000  0.55000000  0.95278933
 0.15000000  0.60000000  0.90161371
 0.15000000  0.65000000  0.94314136
 0.15000000  0.70000000  1.07485426
 0.15000000  0.75000000  1.31212028
 0.15000000  0.80000000  1.58362913
 0.15000000  0.85000000  1.86961246
 0.15000000  0.90000000  2.07733528
 0.15000000  0.95000000  2.17819305
 0.15000000  1.00000000  2.12324771
 0.15000000  1.05000000  1.93457458
 0.15000000  1.10000000  1.64871242
 0.15000000  1.15000000  1.31470999
 0.15000000  1.20000000  1.01862186
 0.15000000  1.25000000  0.77656985
 0.15000000  1.30000000  0.63165135
 0.15000000  1.35000000  0.58439577
 0.15000000  1.40000000  0.59981962
 0.15000000  1.45000000  0.65052743
 0.15000000  1.50000000  0.68349993
 0.15000000  1.55000000  0.64257833
 0.15000000  1.60000000  0.53599483
 0.15000000  1.65000000  0.36681100
 0.15000000  1.70000000  0.16699744
 0.15000000  1.75000000 -0.01482494
 0.15000000  1.80000000 -0.15438551
 0.15000000  1.85000000 -0.22832576
 0.15000000  1.90000000 -0.23974529
 0.15000000  1.95000000 -0.21584673
 0.15000000  2.00000000 -0.18063139
 0.15000000  2.05000000 -0.15269061
 0.15000000  2.10000000 -0.12120059
 0.15000000  2.15000000 -0.08158784
 0.15000000  2.20000000 -0.01968087
 0.20000000 -0.25000000 -0.56528649
 0.20000000 -0.20000000 -0.47621361
 0.20000000 -0.15000000 -0.29328087
 0.20000000 -0.10000000 -0.07894032
 0.20000000 -0.05000000  0.17069562
 0.20000000  0.00000000  0.41950778
 0.20000000  0.05000000  0.68499601
 0.20000000  0.10000000  0.94104721
 0.20000000  0.15000000  1.17155352
 0.20000000  0.20000000  1.36208330
 0.20000000  0.25000000  1.49254625
 0.20000000  0.30000000  1.54759595
 0.20000000  0.35000000  1.51723097
 0.20000000  0.40000000  1.39856873
 0.20000000  0.45000000  1.23560139
 0.20000000  0.50000000  1.04327491
 0.20000000  0.55000000  0.88472520
 0.20000000  0.60000000  0.77703104
 0.20000000  0.65000000  0.76350281
 0.20000000  0.70000000  0.86000294
 0.20000000  0.75000000  1.04809731
 0.20000000  0.80000000  1.30047773
 0.20000000  0.85000000  1.56688180
 0.20000000  0.90000000  1.78636961
 0.20000000  0.95000000  1.90979216
 0.20000000  1.00000000  1.91486823
 0.20000000  1.05000000  1.77334082
 0.20000000  1.10000000  1.54863317
 0.20000000  1.15000000  1.28918230
 0.20000000  1.20000000  1.04256470
 0.20000000  1.25000000  0.86169240
 0.20000000  1.30000000  0.76424736
 0.20000000  1.35000000  0.76285213
 0.20000000  1.40000000  0.81016558
 0.20000000  1.45000000  0.88488852
 0.20000000  1.50000000  0.92539815
 0.20000000  1.55000000  0.89686345
 0.20000000  1.60000000  0.79861041
 0.20000000  1.65000000  0.64670831
 0.20000000  1.70000000  0.48127338
 0.20000000  1.75000000  0.32524289
 0.20000000  1.80000000  0.21794182
 0.20000000  1.85000000  0.16878191
 0.20000000  1.90000000  0.16150309
 0.20000000  1.95000000  0.16858263
 0.20000000  2.00000000  0.17667911
 0.20000000  2.05000000  0.15838990
 0.20000000  2.10000000  0.11888124
 0.20000000  2.15000000  0.08239656
 0.20000000  2.20000000  0.07775774
 0.25000000 -0.25000000 -0.60626546
 0.25000000 -0.20000000 -0.46761122
 0.25000000 -0.15000000 -0.27777447
 0.25000000 -0.10000000 -0.05632756
 0.25000000 -0.05000000  0.19472665
 0.25000000  0.00000000  0.44992346
 0.25000000  0.05000000  0.71872949
 0.25000000  0.10000000  0.98279730
 0.25000000  0.15000000  1.22837846
 0.25000000  0.20000000  1.43370435
 0.25000000  0.25000000  1.56995194
 0.25000000  0.30000000  1.61699243
 0.25000000  0.35000000  1.56116881
 0.25000000  0.40000000  1.42221492
 0.25000000  0.45000000  1.21356491
 0.25000000  0.50000000  0.96610129
 0.25000000  0.55000000  0.74081542
 0.25000000  0.60000000  0.58763849
 0.25000000  0.65000000  0.51324325
 0.25000000  0.70000000  0.55631693
 0.25000000  0.75000000  0.69544458
 0.25000000  0.80000000  0.91116528
 0.25000000  0.85000000  1.17001362
 0.25000000  0.90000000  1.40174018
 0.25000000  0.95000000  1.54725594
 0.25000000  1.00000000  1.59487752
 0.25000000  1.05000000  1.52679789
 0.25000000  1.10000000  1.37178988
 0.25000000  1.15000000  1.18585837
 0.25000000  1.20000000  1.01018110
 0.25000000  1.25000000  0.87872606
 0.25000000  1.30000000  0.83505359
 0.25000000  1.35000000  0.85847307
 0.25000000  1.40000000  0.93204482
 0.25000000  1.45000000  1.01247541
 0.25000000  1.50000000  1.06039470
 0.25000000  1.55000000  1.05945278
 0.25000000  1.60000000  0.98156699
 0.25000000  1.65000000  0.85715990
 0.25000000  1.70000000  0.72877096
 0.25000000  1.75000000  0.61528809
 0.25000000  1.80000000  0.53990445
 0.25000000  1.85000000  0.50843534
 0.25000000  1.90000000  0.49852317
 0.25000000  1.95000000  0.49589561
 0.25000000  2.00000000  0.45190249
 0.25000000  2.05000000  0.38098990
 0.25000000  2.10000000  0.27751082
 0.25000000  2.15000000  0.16853251
 0.25000000  2.20000000  0.08623572
 0.30000000 -0.25000000 -0.72531154
 0.30000000 -0.20000000 -0.55892050
 0.30000000 -0.15000000 -0.35247179
 0.30000000 -0.10000000 -0.12468821
 0.30000000 -0.05000000  0.12888174
 0.30000000  0.00000000  0.39696430
 0.30000000  0.05000000  0.66694529
 0.30000000  0.10000000  0.93951087
 0.30000000  0.15000000  1.19419742
 0.30000000  0.20000000  1.41449922
 0.30000000  0.25000000  1.55453972
 0.30000000  0.30000000  1.60172158
 0.30000000  0.35000000  1.54671514
 0.30000000  0.40000000  1.37506945
 0.30000000  0.45000000  1.12900954
 0.30000000  0.50000000  0.84812042
 0.30000000  0.55000000  0.57633059
 0.30000000  0.60000000  0.36312941
 0.30000000  0.65000000  0.24290622
 0.30000000  0.70000000  0.22441316
 0.30000000  0.75000000  0.32085251
 0.30000000  0.80000000  0.49896391
 0.30000000  0.85000000  0.72738514
 0.30000000  0.90000000  0.94844718
 0.30000000  0.95000000  1.12938792
 0.30000000  1.00000000  1.21803282
 0.30000000  1.05000000  1.22879623
 0.30000000  1.10000000  1.14275319
 0.30000000  1.15000000  1.02458778
 0.30000000  1.20000000  0.91019082
 0.30000000  1.25000000  0.83521540
 0.30000000  1.30000000  0.82293372
 0.30000000  1.35000000  0.86062463
 0.30000000  1.40000000  0.94682789
 0.30000000  1.45000000  1.03816143
 0.30000000  1.50000000  1.09788165
 0.30000000  1.55000000  1.10207519
 0.30000000  1.60000000  1.05185129
 0.30000000  1.65000000  0.97446335
 0.30000000  1.70000000  0.87873029
 0.30000000  1.75000000  0.79183668
 0.30000000  1.80000000  0.75056993
 0.30000000  1.85000000  0.73278315
 0.30000000  1.90000000  0.72404398
 0.30000000  1.95000000  0.69862949
 0.30000000  2.00000000  0.62401141
 0.30000000  2.05000000  0.50294700
 0.30000000  2.10000000  0.33107903
 0.30000000  2.15000000  0.15380942
 0.30000000  2.20000000 -0.00250105
 0.35000000 -0.25000000 -0.92227071
 0.35000000 -0.20000000 -0.74570523
 0.35000000 -0.15000000 -0.52866628
 0.35000000 -0.10000000 -0.28849053
 0.35000000 -0.05000000 -0.03257981
 0.35000000  0.00000000  0.25487344
 0.35000000  0.05000000  0.53140990
 0.35000000  0.10000000  0.82761698
 0.35000000  0.15000000  1.11078748
 0.35000000  0.20000000  1.34143644
 0.35000000  0.25000000  1.50106683
 0.35000000  0.30000000  1.56028694
 0.35000000  0.35000000  1.50201034
 0.35000000  0.40000000  1.31140308
 0.35000000  0.45000000  1.05028661
 0.35000000  0.50000000  0.73851970
 0.35000000  0.55000000  0.43969121
 0.35000000  0.60000000  0.18392384
 0.35000000  0.65000000  0.01840370
 0.35000000  0.70000000 -0.06129809
 0.35000000  0.75000000 -0.02253461
 0.35000000  0.80000000  0.10961092
 0.35000000  0.85000000  0.29894373
 0.35000000  0.90000000  0.51851928
 0.35000000  0.95000000  0.70770338
 0.35000000  1.00000000  0.83151493
 0.35000000  1.05000000  0.90171499
 0.35000000  1.10000000  0.89636155
 0.35000000  1.15000000  0.82992484
 0.35000000  1.20000000  0.76998594
 0.35000000  1.25000000  0.73769778
 0.35000000  1.30000000  0.74340091
 0.35000000  1.35000000  0.79408137
 0.35000000  1.40000000  0.86685570
 0.35000000  1.45000000  0.94642401
 0.35000000  1.50000000  1.01148742
 0.35000000  1.55000000  1.03747761
 0.35000000  1.60000000  1.01947469
 0.35000000  1.65000000  0.97393283
 0.35000000  1.70000000  0.90736798
 0.35000000  1.75000000  0.86905218
 0.35000000  1.80000000  0.84345877
 0.35000000  1.85000000  0.83988219
 0.35000000  1.90000000  0.82550592
 0.35000000  1.95000000  0.78210616
 0.35000000  2.00000000  0.68431487
 0.35000000  2.05000000  0.51189461
 0.35000000  2.10000000  0.28962255
 0.35000000  2.15000000  0.05316272
 0.35000000  2.20000000 -0.15369672
 0.40000000 -0.25000000 -1.17187844
 0.40000000 -0.20000000 -0.97881890
 0.40000000 -0.15000000 -0.75804842
 0.40000000 -0.10000000 -0.51099191
 0.40000000 -0.05000000 -0.24000009
 0.40000000  0.00000000  0.05136076
 0.40000000  0.05000000  0.35708076
 0.40000000  0.10000000  0.68526200
 0.40000000  0.15000000  0.99597366
 0.40000000  0.20000000  1.25945956
 0.40000000  0.25000000  1.44594612
 0.40000000  0.30000000  1.52637241
 0.40000000  0.35000000  1.47130695
 0.40000000  0.40000000  1.29848897
 0.40000000  0.45000000  1.03649259
 0.40000000  0.50000000  0.71753949
 0.40000000  0.55000000  0.38877504
 0.40000000  0.60000000  0.10946737
 0.40000000  0.65000000 -0.11216612
 0.40000000  0.70000000 -0.24297323
 0.40000000  0.75000000 -0.26305449
 0.40000000  0.80000000 -0.19102448
 0.40000000  0.85000000 -0.04546905
 0.40000000  0.90000000  0.13954579
 0.40000000  0.95000000  0.34052251
 0.40000000  1.00000000  0.50238044
 0.40000000  1.05000000  0.60058519
 0.40000000  1.10000000  0.64325694
 0.40000000  1.15000000  0.64171028
 0.40000000  1.20000000  0.61932191
 0.40000000  1.25000000  0.61206755
 0.40000000  1.30000000  0.61998317
 0.40000000  1.35000000  0.66247039
 0.40000000  1.40000000  0.72203778
 0.40000000  1.45000000  0.79439102
 0.40000000  1.50000000  0.85254625
 0.40000000  1.55000000  0.88209705
 0.40000000  1.60000000  0.88362646
 0.40000000  1.65000000  0.86230370
 0.40000000  1.70000000  0.83401402
 0.40000000  1.75000000  0.81533155
 0.40000000  1.80000000  0.81709758
 0.40000000  1.85000000  0.82611884
 0.40000000  1.90000000  0.81994072
 0.40000000  1.95000000  0.76926033
 0.40000000  2.00000000  0.64495052
 0.40000000  2.05000000  0.45227699
 0.40000000  2.10000000  0.19391257
 0.40000000  2.15000000 -0.08303357
 0.40000000  2.20000000 -0.32653872
 0.45000000 -0.25000000 -1.41385747
 0.45000000 -0.20000000 -1.22658267
 0.45000000 -0.15000000 -1.01195745
 0.45000000 -0.10000000 -0.76214243
 0.45000000 -0.05000000 -0.48301359
 0.45000000  0.00000000 -0.16903393
 0.45000000  0.05000000  0.17315095
 0.45000000  0.10000000  0.52205676
 0.45000000  0.15000000  0.87740623
 0.45000000  0.20000000  1.18050744
 0.45000000  0.25000000  1.41099678
 0.45000000  0.30000000  1.52570039
 0.45000000  0.35000000  1.49986110
 0.45000000  0.40000000  1.35713469
 0.45000000  0.45000000  1.10979943
 0.45000000  0.50000000  0.80004955
 0.45000000  0.55000000  0.47171726
 0.45000000  0.60000000  0.16553248
 0.45000000  0.65000000 -0.08788056
 0.45000000  0.70000000 -0.26610363
 0.45000000  0.75000000 -0.35233017
 0.45000000  0.80000000 -0.34100168
 0.45000000  0.85000000 -0.24630992
 0.45000000  0.90000000 -0.10431337
 0.45000000  0.95000000  0.06717073
 0.45000000  1.00000000  0.23226290
 0.45000000  1.05000000  0.35996178
 0.45000000  1.10000000  0.43819794
 0.45000000  1.15000000  0.48541180
 0.45000000  1.20000000  0.48793490
 0.45000000  1.25000000  0.49182612
 0.45000000  1.30000000  0.49768871
 0.45000000  1.35000000  0.52177279
 0.45000000  1.40000000  0.55748790
 0.45000000  1.45000000  0.60581016
 0.45000000  1.50000000  0.64348761
 0.45000000  1.55000000  0.67475677
 0.45000000  1.60000000  0.67976025
 0.45000000  1.65000000  0.67489166
 0.45000000  1.70000000  0.67050635
 0.45000000  1.75000000  0.67016695
 0.45000000  1.80000000  0.69899431
 0.45000000  1.85000000  0.71699851
 0.45000000  1.90000000  0.72387322
 0.45000000  1.95000000  0.68279218
 0.45000000  2.00000000  0.56187621
 0.45000000  2.05000000  0.36046761
 0.45000000  2.10000000  0.09598338
 0.45000000  2.15000000 -0.20020649
 0.45000000  2.20000000 -0.46787250
 0.50000000 -0.25000000 -1.60996671
 0.50000000 -0.20000000 -1.43131363
 0.50000000 -0.15000000 -1.23292377
 0.50000000 -0.10000000 -0.99097204
 0.50000000 -0.05000000 -0.70970828
 0.50000000  0.00000000 -0.38302564
 0.50000000  0.05000000 -0.01700064
 0.50000000  0.10000000  0.36900944
 0.50000000  0.15000000  0.76368838
 0.50000000  0.20000000  1.11069305
 0.50000000  0.25000000  1.38960770
 0.50000000  0.30000000  1.55506502
 0.50000000  0.35000000  1.58556021
 0.50000000  0.40000000  1.48860269
 0.50000000  0.45000000  1.28402433
 0.50000000  0.50000000  1.01437513
 0.50000000  0.55000000  0.69414855
 0.50000000  0.60000000  0.37943808
 0.50000000  0.65000000  0.09719189
 0.50000000  0.70000000 -0.12545378
 0.50000000  0.75000000 -0.27594237
 0.50000000  0.80000000 -0.33212725
 0.50000000  0.85000000 -0.30563301
 0.50000000  0.90000000 -0.21075343
 0.50000000  0.95000000 -0.07437169
 0.50000000  1.00000000  0.07635211
 0.50000000  1.05000000  0.20376043
 0.50000000  1.10000000  0.30613617
 0.50000000  1.15000000  0.37029976
 0.50000000  1.20000000  0.40486472
 0.50000000  1.25000000  0.41886696
 0.50000000  1.30000000  0.41816697
 0.50000000  1.35000000  0.41712774
 0.50000000  1.40000000  0.42574081
 0.50000000  1.45000000  0.44812682
 0.50000000  1.50000000  0.45421029
 0.50000000  1.55000000  0.46200473
 0.50000000  1.60000000  0.45780805
 0.50000000  1.65000000  0.46130210
 0.50000000  1.70000000  0.46173988
 0.50000000  1.75000000  0.48090267
 0.50000000  1.80000000  0.52377133
 0.50000000  1.85000000  0.57760473
 0.50000000  1.90000000  0.60710115
 0.50000000  1.95000000  0.58952457
 0.50000000  2.00000000  0.48460103
 0.50000000  2.05000000  0.29265012
 0.50000000  2.10000000  0.03242779
 0.50000000  2.15000000 -0.26140408
 0.50000000  2.20000000 -0.53699858
 0.55000000 -0.25000000 -1.72354682
 0.55000000 -0.20000000 -1.58043834
 0.55000000 -0.15000000 -1.39386796
 0.55000000 -0.10000000 -1.16824507
 0.55000000 -0.05000000 -0.89319642
 0.55000000  0.00000000 -0.56365030
 0.55000000  0.05000000 -0.19799806
 0.55000000  0.10000000  0.21803711
 0.55000000  0.15000000  0.63909742
 0.55000000  0.20000000  1.03178728
 0.55000000  0.25000000  1.35731224
 0.55000000  0.30000000  1.58528298
 0.55000000  0.35000000  1.69303947
 0.55000000  0.40000000  1.65985144
 0.55000000  0.45000000  1.52709857
 0.55000000  0.50000000  1.29712006
 0.55000000  0.55000000  1.01473664
 0.55000000  0.60000000  0.71126985
 0.55000000  0.65000000  0.40770466
 0.55000000  0.70000000  0.14100532
 0.55000000  0.75000000 -0.06407047
 0.55000000  0.80000000 -0.18640120
 0.55000000  0.85000000 -0.22682623
 0.55000000  0.90000000 -0.18724492
 0.55000000  0.95000000 -0.09368583
 0.55000000  1.00000000  0.01557374
 0.55000000  1.05000000  0.14251753
 0.55000000  1.10000000  0.25170457
 0.55000000  1.15000000  0.32485296
 0.55000000  1.20000000  0.37822747
 0.55000000  1.25000000  0.39655557
 0.55000000  1.30000000  0.40033524
 0.55000000  1.35000000  0.38463281
 0.55000000  1.40000000  0.36760155
 0.55000000  1.45000000  0.35220064
 0.55000000  1.50000000  0.32819143
 0.55000000  1.55000000  0.30833618
 0.55000000  1.60000000  0.28530140
 0.55000000  1.65000000  0.27179514
 0.55000000  1.70000000  0.27802566
 0.55000000  1.75000000  0.31820809
 0.55000000  1.80000000  0.37832523
 0.55000000  1.85000000  0.45965216
 0.55000000  1.90000000  0.52313153
 0.55000000  1.95000000  0.53219680
 0.55000000  2.00000000  0.45704652
 0.55000000  2.05000000  0.30017828
 0.55000000  2.10000000  0.04573145
 0.55000000  2.15000000 -0.24373031
 0.55000000  2.20000000 -0.52303374
 0.60000000 -0.25000000 -1.76600652
 0.60000000 -0.20000000 -1.64930266
 0.60000000 -0.15000000 -1.48285000
 0.60000000 -0.10000000 -1.27035167
 0.60000000 -0.05000000 -1.01568802
 0.60000000  0.00000000 -0.70929807
 0.60000000  0.05000000 -0.34139217
 0.60000000  0.10000000  0.06182951
 0.60000000  0.15000000  0.48482670
 0.60000000  0.20000000  0.91152153
 0.60000000  0.25000000  1.29279718
 0.60000000  0.30000000  1.58370440
 0.60000000  0.35000000  1.77402795
 0.60000000  0.40000000  1.82983862
 0.60000000  0.45000000  1.77804818
 0.60000000  0.50000000  1.61359100
 0.60000000  0.55000000  1.36894011
 0.60000000  0.60000000  1.07696858
 0.60000000  0.65000000  0.76539685
 0.60000000  0.70000000  0.46832386
 0.60000000  0.75000000  0.21656433
 0.60000000  0.80000000  0.02928151
 0.60000000  0.85000000 -0.07326252
 0.60000000  0.90000000 -0.09062604
 0.60000000  0.95000000 -0.04877664
 0.60000000  1.00000000  0.04044985
 0.60000000  1.05000000  0.15138375
 0.60000000  1.10000000  0.25827445
 0.60000000  1.15000000  0.35412622
 0.60000000  1.20000000  0.41743325
 0.60000000  1.25000000  0.45788073
 0.60000000  1.30000000  0.46290361
 0.60000000  1.35000000  0.44644502
 0.60000000  1.40000000  0.42355661
 0.60000000  1.45000000  0.38356390
 0.60000000  1.50000000  0.33186404
 0.60000000  1.55000000  0.28075612
 0.60000000  1.60000000  0.22172254
 0.60000000  1.65000000  0.18430567
 0.60000000  1.70000000  0.18590194
 0.60000000  1.75000000  0.23160111
 0.60000000  1.80000000  0.31133885
 0.60000000  1.85000000  0.40875948
 0.60000000  1.90000000  0.50011422
 0.60000000  1.95000000  0.54901173
 0.60000000  2.00000000  0.50393738
 0.60000000  2.05000000  0.36785113
 0.60000000  2.10000000  0.13547339
 0.60000000  2.15000000 -0.14751202
 0.60000000  2.20000000 -0.43391576
 0.65000000 -0.25000000 -1.74271438
 0.65000000 -0.20000000 -1.63698285
 0.65000000 -0.15000000 -1.48693337
 0.65000000 -0.10000000 -1.29680348
 0.65000000 -0.05000000 -1.07224862
 0.65000000  0.00000000 -0.79955504
 0.65000000  0.05000000 -0.47835503
 0.65000000  0.10000000 -0.10919071
 0.65000000  0.15000000  0.29891578
 0.65000000  0.20000000  0.73704654
 0.65000000  0.25000000  1.15379178
 0.65000000  0.30000000  1.51288790
 0.65000000  0.35000000  1.77454197
 0.65000000  0.40000000  1.93380096
 0.65000000  0.45000000  1.96055322
 0.65000000  0.50000000  1.87187406
 0.65000000  0.55000000  1.67637380
 0.65000000  0.60000000  1.41133003
 0.65000000  0.65000000  1.09786206
 0.65000000  0.70000000  0.77633859
 0.65000000  0.75000000  0.48364774
 0.65000000  0.80000000  0.24765277
 0.65000000  0.85000000  0.09576264
 0.65000000  0.90000000  0.03315058
 0.65000000  0.95000000  0.03790642
 0.65000000  1.00000000  0.09775005
 0.65000000  1.05000000  0.20347714
 0.65000000  1.10000000  0.31899439
 0.65000000  1.15000000  0.42828808
 0.65000000  1.20000000  0.51421444
 0.65000000  1.25000000  0.57968855
 0.65000000  1.30000000  0.60783347
 0.65000000  1.35000000  0.60150860
 0.65000000  1.40000000  0.58447667
 0.65000000  1.45000000  0.52988019
 0.65000000  1.50000000  0.46097927
 0.65000000  1.55000000  0.38287818
 0.65000000  1.60000000  0.31323296
 0.65000000  1.65000000  0.24222414
 0.65000000  1.70000000  0.23711752
 0.65000000  1.75000000  0.26936593
 0.65000000  1.80000000  0.36033096
 0.65000000  1.85000000  0.47790892
 0.65000000  1.90000000  0.59104009
 0.65000000  1.95000000  0.65079702
 0.65000000  2.00000000  0.62779446
 0.65000000  2.05000000  0.50562714
 0.65000000  2.10000000  0.28796580
 0.65000000  2.15000000  0.00858173
 0.65000000  2.20000000 -0.28988242
 0.70000000 -0.25000000 -1.68869727
 0.70000000 -0.20000000 -1.57688706
 0.70000000 -0.15000000 -1.43114112
 0.70000000 -0.10000000 -1.26408478
 0.70000000 -0.05000000 -1.07081310
 0.70000000  0.00000000 -0.84648663
 0.70000000  0.05000000 -0.60072383
 0.70000000  0.10000000 -0.28459057
 0.70000000  0.15000000  0.08031337
 0.70000000  0.20000000  0.50207405
 0.70000000  0.25000000  0.93075502
 0.70000000  0.30000000  1.33751768
 0.70000000  0.35000000  1.66813839
 0.70000000  0.40000000  1.91925929
 0.70000000  0.45000000  2.02691516
 0.70000000  0.50000000  2.00379942
 0.70000000  0.55000000  1.86677021
 0.70000000  0.60000000  1.63073078
 0.70000000  0.65000000  1.31919348
 0.70000000  0.70000000  0.98581321
 0.70000000  0.75000000  0.66580708
 0.70000000  0.80000000  0.40701275
 0.70000000  0.85000000  0.21869160
 0.70000000  0.90000000  0.13753888
 0.70000000  0.95000000  0.10866055
 0.70000000  1.00000000  0.16755732
 0.70000000  1.05000000  0.26266413
 0.70000000  1.10000000  0.38227632
 0.70000000  1.15000000  0.51531462
 0.70000000  1.20000000  0.63117189
 0.70000000  1.25000000  0.73178427
 0.70000000  1.30000000  0.79293882
 0.70000000  1.35000000  0.82926296
 0.70000000  1.40000000  0.83334802
 0.70000000  1.45000000  0.79487066
 0.70000000  1.50000000  0.72541453
 0.70000000  1.55000000  0.63869885
 0.70000000  1.60000000  0.54132889
 0.70000000  1.65000000  0.46544976
 0.70000000  1.70000000  0.43563477
 0.70000000  1.75000000  0.45400044
 0.70000000  1.80000000  0.53236320
 0.70000000  1.85000000  0.64941964
 0.70000000  1.90000000  0.75164185
 0.70000000  1.95000000  0.81761441
 0.70000000  2.00000000  0.79625010
 0.70000000  2.05000000  0.67764595
 0.70000000  2.10000000  0.45489927
 0.70000000  2.15000000  0.16704891
 0.70000000  2.20000000 -0.14404515
 0.75000000 -0.25000000 -1.58220188
 0.75000000 -0.20000000 -1.46983667
 0.75000000 -0.15000000 -1.31948317
 0.75000000 -0.10000000 -1.16722661
 0.75000000 -0.05000000 -1.02432177
 0.75000000  0.00000000 -0.87780126
 0.75000000  0.05000000 -0.70818727
 0.75000000  0.10000000 -0.47853714
 0.75000000  0.15000000 -0.16677070
 0.75000000  0.20000000  0.20608148
 0.75000000  0.25000000  0.62510243
 0.75000000  0.30000000  1.05856422
 0.75000000  0.35000000  1.44946604
 0.75000000  0.40000000  1.75380472
 0.75000000  0.45000000  1.94494068
 0.75000000  0.50000000  1.99031645
 0.75000000  0.55000000  1.89330851
 0.75000000  0.60000000  1.67608839
 0.75000000  0.65000000  1.39305819
 0.75000000  0.70000000  1.05510894
 0.75000000  0.75000000  0.73431217
 0.75000000  0.80000000  0.46393484
 0.75000000  0.85000000  0.27642798
 0.75000000  0.90000000  0.17265232
 0.75000000  0.95000000  0.14443578
 0.75000000  1.00000000  0.19336025
 0.75000000  1.05000000  0.30535753
 0.75000000  1.10000000  0.44440460
 0.75000000  1.15000000  0.59110758
 0.75000000  1.20000000  0.75014583
 0.75000000  1.25000000  0.89218377
 0.75000000  1.30000000  1.01133400
 0.75000000  1.35000000  1.09191815
 0.75000000  1.40000000  1.13520618
 0.75000000  1.45000000  1.13531247
 0.75000000  1.50000000  1.09595386
 0.75000000  1.55000000  1.00039020
 0.75000000  1.60000000  0.90263192
 0.75000000  1.65000000  0.80407787
 0.75000000  1.70000000  0.75870754
 0.75000000  1.75000000  0.75664857
 0.75000000  1.80000000  0.80444395
 0.75000000  1.85000000  0.89231360
 0.75000000  1.90000000  0.97499120
 0.75000000  1.95000000  1.01518134
 0.75000000  2.00000000  0.97329779
 0.75000000  2.05000000  0.83040697
 0.75000000  2.10000000  0.60684442
 0.75000000  2.15000000  0.30298461
 0.75000000  2.20000000 -0.02838090
 0.80000000 -0.25000000 -1.44345096
 0.80000000 -0.20000000 -1.31249211
 0.80000000 -0.15000000 -1.15923363
 0.80000000 -0.10000000 -1.04157891
 0.80000000 -0.05000000 -0.94626917
 0.80000000  0.00000000 -0.88105546
 0.80000000  0.05000000 -0.79389725
 0.80000000  0.10000000 -0.66410192
 0.80000000  0.15000000 -0.44041829
 0.80000000  0.20000000 -0.13070652
 0.80000000  0.25000000  0.26687218
 0.80000000  0.30000000  0.70616655
 0.80000000  0.35000000  1.12510932
 0.80000000  0.40000000  1.47139075
 0.80000000  0.45000000  1.71467440
 0.80000000  0.50000000  1.79642780
 0.80000000  0.55000000  1.73943507
 0.80000000  0.60000000  1.56483065
 0.80000000  0.65000000  1.28877179
 0.80000000  0.70000000  0.98365176
 0.80000000  0.75000000  0.68165024
 0.80000000  0.80000000  0.43028216
 0.80000000  0.85000000  0.24865882
 0.80000000  0.90000000  0.15554768
 0.80000000  0.95000000  0.13891643
 0.80000000  1.00000000  0.19741744
 0.80000000  1.05000000  0.31040465
 0.80000000  1.10000000  0.46832865
 0.80000000  1.15000000  0.65686267
 0.80000000  1.20000000  0.84961680
 0.80000000  1.25000000  1.04258761
 0.80000000  1.30000000  1.21390309
 0.80000000  1.35000000  1.35725166
 0.80000000  1.40000000  1.46227295
 0.80000000  1.45000000  1.50602472
 0.80000000  1.50000000  1.49721141
 0.80000000  1.55000000  1.41728847
 0.80000000  1.60000000  1.32501440
 0.80000000  1.65000000  1.21936149
 0.80000000  1.70000000  1.13962652
 0.80000000  1.75000000  1.09960158
 0.80000000  1.80000000  1.11401001
 0.80000000  1.85000000  1.15888588
 0.80000000  1.90000000  1.19596432
 0.80000000  1.95000000  1.18269395
 0.80000000  2.00000000  1.10708371
 0.80000000  2.05000000  0.93060620
 0.80000000  2.10000000  0.68779512
 0.80000000  2.15000000  0.36398834
 0.80000000  2.20000000  0.00242988
 0.85000000 -0.25000000 -1.26420965
 0.85000000 -0.20000000 -1.11219192
 0.85000000 -0.15000000 -0.96962560
 0.85000000 -0.10000000 -0.88001970
 0.85000000 -0.05000000 -0.85766814
 0.85000000  0.00000000 -0.87687829
 0.85000000  0.05000000 -0.89649321
 0.85000000  0.10000000 -0.85125369
 0.85000000  0.15000000 -0.73006429
 0.85000000  0.20000000 -0.48157066
 0.85000000  0.25000000 -0.12620105
 0.85000000  0.30000000  0.29333746
 0.85000000  0.35000000  0.71893725
 0.85000000  0.40000000  1.09008735
 0.85000000  0.45000000  1.35402050
 0.85000000  0.50000000  1.48030816
 0.85000000  0.55000000  1.46113457
 0.85000000  0.60000000  1.31825807
 0.85000000  0.65000000  1.08284437
 0.85000000  0.70000000  0.81502766
 0.85000000  0.75000000  0.55694020
 0.85000000  0.80000000  0.33437074
 0.85000000  0.85000000  0.17809194
 0.85000000  0.90000000  0.10550911
 0.85000000  0.95000000  0.09824703
 0.85000000  1.00000000  0.17310190
 0.85000000  1.05000000  0.29815058
 0.85000000  1.10000000  0.47534433
 0.85000000  1.15000000  0.69010653
 0.85000000  1.20000000  0.91864309
 0.85000000  1.25000000  1.16102771
 0.85000000  1.30000000  1.39358255
 0.85000000  1.35000000  1.60088342
 0.85000000  1.40000000  1.75818116
 0.85000000  1.45000000  1.86448042
 0.85000000  1.50000000  1.87834575
 0.85000000  1.55000000  1.83406522
 0.85000000  1.60000000  1.73247853
 0.85000000  1.65000000  1.61802535
 0.85000000  1.70000000  1.50865993
 0.85000000  1.75000000  1.43831379
 0.85000000  1.80000000  1.39379733
 0.85000000  1.85000000  1.37640547
 0.85000000  1.90000000  1.35012565
 0.85000000  1.95000000  1.27927776
 0.85000000  2.00000000  1.15064335
 0.85000000  2.05000000  0.93799852
 0.85000000  2.10000000  0.66539712
 0.85000000  2.15000000  0.33406425
 0.85000000  2.20000000 -0.02763809
 0.90000000 -0.25000000 -1.02439199
 0.90000000 -0.20000000 -0.87297285
 0.90000000 -0.15000000 -0.75583767
 0.90000000 -0.10000000 -0.71686600
 0.90000000 -0.05000000 -0.76157318
 0.90000000  0.00000000 -0.86873033
 0.90000000  0.05000000 -0.99030338
 0.90000000  0.10000000 -1.04887726
 0.90000000  0.15000000 -0.99414265
 0.90000000  0.20000000 -0.81508307
 0.90000000  0.25000000 -0.51528900
 0.90000000  0.30000000 -0.12691264
 0.90000000  0.35000000  0.28522595
 0.90000000  0.40000000  0.65921456
 0.90000000  0.45000000  0.93621390
 0.90000000  0.50000000  1.08539645
 0.90000000  0.55000000  1.10542364
 0.90000000  0.60000000  1.01368338
 0.90000000  0.65000000  0.82997321
 0.90000000  0.70000000  0.62143101
 0.90000000  0.75000000  0.40896035
 0.90000000  0.80000000  0.23683227
 0.90000000  0.85000000  0.11821864
 0.90000000  0.90000000  0.06161894
 0.90000000  0.95000000  0.07297275
 0.90000000  1.00000000  0.14403215
 0.90000000  1.05000000  0.27828771
 0.90000000  1.10000000  0.46631618
 0.90000000  1.15000000  0.69175170
 0.90000000  1.20000000  0.96283732
 0.90000000  1.25000000  1.25268285
 0.90000000  1.30000000  1.53714005
 0.90000000  1.35000000  1.80442492
 0.90000000  1.40000000  2.01336478
 0.90000000  1.45000000  2.15000531
 0.90000000  1.50000000  2.20381441
 0.90000000  1.55000000  2.16573834
 0.90000000  1.60000000  2.06224833
 0.90000000  1.65000000  1.92358120
 0.90000000  1.70000000  1.79469924
 0.90000000  1.75000000  1.68597159
 0.90000000  1.80000000  1.58848142
 0.90000000  1.85000000  1.50089109
 0.90000000  1.90000000  1.40550474
 0.90000000  1.95000000  1.27164671
 0.90000000  2.00000000  1.07760335
 0.90000000  2.05000000  0.83453657
 0.90000000  2.10000000  0.53642364
 0.90000000  2.15000000  0.19760191
 0.90000000  2.20000000 -0.14759535
 0.95000000 -0.25000000 -0.74265837
 0.95000000 -0.20000000 -0.60484822
 0.95000000 -0.15000000 -0.53595114
 0.95000000 -0.10000000 -0.55980967
 0.95000000 -0.05000000 -0.68635452
 0.95000000  0.00000000 -0.88381385
 0.95000000  0.05000000 -1.09070775
 0.95000000  0.10000000 -1.22844738
 0.95000000  0.15000000 -1.24588415
 0.95000000  0.20000000 -1.12128995
 0.95000000  0.25000000 -0.86839382
 0.95000000  0.30000000 -0.52113374
 0.95000000  0.35000000 -0.12592185
 0.95000000  0.40000000  0.23704004
 0.95000000  0.45000000  0.52368075
 0.95000000  0.50000000  0.69509885
 0.95000000  0.55000000  0.75259040
 0.95000000  0.60000000  0.71444126
 0.95000000  0.65000000  0.60049689
 0.95000000  0.70000000  0.45045978
 0.95000000  0.75000000  0.31132905
 0.95000000  0.80000000  0.18985637
 0.95000000  0.85000000  0.10179413
 0.95000000  0.90000000  0.05941276
 0.95000000  0.95000000  0.07016833
 0.95000000  1.00000000  0.13256205
 0.95000000  1.05000000  0.25536582
 0.95000000  1.10000000  0.44361604
 0.95000000  1.15000000  0.68782297
 0.95000000  1.20000000  0.98284138
 0.95000000  1.25000000  1.31159591
 0.95000000  1.30000000  1.63267685
 0.95000000  1.35000000  1.94759289
 0.95000000  1.40000000  2.19463634
 0.95000000  1.45000000  2.35129750
 0.95000000  1.50000000  2.41494447
 0.95000000  1.55000000  2.37103816
 0.95000000  1.60000000  2.26868865
 0.95000000  1.65000000  2.11900959
 0.95000000  1.70000000  1.94280714
 0.95000000  1.75000000  1.78603900
 0.95000000  1.80000000  1.64660836
 0.95000000  1.85000000  1.50071237
 0.95000000  1.90000000  1.34071620
 0.95000000  1.95000000  1.13825401
 0.95000000  2.00000000  0.90160684
 0.95000000  2.05000000  0.62153127
 0.95000000  2.10000000  0.32363115
 0.95000000  2.15000000 -0.00009516
 0.95000000  2.20000000 -0.32709193
 1.00000000 -0.25000000 -0.43240241
 1.00000000 -0.20000000 -0.32599273
 1.00000000 -0.15000000 -0.31435929
 1.00000000 -0.10000000 -0.41932883
 1.00000000 -0.05000000 -0.63866614
 1.00000000  0.00000000 -0.91745627
 1.00000000  0.05000000 -1.18311161
 1.00000000  0.10000000 -1.37773931
 1.00000000  0.15000000 -1.44922272
 1.00000000  0.20000000 -1.36718578
 1.00000000  0.25000000 -1.14953438
 1.00000000  0.30000000 -0.83945923
 1.00000000  0.35000000 -0.47269133
 1.00000000  0.40000000 -0.11133994
 1.00000000  0.45000000  0.17159928
 1.00000000  0.50000000  0.36794474
 1.00000000  0.55000000  0.46375398
 1.00000000  0.60000000  0.47949149
 1.00000000  0.65000000  0.43135899
 1.00000000  0.70000000  0.36829105
 1.00000000  0.75000000  0.28312710
 1.00000000  0.80000000  0.20596513
 1.00000000  0.85000000  0.14085050
 1.00000000  0.90000000  0.09312871
 1.00000000  0.95000000  0.09314915
 1.00000000  1.00000000  0.13392757
 1.00000000  1.05000000  0.23807734
 1.00000000  1.10000000  0.40808157
 1.00000000  1.15000000  0.65491022
 1.00000000  1.20000000  0.97370042
 1.00000000  1.25000000  1.32522161
 1.00000000  1.30000000  1.68200952
 1.00000000  1.35000000  2.01582489
 1.00000000  1.40000000  2.27018206
 1.00000000  1.45000000  2.42582464
 1.00000000  1.50000000  2.48612988
 1.00000000  1.55000000  2.43336989
 1.00000000  1.60000000  2.30285844
 1.00000000  1.65000000  2.12469542
 1.00000000  1.70000000  1.93097155
 1.00000000  1.75000000  1.74709591
 1.00000000  1.80000000  1.56658114
 1.00000000  1.85000000  1.37524152
 1.00000000  1.90000000  1.16491142
 1.00000000  1.95000000  0.92776919
 1.00000000  2.00000000  0.65504910
 1.00000000  2.05000000  0.35628641
 1.00000000  2.10000000  0.05782271
 1.00000000  2.15000000 -0.22890141
 1.00000000  2.20000000 -0.50267508
 1.05000000 -0.25000000 -0.12699243
 1.05000000 -0.20000000 -0.07352329
 1.05000000 -0.15000000 -0.13356513
 1.05000000 -0.10000000 -0.32619708
 1.05000000 -0.05000000 -0.61570116
 1.05000000  0.00000000 -0.95366448
 1.05000000  0.05000000 -1.27000410
 1.05000000  0.10000000 -1.49123926
 1.05000000  0.15000000 -1.58246716
 1.05000000  0.20000000 -1.52731830
 1.05000000  0.25000000 -1.33806710
 1.05000000  0.30000000 -1.05377910
 1.05000000  0.35000000 -0.71329767
 1.05000000  0.40000000 -0.36801351
 1.05000000  0.45000000 -0.09539436
 1.05000000  0.50000000  0.12029913
 1.05000000  0.55000000  0.26044085
 1.05000000  0.60000000  0.32411396
 1.05000000  0.65000000  0.34903326
 1.05000000  0.70000000  0.34345165
 1.05000000  0.75000000  0.32000980
 1.05000000  0.80000000  0.27888784
 1.05000000  0.85000000  0.22820426
 1.05000000  0.90000000  0.17795067
 1.05000000  0.95000000  0.14352574
 1.05000000  1.00000000  0.14110773
 1.05000000  1.05000000  0.21222758
 1.05000000  1.10000000  0.35980601
 1.05000000  1.15000000  0.60563058
 1.05000000  1.20000000  0.92555066
 1.05000000  1.25000000  1.29187250
 1.05000000  1.30000000  1.66718700
 1.05000000  1.35000000  1.99986460
 1.05000000  1.40000000  2.25595906
 1.05000000  1.45000000  2.38995901
 1.05000000  1.50000000  2.41644342
 1.05000000  1.55000000  2.33114725
 1.05000000  1.60000000  2.18018143
 1.05000000  1.65000000  1.97672874
 1.05000000  1.70000000  1.76248929
 1.05000000  1.75000000  1.56167502
 1.05000000  1.80000000  1.35415819
 1.05000000  1.85000000  1.15007177
 1.05000000  1.90000000  0.91374884
 1.05000000  1.95000000  0.65576255
 1.05000000  2.00000000  0.36851059
 1.05000000  2.05000000  0.09005448
 1.05000000  2.10000000 -0.17717523
 1.05000000  2.15000000 -0.41910927
 1.05000000  2.20000000 -0.63057790
 1.10000000 -0.25000000  0.12788791
 1.10000000 -0.20000000  0.11908681
 1.10000000 -0.15000000 -0.00967592
 1.10000000 -0.10000000 -0.27326305
 1.10000000 -0.05000000 -0.61446924
 1.10000000  0.00000000 -1.00006162
 1.10000000  0.05000000 -1.32145109
 1.10000000  0.10000000 -1.54865038
 1.10000000  0.15000000 -1.64651474
 1.10000000  0.20000000 -1.58136937
 1.10000000  0.25000000 -1.40535686
 1.10000000  0.30000000 -1.14707156
 1.10000000  0.35000000 -0.82945556
 1.10000000  0.40000000 -0.51487928
 1.10000000  0.45000000 -0.24054578
 1.10000000  0.50000000 -0.01930260
 1.10000000  0.55000000  0.14262646
 1.10000000  0.60000000  0.24404256
 1.10000000  0.65000000  0.31976892
 1.10000000  0.70000000  0.36860716
 1.10000000  0.75000000  0.38962618
 1.10000000  0.80000000  0.36498486
 1.10000000  0.85000000  0.31846284
 1.10000000  0.90000000  0.24749217
 1.10000000  0.95000000  0.16972984
 1.10000000  1.00000000  0.14119077
 1.10000000  1.05000000  0.16488117
 1.10000000  1.10000000  0.29654901
 1.10000000  1.15000000  0.52192627
 1.10000000  1.20000000  0.84645757
 1.10000000  1.25000000  1.21187074
 1.10000000  1.30000000  1.58346186
 1.10000000  1.35000000  1.89806566
 1.10000000  1.40000000  2.12693071
 1.10000000  1.45000000  2.22775685
 1.10000000  1.50000000  2.21618360
 1.10000000  1.55000000  2.09593329
 1.10000000  1.60000000  1.91725105
 1.10000000  1.65000000  1.69530810
 1.10000000  1.70000000  1.46978728
 1.10000000  1.75000000  1.26840984
 1.10000000  1.80000000  1.06666438
 1.10000000  1.85000000  0.85056949
 1.10000000  1.90000000  0.62596879
 1.10000000  1.95000000  0.38013564
 1.10000000  2.00000000  0.12421205
 1.10000000  2.05000000 -0.12657565
 1.10000000  2.10000000 -0.33814500
 1.10000000  2.15000000 -0.50922383
 1.10000000  2.20000000 -0.65248695
 1.15000000 -0.25000000  0.30350210
 1.15000000 -0.20000000  0.24918241
 1.15000000 -0.15000000  0.05706855
 1.15000000 -0.10000000 -0.25657391
 1.15000000 -0.05000000 -0.63554629
 1.15000000  0.00000000 -1.01474729
 1.15000000  0.05000000 -1.32758803
 1.15000000  0.10000000 -1.52655618
 1.15000000  0.15000000 -1.59788324
 1.15000000  0.20000000 -1.53305355
 1.15000000  0.25000000 -1.35797682
 1.15000000  0.30000000 -1.10403747
 1.15000000  0.35000000 -0.82965282
 1.15000000  0.40000000 -0.54995202
 1.15000000  0.45000000 -0.29284434
 1.15000000  0.50000000 -0.09574663
 1.15000000  0.55000000  0.07463948
 1.15000000  0.60000000  0.20572793
 1.15000000  0.65000000  0.31197150
 1.15000000  0.70000000  0.38904693
 1.15000000  0.75000000  0.42521749
 1.15000000  0.80000000  0.42443206
 1.15000000  0.85000000  0.37604495
 1.15000000  0.90000000  0.27985698
 1.15000000  0.95000000  0.17151444
 1.15000000  1.00000000  0.09093209
 1.15000000  1.05000000  0.08251777
 1.15000000  1.10000000  0.18335974
 1.15000000  1.15000000  0.40414912
 1.15000000  1.20000000  0.72174976
 1.15000000  1.25000000  1.09243516
 1.15000000  1.30000000  1.44358511
 1.15000000  1.35000000  1.73315802
 1.15000000  1.40000000  1.92661857
 1.15000000  1.45000000  1.98068410
 1.15000000  1.50000000  1.92216176
 1.15000000  1.55000000  1.75996049
 1.15000000  1.60000000  1.55713929
 1.15000000  1.65000000  1.31639402
 1.15000000  1.70000000  1.10274639
 1.15000000  1.75000000  0.91650360
 1.15000000  1.80000000  0.73609547
 1.15000000  1.85000000  0.56242557
 1.15000000  1.90000000  0.36891024
 1.15000000  1.95000000  0.16274770
 1.15000000  2.00000000 -0.03673234
 1.15000000  2.05000000 -0.22331829
 1.15000000  2.10000000 -0.36335350
 1.15000000  2.15000000 -0.47763533
 1.15000000  2.20000000 -0.54572877
 1.20000000 -0.25000000  0.40405265
 1.20000000 -0.20000000  0.30632474
 1.20000000 -0.15000000  0.08001749
 1.20000000 -0.10000000 -0.26408284
 1.20000000 -0.05000000 -0.64099636
 1.20000000  0.00000000 -0.99134577
 1.20000000  0.05000000 -1.26313278
 1.20000000  0.10000000 -1.41748376
 1.20000000  0.15000000 -1.45091028
 1.20000000  0.20000000 -1.35539518
 1.20000000  0.25000000 -1.17980714
 1.20000000  0.30000000 -0.95439912
 1.20000000  0.35000000 -0.70533974
 1.20000000  0.40000000 -0.47004765
 1.20000000  0.45000000 -0.26589113
 1.20000000  0.50000000 -0.09310098
 1.20000000  0.55000000  0.04772844
 1.20000000  0.60000000  0.16514132
 1.20000000  0.65000000  0.27516295
 1.20000000  0.70000000  0.36213610
 1.20000000  0.75000000  0.41295776
 1.20000000  0.80000000  0.41648721
 1.20000000  0.85000000  0.36198891
 1.20000000  0.90000000  0.23737133
 1.20000000  0.95000000  0.10136220
 1.20000000  1.00000000 -0.00436149
 1.20000000  1.05000000 -0.03399005
 1.20000000  1.10000000  0.06079314
 1.20000000  1.15000000  0.27504393
 1.20000000  1.20000000  0.58538608
 1.20000000  1.25000000  0.94342231
 1.20000000  1.30000000  1.27732259
 1.20000000  1.35000000  1.53420593
 1.20000000  1.40000000  1.68752736
 1.20000000  1.45000000  1.69002993
 1.20000000  1.50000000  1.57629394
 1.20000000  1.55000000  1.37850763
 1.20000000  1.60000000  1.14470523
 1.20000000  1.65000000  0.90946652
 1.20000000  1.70000000  0.70708807
 1.20000000  1.75000000  0.54687279
 1.20000000  1.80000000  0.41384713
 1.20000000  1.85000000  0.30120009
 1.20000000  1.90000000  0.17944949
 1.20000000  1.95000000  0.04613490
 1.20000000  2.00000000 -0.08422174
 1.20000000  2.05000000 -0.18029840
 1.20000000  2.10000000 -0.25428526
 1.20000000  2.15000000 -0.28139952
 1.20000000  2.20000000 -0.29029507
 1.25000000 -0.25000000  0.42791394
 1.25000000 -0.20000000  0.31394079
 1.25000000 -0.15000000  0.06838962
 1.25000000 -0.10000000 -0.24775257
 1.25000000 -0.05000000 -0.58580936
 1.25000000  0.00000000 -0.89680434
 1.25000000  0.05000000 -1.11265989
 1.25000000  0.10000000 -1.21155826
 1.25000000  0.15000000 -1.18996011
 1.25000000  0.20000000 -1.07859489
 1.25000000  0.25000000 -0.89577790
 1.25000000  0.30000000 -0.69671837
 1.25000000  0.35000000 -0.48843464
 1.25000000  0.40000000 -0.31825875
 1.25000000  0.45000000 -0.17270170
 1.25000000  0.50000000 -0.06254989
 1.25000000  0.55000000  0.03274920
 1.25000000  0.60000000  0.11015995
 1.25000000  0.65000000  0.19348214
 1.25000000  0.70000000  0.27301754
 1.25000000  0.75000000  0.31947376
 1.25000000  0.80000000  0.31860614
 1.25000000  0.85000000  0.25386289
 1.25000000  0.90000000  0.13332083
 1.25000000  0.95000000 -0.02043113
 1.25000000  1.00000000 -0.12842131
 1.25000000  1.05000000 -0.16900263
 1.25000000  1.10000000 -0.07415867
 1.25000000  1.15000000  0.13869749
 1.25000000  1.20000000  0.45614940
 1.25000000  1.25000000  0.80619748
 1.25000000  1.30000000  1.11427170
 1.25000000  1.35000000  1.34948137
 1.25000000  1.40000000  1.44278395
 1.25000000  1.45000000  1.39935820
 1.25000000  1.50000000  1.24650793
 1.25000000  1.55000000  1.01451694
 1.25000000  1.60000000  0.75845810
 1.25000000  1.65000000  0.53338287
 1.25000000  1.70000000  0.35862461
 1.25000000  1.75000000  0.24052439
 1.25000000  1.80000000  0.17419175
 1.25000000  1.85000000  0.12617534
 1.25000000  1.90000000  0.08810319
 1.25000000  1.95000000  0.05032745
 1.25000000  2.00000000  0.00561511
 1.25000000  2.05000000 -0.01322497
 1.25000000  2.10000000  0.00068464
 1.25000000  2.15000000  0.04156655
 1.25000000  2.20000000  0.07658239
 1.30000000 -0.25000000  0.39272538
 1.30000000 -0.20000000  0.29171471
 1.30000000 -0.15000000  0.08355683
 1.30000000 -0.10000000 -0.19848599
 1.30000000 -0.05000000 -0.47698760
 1.30000000  0.00000000 -0.72785403
 1.30000000  0.05000000 -0.86792767
 1.30000000  0.10000000 -0.92105203
 1.30000000  0.15000000 -0.85880272
 1.30000000  0.20000000 -0.72431533
 1.30000000  0.25000000 -0.54904902
 1.30000000  0.30000000 -0.36766293
 1.30000000  0.35000000 -0.21413367
 1.30000000  0.40000000 -0.09591322
 1.30000000  0.45000000 -0.02884381
 1.30000000  0.50000000  0.00723294
 1.30000000  0.55000000  0.01896421
 1.30000000  0.60000000  0.04550206
 1.30000000  0.65000000  0.07716262
 1.30000000  0.70000000  0.12024139
 1.30000000  0.75000000  0.15637448
 1.30000000  0.80000000  0.15663194
 1.30000000  0.85000000  0.10144350
 1.30000000  0.90000000 -0.01792799
 1.30000000  0.95000000 -0.16062514
 1.30000000  1.00000000 -0.26182497
 1.30000000  1.05000000 -0.28390458
 1.30000000  1.10000000 -0.18055442
 1.30000000  1.15000000  0.04499312
 1.30000000  1.20000000  0.36133722
 1.30000000  1.25000000  0.70758975
 1.30000000  1.30000000  1.00641688
 1.30000000  1.35000000  1.20819749
 1.30000000  1.40000000  1.26116815
 1.30000000  1.45000000  1.16919747
 1.30000000  1.50000000  0.98087875
 1.30000000  1.55000000  0.70688701
 1.30000000  1.60000000  0.44358044
 1.30000000  1.65000000  0.22108434
 1.30000000  1.70000000  0.07071773
 1.30000000  1.75000000  0.01317700
 1.30000000  1.80000000  0.02309793
 1.30000000  1.85000000  0.05991930
 1.30000000  1.90000000  0.11650476
 1.30000000  1.95000000  0.16054397
 1.30000000  2.00000000  0.21477133
 1.30000000  2.05000000  0.27221746
 1.30000000  2.10000000  0.34506399
 1.30000000  2.15000000  0.43321188
 1.30000000  2.20000000  0.52741744
 1.35000000 -0.25000000  0.35241223
 1.35000000 -0.20000000  0.28510361
 1.35000000 -0.15000000  0.13325137
 1.35000000 -0.10000000 -0.07796321
 1.35000000 -0.05000000 -0.29629612
 1.35000000  0.00000000 -0.46857892
 1.35000000  0.05000000 -0.56118045
 1.35000000  0.10000000 -0.56463722
 1.35000000  0.15000000 -0.47423082
 1.35000000  0.20000000 -0.33075643
 1.35000000  0.25000000 -0.16044879
 1.35000000  0.30000000  0.00255999
 1.35000000  0.35000000  0.11381553
 1.35000000  0.40000000  0.16384778
 1.35000000  0.45000000  0.15388952
 1.35000000  0.50000000  0.09960339
 1.35000000  0.55000000  0.02817721
 1.35000000  0.60000000 -0.03917261
 1.35000000  0.65000000 -0.05641665
 1.35000000  0.70000000 -0.05373157
 1.35000000  0.75000000 -0.04312152
 1.35000000  0.80000000 -0.03636302
 1.35000000  0.85000000 -0.08484326
 1.35000000  0.90000000 -0.17965775
 1.35000000  0.95000000 -0.28445510
 1.35000000  1.00000000 -0.36409508
 1.35000000  1.05000000 -0.36324101
 1.35000000  1.10000000 -0.23742569
 1.35000000  1.15000000  0.01058049
 1.35000000  1.20000000  0.33003288
 1.35000000  1.25000000  0.66790195
 1.35000000  1.30000000  0.94915726
 1.35000000  1.35000000  1.12122534
 1.35000000  1.40000000  1.14456792
 1.35000000  1.45000000  1.01819053
 1.35000000  1.50000000  0.78271709
 1.35000000  1.55000000  0.49046670
 1.35000000  1.60000000  0.21194221
 1.35000000  1.65000000  0.00110391
 1.35000000  1.70000000 -0.10870074
 1.35000000  1.75000000 -0.11084723
 1.35000000  1.80000000 -0.03029923
 1.35000000  1.85000000  0.10106702
 1.35000000  1.90000000  0.23741235
 1.35000000  1.95000000  0.37205053
 1.35000000  2.00000000  0.49219525
 1.35000000  2.05000000  0.62160345
 1.35000000  2.10000000  0.74430726
 1.35000000  2.15000000  0.86452552
 1.35000000  2.20000000  0.98478221
 1.40000000 -0.25000000  0.32888494
 1.40000000 -0.20000000  0.32658799
 1.40000000 -0.15000000  0.23166619
 1.40000000 -0.10000000  0.09724083
 1.40000000 -0.05000000 -0.04476978
 1.40000000  0.00000000 -0.16519176
 1.40000000  0.05000000 -0.21777190
 1.40000000  0.10000000 -0.19567823
 1.40000000  0.15000000 -0.09548467
 1.40000000  0.20000000  0.05069985
 1.40000000  0.25000000  0.21249021
 1.40000000  0.30000000  0.35156698
 1.40000000  0.35000000  0.43648478
 1.40000000  0.40000000  0.43635324
 1.40000000  0.45000000  0.35721500
 1.40000000  0.50000000  0.21349835
 1.40000000  0.55000000  0.05441669
 1.40000000  0.60000000 -0.10070496
 1.40000000  0.65000000 -0.19359737
 1.40000000  0.70000000 -0.23327860
 1.40000000  0.75000000 -0.23201908
 1.40000000  0.80000000 -0.22334819
 1.40000000  0.85000000 -0.23587891
 1.40000000  0.90000000 -0.29542079
 1.40000000  0.95000000 -0.36711856
 1.40000000  1.00000000 -0.41443111
 1.40000000  1.05000000 -0.36588883
 1.40000000  1.10000000 -0.23041118
 1.40000000  1.15000000  0.02208092
 1.40000000  1.20000000  0.35407991
 1.40000000  1.25000000  0.68824571
 1.40000000  1.30000000  0.95300024
 1.40000000  1.35000000  1.09399715
 1.40000000  1.40000000  1.09668151
 1.40000000  1.45000000  0.94280193
 1.40000000  1.50000000  0.68166913
 1.40000000  1.55000000  0.37130756
 1.40000000  1.60000000  0.08767986
 1.40000000  1.65000000 -0.10595196
 1.40000000  1.70000000 -0.18306526
 1.40000000  1.75000000 -0.13536916
 1.40000000  1.80000000  0.01098796
 1.40000000  1.85000000  0.21238037
 1.40000000  1.90000000  0.42909561
 1.40000000  1.95000000  0.62598573
 1.40000000  2.00000000  0.80391737
 1.40000000  2.05000000  0.96314252
 1.40000000  2.10000000  1.11733019
 1.40000000  2.15000000  1.26483243
 1.40000000  2.20000000  1.39411435
 1.45000000 -0.25000000  0.34098074
 1.45000000 -0.20000000  0.40546857
 1.45000000 -0.15000000  0.38854579
 1.45000000 -0.10000000  0.31590531
 1.45000000 -0.05000000  0.21696902
 1.45000000  0.00000000  0.13973166
 1.45000000  0.05000000  0.10654311
 1.45000000  0.10000000  0.13812000
 1.45000000  0.15000000  0.23458644
 1.45000000  0.20000000  0.36332174
 1.45000000  0.25000000  0.52410999
 1.45000000  0.30000000  0.64197750
 1.45000000  0.35000000  0.70793756
 1.45000000  0.40000000  0.66790982
 1.45000000  0.45000000  0.54390931
 1.45000000  0.50000000  0.33337145
 1.45000000  0.55000000  0.08843078
 1.45000000  0.60000000 -0.13500374
 1.45000000  0.65000000 -0.29743900
 1.45000000  0.70000000 -0.37259551
 1.45000000  0.75000000 -0.38676414
 1.45000000  0.80000000 -0.36269584
 1.45000000  0.85000000 -0.34061675
 1.45000000  0.90000000 -0.35164917
 1.45000000  0.95000000 -0.36988237
 1.45000000  1.00000000 -0.37133473
 1.45000000  1.05000000 -0.30515011
 1.45000000  1.10000000 -0.14524052
 1.45000000  1.15000000  0.11363400
 1.45000000  1.20000000  0.43267496
 1.45000000  1.25000000  0.74474593
 1.45000000  1.30000000  0.99459467
 1.45000000  1.35000000  1.11856720
 1.45000000  1.40000000  1.09016974
 1.45000000  1.45000000  0.92273322
 1.45000000  1.50000000  0.65236058
 1.45000000  1.55000000  0.33896676
 1.45000000  1.60000000  0.05440501
 1.45000000  1.65000000 -0.13485947
 1.45000000  1.70000000 -0.18063316
 1.45000000  1.75000000 -0.09099648
 1.45000000  1.80000000  0.10463062
 1.45000000  1.85000000  0.36091363
 1.45000000  1.90000000  0.63087415
 1.45000000  1.95000000  0.86949430
 1.45000000  2.00000000  1.07745187
 1.45000000  2.05000000  1.25897841
 1.45000000  2.10000000  1.40999534
 1.45000000  2.15000000  1.56070350
 1.45000000  2.20000000  1.68583152
 1.50000000 -0.25000000  0.38086886
 1.50000000 -0.20000000  0.50391157
 1.50000000 -0.15000000  0.54125673
 1.50000000 -0.10000000  0.51894608
 1.50000000 -0.05000000  0.46107418
 1.50000000  0.00000000  0.40046410
 1.50000000  0.05000000  0.36986479
 1.50000000  0.10000000  0.38262881
 1.50000000  0.15000000  0.45578850
 1.50000000  0.20000000  0.57361320
 1.50000000  0.25000000  0.70859082
 1.50000000  0.30000000  0.81844457
 1.50000000  0.35000000  0.87515527
 1.50000000  0.40000000  0.82745255
 1.50000000  0.45000000  0.66526415
 1.50000000  0.50000000  0.40643183
 1.50000000  0.55000000  0.11076243
 1.50000000  0.60000000 -0.17413318
 1.50000000  0.65000000 -0.36947361
 1.50000000  0.70000000 -0.48074941
 1.50000000  0.75000000 -0.48871495
 1.50000000  0.80000000 -0.43754766
 1.50000000  0.85000000 -0.37720952
 1.50000000  0.90000000 -0.32531002
 1.50000000  0.95000000 -0.29845063
 1.50000000  1.00000000 -0.25772087
 1.50000000  1.05000000 -0.16581062
 1.50000000  1.10000000  0.00606937
 1.50000000  1.15000000  0.24847571
 1.50000000  1.20000000  0.55985905
 1.50000000  1.25000000  0.83378518
 1.50000000  1.30000000  1.05532510
 1.50000000  1.35000000  1.15848216
 1.50000000  1.40000000  1.11284583
 1.50000000  1.45000000  0.92843599
 1.50000000  1.50000000  0.64777571
 1.50000000  1.55000000  0.32690022
 1.50000000  1.60000000  0.04966057
 1.50000000  1.65000000 -0.11909955
 1.50000000  1.70000000 -0.14472660
 1.50000000  1.75000000 -0.02248607
 1.50000000  1.80000000  0.21088488
 1.50000000  1.85000000  0.50791753
 1.50000000  1.90000000  0.79563081
 1.50000000  1.95000000  1.06005335
 1.50000000  2.00000000  1.27065453
 1.50000000  2.05000000  1.44270691
 1.50000000  2.10000000  1.58337007
 1.50000000  2.15000000  1.71310391
 1.50000000  2.20000000  1.81992025
 1.55000000 -0.25000000  0.40573758
 1.55000000 -0.20000000  0.56852271
 1.55000000 -0.15000000  0.65202652
 1.55000000 -0.10000000  0.67021473
 1.55000000 -0.05000000  0.62804480
 1.55000000  0.00000000  0.56930590
 1.55000000  0.05000000  0.51680851
 1.55000000  0.10000000  0.50827936
 1.55000000  0.15000000  0.54957800
 1.55000000  0.20000000  0.63957067
 1.55000000  0.25000000  0.75575745
 1.55000000  0.30000000  0.86714245
 1.55000000  0.35000000  0.90877306
 1.55000000  0.40000000  0.85130714
 1.55000000  0.45000000  0.67993303
 1.55000000  0.50000000  0.40676468
 1.55000000  0.55000000  0.09160841
 1.55000000  0.60000000 -0.22396393
 1.55000000  0.65000000 -0.45288565
 1.55000000  0.70000000 -0.55969794
 1.55000000  0.75000000 -0.54821290
 1.55000000  0.80000000 -0.46924870
 1.55000000  0.85000000 -0.35090887
 1.55000000  0.90000000 -0.24409498
 1.55000000  0.95000000 -0.16056087
 1.55000000  1.00000000 -0.08384211
 1.55000000  1.05000000  0.02359922
 1.55000000  1.10000000  0.18984823
 1.55000000  1.15000000  0.42356698
 1.55000000  1.20000000  0.68248303
 1.55000000  1.25000000  0.93264052
 1.55000000  1.30000000  1.10490538
 1.55000000  1.35000000  1.17069651
 1.55000000  1.40000000  1.09737791
 1.55000000  1.45000000  0.90493960
 1.55000000  1.50000000  0.62833519
 1.55000000  1.55000000  0.31760075
 1.55000000  1.60000000  0.05563607
 1.55000000  1.65000000 -0.10413876
 1.55000000  1.70000000 -0.11062027
 1.55000000  1.75000000  0.03136406
 1.55000000  1.80000000  0.28776666
 1.55000000  1.85000000  0.60122539
 1.55000000  1.90000000  0.89941348
 1.55000000  1.95000000  1.15331519
 1.55000000  2.00000000  1.35150896
 1.55000000  2.05000000  1.49430789
 1.55000000  2.10000000  1.60062544
 1.55000000  2.15000000  1.69035186
 1.55000000  2.20000000  1.77275156
 1.60000000 -0.25000000  0.37135907
 1.60000000 -0.20000000  0.56958870
 1.60000000 -0.15000000  0.67522683
 1.60000000 -0.10000000  0.70702219
 1.60000000 -0.05000000  0.68101604
 1.60000000  0.00000000  0.61831798
 1.60000000  0.05000000  0.55341858
 1.60000000  0.10000000  0.50825557
 1.60000000  0.15000000  0.51142564
 1.60000000  0.20000000  0.57300445
 1.60000000  0.25000000  0.66864906
 1.60000000  0.30000000  0.75145034
 1.60000000  0.35000000  0.79430150
 1.60000000  0.40000000  0.74486710
 1.60000000  0.45000000  0.57489831
 1.60000000  0.50000000  0.30666839
 1.60000000  0.55000000 -0.00982471
 1.60000000  0.60000000 -0.31629159
 1.60000000  0.65000000 -0.53683373
 1.60000000  0.70000000 -0.62970273
 1.60000000  0.75000000 -0.59082403
 1.60000000  0.80000000 -0.45381713
 1.60000000  0.85000000 -0.28381953
 1.60000000  0.90000000 -0.11472182
 1.60000000  0.95000000  0.01475743
 1.60000000  1.00000000  0.13207179
 1.60000000  1.05000000  0.24910215
 1.60000000  1.10000000  0.40568665
 1.60000000  1.15000000  0.59984965
 1.60000000  1.20000000  0.80460658
 1.60000000  1.25000000  1.00355375
 1.60000000  1.30000000  1.12328558
 1.60000000  1.35000000  1.14418482
 1.60000000  1.40000000  1.04878321
 1.60000000  1.45000000  0.84045227
 1.60000000  1.50000000  0.55168679
 1.60000000  1.55000000  0.25898644
 1.60000000  1.60000000  0.00661287
 1.60000000  1.65000000 -0.13236730
 1.60000000  1.70000000 -0.12381095
 1.60000000  1.75000000  0.03893412
 1.60000000  1.80000000  0.30168645
 1.60000000  1.85000000  0.61091926
 1.60000000  1.90000000  0.90919905
 1.60000000  1.95000000  1.14419448
 1.60000000  2.00000000  1.30937035
 1.60000000  2.05000000  1.41509231
 1.60000000  2.10000000  1.47029876
 1.60000000  2.15000000  1.52135191
 1.60000000  2.20000000  1.55628471
 1.65000000 -0.25000000  0.23525010
 1.65000000 -0.20000000  0.45165566
 1.65000000 -0.15000000  0.58055192
 1.65000000 -0.10000000  0.63469854
 1.65000000 -0.05000000  0.62463251
 1.65000000  0.00000000  0.55659482
 1.65000000  0.05000000  0.48305282
 1.65000000  0.10000000  0.40530084
 1.65000000  0.15000000  0.38551394
 1.65000000  0.20000000  0.39455762
 1.65000000  0.25000000  0.45434964
 1.65000000  0.30000000  0.51637904
 1.65000000  0.35000000  0.54888193
 1.65000000  0.40000000  0.49615560
 1.65000000  0.45000000  0.34297683
 1.65000000  0.50000000  0.09556636
 1.65000000  0.55000000 -0.19407742
 1.65000000  0.60000000 -0.47826256
 1.65000000  0.65000000 -0.65128341
 1.65000000  0.70000000 -0.70940167
 1.65000000  0.75000000 -0.62062908
 1.65000000  0.80000000 -0.43819674
 1.65000000  0.85000000 -0.21367162
 1.65000000  0.90000000  0.01515489
 1.65000000  0.95000000  0.19442369
 1.65000000  1.00000000  0.33279061
 1.65000000  1.05000000  0.46755974
 1.65000000  1.10000000  0.60167150
 1.65000000  1.15000000  0.75601331
 1.65000000  1.20000000  0.91169694
 1.65000000  1.25000000  1.04152646
 1.65000000  1.30000000  1.09732633
 1.65000000  1.35000000  1.06082520
 1.65000000  1.40000000  0.92266340
 1.65000000  1.45000000  0.70523368
 1.65000000  1.50000000  0.42544474
 1.65000000  1.55000000  0.14262447
 1.65000000  1.60000000 -0.08518335
 1.65000000  1.65000000 -0.21263577
 1.65000000  1.70000000 -0.18218920
 1.65000000  1.75000000 -0.00996146
 1.65000000  1.80000000  0.25436312
 1.65000000  1.85000000  0.56668211
 1.65000000  1.90000000  0.85157140
 1.65000000  1.95000000  1.05203110
 1.65000000  2.00000000  1.17397367
 1.65000000  2.05000000  1.22163511
 1.65000000  2.10000000  1.23249058
 1.65000000  2.15000000  1.22261718
 1.65000000  2.20000000  1.21197587
 1.70000000 -0.25000000  0.02247540
 1.70000000 -0.20000000  0.23897336
 1.70000000 -0.15000000  0.39193941
 1.70000000 -0.10000000  0.45893359
 1.70000000 -0.05000000  0.46627273
 1.70000000  0.00000000  0.42187864
 1.70000000  0.05000000  0.34231383
 1.70000000  0.10000000  0.26164913
 1.70000000  0.15000000  0.20668734
 1.70000000  0.20000000  0.18416009
 1.70000000  0.25000000  0.19729582
 1.70000000  0.30000000  0.21395397
 1.70000000  0.35000000  0.21854523
 1.70000000  0.40000000  0.16251111
 1.70000000  0.45000000  0.02289966
 1.70000000  0.50000000 -0.20083938
 1.70000000  0.55000000 -0.45290707
 1.70000000  0.60000000 -0.67357547
 1.70000000  0.65000000 -0.81331338
 1.70000000  0.70000000 -0.81501602
 1.70000000  0.75000000 -0.67482536
 1.70000000  0.80000000 -0.43704707
 1.70000000  0.85000000 -0.15201344
 1.70000000  0.90000000  0.11887980
 1.70000000  0.95000000  0.34009371
 1.70000000  1.00000000  0.51347277
 1.70000000  1.05000000  0.64919546
 1.70000000  1.10000000  0.76896815
 1.70000000  1.15000000  0.88462574
 1.70000000  1.20000000  0.97798967
 1.70000000  1.25000000  1.02655206
 1.70000000  1.30000000  1.01724985
 1.70000000  1.35000000  0.93236438
 1.70000000  1.40000000  0.75236973
 1.70000000  1.45000000  0.51402628
 1.70000000  1.50000000  0.23080005
 1.70000000  1.55000000 -0.02731161
 1.70000000  1.60000000 -0.23095773
 1.70000000  1.65000000 -0.32385422
 1.70000000  1.70000000 -0.27364955
 1.70000000  1.75000000 -0.09701894
 1.70000000  1.80000000  0.17420104
 1.70000000  1.85000000  0.47220858
 1.70000000  1.90000000  0.73958399
 1.70000000  1.95000000  0.91156628
 1.70000000  2.00000000  0.98858782
 1.70000000  2.05000000  0.98368369
 1.70000000  2.10000000  0.93781040
 1.70000000  2.15000000  0.87066474
 1.70000000  2.20000000  0.80993564
 1.75000000 -0.25000000 -0.27530326
 1.75000000 -0.20000000 -0.04997199
 1.75000000 -0.15000000  0.12515493
 1.75000000 -0.10000000  0.23930245
 1.75000000 -0.05000000  0.27454207
 1.75000000  0.00000000  0.25801164
 1.75000000  0.05000000  0.20124411
 1.75000000  0.10000000  0.12130625
 1.75000000  0.15000000  0.04458891
 1.75000000  0.20000000 -0.01829753
 1.75000000  0.25000000 -0.05725169
 1.75000000  0.30000000 -0.08522449
 1.75000000  0.35000000 -0.12244789
 1.75000000  0.40000000 -0.19184640
 1.75000000  0.45000000 -0.33294377
 1.75000000  0.50000000 -0.51892982
 1.75000000  0.55000000 -0.73239491
 1.75000000  0.60000000 -0.91009953
 1.75000000  0.65000000 -0.98350546
 1.75000000  0.70000000 -0.93598485
 1.75000000  0.75000000 -0.74649684
 1.75000000  0.80000000 -0.46120892
 1.75000000  0.85000000 -0.13575050
 1.75000000  0.90000000  0.18566656
 1.75000000  0.95000000  0.44088110
 1.75000000  1.00000000  0.62760113
 1.75000000  1.05000000  0.76612003
 1.75000000  1.10000000  0.87080969
 1.75000000  1.15000000  0.93831811
 1.75000000  1.20000000  0.97518277
 1.75000000  1.25000000  0.95858985
 1.75000000  1.30000000  0.87923205
 1.75000000  1.35000000  0.72813632
 1.75000000  1.40000000  0.51267015
 1.75000000  1.45000000  0.26093380
 1.75000000  1.50000000 -0.00050419
 1.75000000  1.55000000 -0.23612096
 1.75000000  1.60000000 -0.40127985
 1.75000000  1.65000000 -0.45206237
 1.75000000  1.70000000 -0.37328735
 1.75000000  1.75000000 -0.17626755
 1.75000000  1.80000000  0.09088789
 1.75000000  1.85000000  0.38175667
 1.75000000  1.90000000  0.61468852
 1.75000000  1.95000000  0.75806858
 1.75000000  2.00000000  0.79091755
 1.75000000  2.05000000  0.74537889
 1.75000000  2.10000000  0.64156455
 1.75000000  2.15000000  0.52695292
 1.75000000  2.20000000  0.43706150
 1.80000000 -0.25000000 -0.57888147
 1.80000000 -0.20000000 -0.34260840
 1.80000000 -0.15000000 -0.13170873
 1.80000000 -0.10000000  0.02186897
 1.80000000 -0.05000000  0.10835446
 1.80000000  0.00000000  0.13920338
 1.80000000  0.05000000  0.11074802
 1.80000000  0.10000000  0.04381624
 1.80000000  0.15000000 -0.04795886
 1.80000000  0.20000000 -0.14641470
 1.80000000  0.25000000 -0.23114102
 1.80000000  0.30000000 -0.31491656
 1.80000000  0.35000000 -0.39739589
 1.80000000  0.40000000 -0.49921700
 1.80000000  0.45000000 -0.63889254
 1.80000000  0.50000000 -0.81510221
 1.80000000  0.55000000 -0.99379221
 1.80000000  0.60000000 -1.11840079
 1.80000000  0.65000000 -1.15928992
 1.80000000  0.70000000 -1.05562417
 1.80000000  0.75000000 -0.83045274
 1.80000000  0.80000000 -0.50971390
 1.80000000  0.85000000 -0.14889566
 1.80000000  0.90000000  0.19014467
 1.80000000  0.95000000  0.46709018
 1.80000000  1.00000000  0.67755751
 1.80000000  1.05000000  0.81306687
 1.80000000  1.10000000  0.89806427
 1.80000000  1.15000000  0.92626177
 1.80000000  1.20000000  0.90825114
 1.80000000  1.25000000  0.82618627
 1.80000000  1.30000000  0.67429256
 1.80000000  1.35000000  0.47051662
 1.80000000  1.40000000  0.23237686
 1.80000000  1.45000000 -0.02447512
 1.80000000  1.50000000 -0.25200090
 1.80000000  1.55000000 -0.43872030
 1.80000000  1.60000000 -0.54323337
 1.80000000  1.65000000 -0.54370299
 1.80000000  1.70000000 -0.43185302
 1.80000000  1.75000000 -0.21771349
 1.80000000  1.80000000  0.05972286
 1.80000000  1.85000000  0.32713582
 1.80000000  1.90000000  0.54713255
 1.80000000  1.95000000  0.65696848
 1.80000000  2.00000000  0.65196630
 1.80000000  2.05000000  0.55740042
 1.80000000  2.10000000  0.41439215
 1.80000000  2.15000000  0.26875806
 1.80000000  2.20000000  0.13937637
 1.85000000 -0.25000000 -0.84342610
 1.85000000 -0.20000000 -0.58611061
 1.85000000 -0.15000000 -0.33437326
 1.85000000 -0.10000000 -0.13088568
 1.85000000 -0.05000000  0.01252564
 1.85000000  0.00000000  0.10004452
 1.85000000  0.05000000  0.10294041
 1.85000000  0.10000000  0.05888776
 1.85000000  0.15000000 -0.04333740
 1.85000000  0.20000000 -0.15816165
 1.85000000  0.25000000 -0.29103094
 1.85000000  0.30000000 -0.42340764
 1.85000000  0.35000000 -0.55852037
 1.85000000  0.40000000 -0.69605626
 1.85000000  0.45000000 -0.85133385
 1.85000000  0.50000000 -1.01589467
 1.85000000  0.55000000 -1.17442031
 1.85000000  0.60000000 -1.27692750
 1.85000000  0.65000000 -1.28896665
 1.85000000  0.70000000 -1.15880484
 1.85000000  0.75000000 -0.91837695
 1.85000000  0.80000000 -0.58325024
 1.85000000  0.85000000 -0.21015642
 1.85000000  0.90000000  0.14154780
 1.85000000  0.95000000  0.42635059
 1.85000000  1.00000000  0.65184975
 1.85000000  1.05000000  0.78016352
 1.85000000  1.10000000  0.84900593
 1.85000000  1.15000000  0.85311820
 1.85000000  1.20000000  0.77992287
 1.85000000  1.25000000  0.63208264
 1.85000000  1.30000000  0.43352809
 1.85000000  1.35000000  0.18163510
 1.85000000  1.40000000 -0.08070592
 1.85000000  1.45000000 -0.30790433
 1.85000000  1.50000000 -0.49643036
 1.85000000  1.55000000 -0.62365503
 1.85000000  1.60000000 -0.65834856
 1.85000000  1.65000000 -0.59454749
 1.85000000  1.70000000 -0.43788025
 1.85000000  1.75000000 -0.19330510
 1.85000000  1.80000000  0.09181525
 1.85000000  1.85000000  0.35060816
 1.85000000  1.90000000  0.53560239
 1.85000000  1.95000000  0.61916465
 1.85000000  2.00000000  0.58748133
 1.85000000  2.05000000  0.46202559
 1.85000000  2.10000000  0.28998828
 1.85000000  2.15000000  0.11499978
 1.85000000  2.20000000 -0.02511215
 1.90000000 -0.25000000 -1.00596954
 1.90000000 -0.20000000 -0.72429278
 1.90000000 -0.15000000 -0.43870875
 1.90000000 -0.10000000 -0.19101127
 1.90000000 -0.05000000  0.01228329
 1.90000000  0.00000000  0.14074583
 1.90000000  0.05000000  0.20720698
 1.90000000  0.10000000  0.19215130
 1.90000000  0.15000000  0.09835215
 1.90000000  0.20000000 -0.03855654
 1.90000000  0.25000000 -0.20914577
 1.90000000  0.30000000 -0.39280867
 1.90000000  0.35000000 -0.56049249
 1.90000000  0.40000000 -0.73965353
 1.90000000  0.45000000 -0.91925194
 1.90000000  0.50000000 -1.10104964
 1.90000000  0.55000000 -1.25175730
 1.90000000  0.60000000 -1.35430849
 1.90000000  0.65000000 -1.35245397
 1.90000000  0.70000000 -1.23019637
 1.90000000  0.75000000 -0.99057124
 1.90000000  0.80000000 -0.65735227
 1.90000000  0.85000000 -0.29689046
 1.90000000  0.90000000  0.03841983
 1.90000000  0.95000000  0.33382054
 1.90000000  1.00000000  0.53803723
 1.90000000  1.05000000  0.66889863
 1.90000000  1.10000000  0.71532221
 1.90000000  1.15000000  0.69298445
 1.90000000  1.20000000  0.58603801
 1.90000000  1.25000000  0.40002040
 1.90000000  1.30000000  0.15090204
 1.90000000  1.35000000 -0.12084950
 1.90000000  1.40000000 -0.37479102
 1.90000000  1.45000000 -0.58727151
 1.90000000  1.50000000 -0.72999853
 1.90000000  1.55000000 -0.76404816
 1.90000000  1.60000000 -0.71779916
 1.90000000  1.65000000 -0.58612830
 1.90000000  1.70000000 -0.37374084
 1.90000000  1.75000000 -0.10373341
 1.90000000  1.80000000  0.17435950
 1.90000000  1.85000000  0.43945581
 1.90000000  1.90000000  0.60148065
 1.90000000  1.95000000  0.66531959
 1.90000000  2.00000000  0.61332387
 1.90000000  2.05000000  0.46359599
 1.90000000  2.10000000  0.27371879
 1.90000000  2.15000000  0.08260920
 1.90000000  2.20000000 -0.06901370
 1.95000000 -0.25000000 -1.06577684
 1.95000000 -0.20000000 -0.75586527
 1.95000000 -0.15000000 -0.43236501
 1.95000000 -0.10000000 -0.13698668
 1.95000000 -0.05000000  0.12026638
 1.95000000  0.00000000  0.30117177
 1.95000000  0.05000000  0.41593173
 1.95000000  0.10000000  0.43603827
 1.95000000  0.15000000  0.36952720
 1.95000000  0.20000000  0.22355193
 1.95000000  0.25000000  0.02945167
 1.95000000  0.30000000 -0.18291944
 1.95000000  0.35000000 -0.39184275
 1.95000000  0.40000000 -0.61572884
 1.95000000  0.45000000 -0.82639873
 1.95000000  0.50000000 -1.03438433
 1.95000000  0.55000000 -1.21716547
 1.95000000  0.60000000 -1.32508774
 1.95000000  0.65000000 -1.34641529
 1.95000000  0.70000000 -1.25190661
 1.95000000  0.75000000 -1.03444475
 1.95000000  0.80000000 -0.73819965
 1.95000000  0.85000000 -0.40237918
 1.95000000  0.90000000 -0.08436815
 1.95000000  0.95000000  0.18450353
 1.95000000  1.00000000  0.37713686
 1.95000000  1.05000000  0.49517805
 1.95000000  1.10000000  0.53272396
 1.95000000  1.15000000  0.48977890
 1.95000000  1.20000000  0.35593798
 1.95000000  1.25000000  0.13780233
 1.95000000  1.30000000 -0.12666789
 1.95000000  1.35000000 -0.40174701
 1.95000000  1.40000000 -0.65622537
 1.95000000  1.45000000 -0.82119649
 1.95000000  1.50000000 -0.90515207
 1.95000000  1.55000000 -0.86999947
 1.95000000  1.60000000 -0.74393917
 1.95000000  1.65000000 -0.54375023
 1.95000000  1.70000000 -0.27473887
 1.95000000  1.75000000  0.01818559
 1.95000000  1.80000000  0.31411303
 1.95000000  1.85000000  0.56243880
 1.95000000  1.90000000  0.71632120
 1.95000000  1.95000000  0.76415173
 1.95000000  2.00000000  0.70099882
 1.95000000  2.05000000  0.54809787
 1.95000000  2.10000000  0.34026463
 1.95000000  2.15000000  0.14503625
 1.95000000  2.20000000 -0.02186222
 2.00000000 -0.25000000 -1.02229842
 2.00000000 -0.20000000 -0.69172199
 2.00000000 -0.15000000 -0.33129119
 2.00000000 -0.10000000  0.01067178
 2.00000000 -0.05000000  0.31338843
 2.00000000  0.00000000  0.55796816
 2.00000000  0.05000000  0.73513430
 2.00000000  0.10000000  0.79168529
 2.00000000  0.15000000  0.74868712
 2.00000000  0.20000000  0.61709518
 2.00000000  0.25000000  0.42030594
 2.00000000  0.30000000  0.18074514
 2.00000000  0.35000000 -0.07060439
 2.00000000  0.40000000 -0.33076605
 2.00000000  0.45000000 -0.59925882
 2.00000000  0.50000000 -0.84508097
 2.00000000  0.55000000 -1.06289123
 2.00000000  0.60000000 -1.21743242
 2.00000000  0.65000000 -1.27831179
 2.00000000  0.70000000 -1.21909978
 2.00000000  0.75000000 -1.05685305
 2.00000000  0.80000000 -0.79798985
 2.00000000  0.85000000 -0.50357468
 2.00000000  0.90000000 -0.22259760
 2.00000000  0.95000000  0.02535295
 2.00000000  1.00000000  0.19975512
 2.00000000  1.05000000  0.29805212
 2.00000000  1.10000000  0.32445802
 2.00000000  1.15000000  0.26515747
 2.00000000  1.20000000  0.11521810
 2.00000000  1.25000000 -0.11388807
 2.00000000  1.30000000 -0.37955597
 2.00000000  1.35000000 -0.66234107
 2.00000000  1.40000000 -0.89179224
 2.00000000  1.45000000 -1.02726166
 2.00000000  1.50000000 -1.05205870
 2.00000000  1.55000000 -0.96067956
 2.00000000  1.60000000 -0.77426484
 2.00000000  1.65000000 -0.50183654
 2.00000000  1.70000000 -0.19843713
 2.00000000  1.75000000  0.12748702
 2.00000000  1.80000000  0.43444576
 2.00000000  1.85000000  0.68228018
 2.00000000  1.90000000  0.84012167
 2.00000000  1.95000000  0.89239424
 2.00000000  2.00000000  0.82717261
 2.00000000  2.05000000  0.67535077
 2.00000000  2.10000000  0.47047201
 2.00000000  2.15000000  0.25739528
 2.00000000  2.20000000  0.08625658
 2.05000000 -0.25000000 -0.91855559
 2.05000000 -0.20000000 -0.55830805
 2.05000000 -0.15000000 -0.16333667
 2.05000000 -0.10000000  0.22568852
 2.05000000 -0.05000000  0.58799034
 2.05000000  0.00000000  0.89635226
 2.05000000  0.05000000  1.10946865
 2.05000000  0.10000000  1.23114378
 2.05000000  0.15000000  1.22753734
 2.05000000  0.20000000  1.12334507
 2.05000000  0.25000000  0.92721029
 2.05000000  0.30000000  0.66748117
 2.05000000  0.35000000  0.37455705
 2.05000000  0.40000000  0.06279397
 2.05000000  0.45000000 -0.24637589
 2.05000000  0.50000000 -0.55225139
 2.05000000  0.55000000 -0.82999758
 2.05000000  0.60000000 -1.02691640
 2.05000000  0.65000000 -1.13892556
 2.05000000  0.70000000 -1.14009810
 2.05000000  0.75000000 -1.02252423
 2.05000000  0.80000000 -0.82091647
 2.05000000  0.85000000 -0.57913041
 2.05000000  0.90000000 -0.32985769
 2.05000000  0.95000000 -0.12546942
 2.05000000  1.00000000  0.02278829
 2.05000000  1.05000000  0.10663466
 2.05000000  1.10000000  0.11249892
 2.05000000  1.15000000  0.03680945
 2.05000000  1.20000000 -0.10644835
 2.05000000  1.25000000 -0.32700630
 2.05000000  1.30000000 -0.59305063
 2.05000000  1.35000000 -0.85424422
 2.05000000  1.40000000 -1.06575395
 2.05000000  1.45000000 -1.17378102
 2.05000000  1.50000000 -1.17341220
 2.05000000  1.55000000 -1.04002365
 2.05000000  1.60000000 -0.81718728
 2.05000000  1.65000000 -0.51732123
 2.05000000  1.70000000 -0.18126813
 2.05000000  1.75000000  0.16691119
 2.05000000  1.80000000  0.48894472
 2.05000000  1.85000000  0.75183044
 2.05000000  1.90000000  0.92859829
 2.05000000  1.95000000  0.99409226
 2.05000000  2.00000000  0.95320988
 2.05000000  2.05000000  0.82068914
 2.05000000  2.10000000  0.62564961
 2.05000000  2.15000000  0.40387894
 2.05000000  2.20000000  0.20958565
 2.10000000 -0.25000000 -0.78564819
 2.10000000 -0.20000000 -0.39169191
 2.10000000 -0.15000000  0.03795256
 2.10000000 -0.10000000  0.48144395
 2.10000000 -0.05000000  0.90088755
 2.10000000  0.00000000  1.26755313
 2.10000000  0.05000000  1.55251359
 2.10000000  0.10000000  1.72389375
 2.10000000  0.15000000  1.77408446
 2.10000000  0.20000000  1.68910684
 2.10000000  0.25000000  1.49982496
 2.10000000  0.30000000  1.22648092
 2.10000000  0.35000000  0.89801354
 2.10000000  0.40000000  0.52783561
 2.10000000  0.45000000  0.15902900
 2.10000000  0.50000000 -0.21879015
 2.10000000  0.55000000 -0.52761065
 2.10000000  0.60000000 -0.78962406
 2.10000000  0.65000000 -0.94524950
 2.10000000  0.70000000 -0.99295479
 2.10000000  0.75000000 -0.92932898
 2.10000000  0.80000000 -0.78690196
 2.10000000  0.85000000 -0.59352487
 2.10000000  0.90000000 -0.39072748
 2.10000000  0.95000000 -0.22075248
 2.10000000  1.00000000 -0.10369700
 2.10000000  1.05000000 -0.04342591
 2.10000000  1.10000000 -0.05330335
 2.10000000  1.15000000 -0.12601791
 2.10000000  1.20000000 -0.26787163
 2.10000000  1.25000000 -0.48303012
 2.10000000  1.30000000 -0.73305604
 2.10000000  1.35000000 -0.98146654
 2.10000000  1.40000000 -1.17944975
 2.10000000  1.45000000 -1.27948742
 2.10000000  1.50000000 -1.27027492
 2.10000000  1.55000000 -1.14446596
 2.10000000  1.60000000 -0.91446834
 2.10000000  1.65000000 -0.62112445
 2.10000000  1.70000000 -0.27127928
 2.10000000  1.75000000  0.08401277
 2.10000000  1.80000000  0.42766351
 2.10000000  1.85000000  0.72410121
 2.10000000  1.90000000  0.93621987
 2.10000000  1.95000000  1.05984863
 2.10000000  2.00000000  1.06214329
 2.10000000  2.05000000  0.95519409
 2.10000000  2.10000000  0.77289157
 2.10000000  2.15000000  0.55865569
 2.10000000  2.20000000  0.33058592
 2.15000000 -0.25000000 -0.65288514
 2.15000000 -0.20000000 -0.22626371
 2.15000000 -0.15000000  0.25679436
 2.15000000 -0.10000000  0.74753639
 2.15000000 -0.05000000  1.22702172
 2.15000000  0.00000000  1.65534639
 2.15000000  0.05000000  1.99830963
 2.15000000  0.10000000  2.22570348
 2.15000000  0.15000000  2.32083402
 2.15000000  0.20000000  2.26490993
 2.15000000  0.25000000  2.07858858
 2.15000000  0.30000000  1.77613548
 2.15000000  0.35000000  1.41036760
 2.15000000  0.40000000  0.99166017
 2.15000000  0.45000000  0.55459662
 2.15000000  0.50000000  0.14720217
 2.15000000  0.55000000 -0.21703847
 2.15000000  0.60000000 -0.50529761
 2.15000000  0.65000000 -0.70083667
 2.15000000  0.70000000 -0.78922178
 2.15000000  0.75000000 -0.75930056
 2.15000000  0.80000000 -0.66799007
 2.15000000  0.85000000 -0.52842103
 2.15000000  0.90000000 -0.37543057
 2.15000000  0.95000000 -0.24307302
 2.15000000  1.00000000 -0.16572709
 2.15000000  1.05000000 -0.12161821
 2.15000000  1.10000000 -0.15182402
 2.15000000  1.15000000 -0.22707897
 2.15000000  1.20000000 -0.36661679
 2.15000000  1.25000000 -0.56825025
 2.15000000  1.30000000 -0.79901460
 2.15000000  1.35000000 -1.03412872
 2.15000000  1.40000000 -1.24107394
 2.15000000  1.45000000 -1.35827301
 2.15000000  1.50000000 -1.37692862
 2.15000000  1.55000000 -1.27932598
 2.15000000  1.60000000 -1.08090150
 2.15000000  1.65000000 -0.81332842
 2.15000000  1.70000000 -0.48476200
 2.15000000  1.75000000 -0.13581113
 2.15000000  1.80000000  0.23441552
 2.15000000  1.85000000  0.57733310
 2.15000000  1.90000000  0.86987649
 2.15000000  1.95000000  1.05030639
 2.15000000  2.00000000  1.12094892
 2.15000000  2.05000000  1.07221576
 2.15000000  2.10000000  0.91590114
 2.15000000  2.15000000  0.70292863
 2.15000000  2.20000000  0.45337756
 2.20000000 -0.25000000 -0.55590100
 2.20000000 -0.20000000 -0.07645907
 2.20000000 -0.15000000  0.45519313
 2.20000000 -0.10000000  1.00147894
 2.20000000 -0.05000000  1.52856875
 2.20000000  0.00000000  2.01009973
 2.20000000  0.05000000  2.40935756
 2.20000000  0.10000000  2.67177104
 2.20000000  0.15000000  2.79154076
 2.20000000  0.20000000  2.74985397
 2.20000000  0.25000000  2.56011054
 2.20000000  0.30000000  2.24655789
 2.20000000  0.35000000  1.83146480
 2.20000000  0.40000000  1.37256419
 2.20000000  0.45000000  0.90429486
 2.20000000  0.50000000  0.46709496
 2.20000000  0.55000000  0.08430279
 2.20000000  0.60000000 -0.21425281
 2.20000000  0.65000000 -0.41110019
 2.20000000  0.70000000 -0.51515881
 2.20000000  0.75000000 -0.51951074
 2.20000000  0.80000000 -0.46616925
 2.20000000  0.85000000 -0.36631122
 2.20000000  0.90000000 -0.26015894
 2.20000000  0.95000000 -0.17316997
 2.20000000  1.00000000 -0.12571501
 2.20000000  1.05000000 -0.12805870
 2.20000000  1.10000000 -0.16411246
 2.20000000  1.15000000 -0.25133919
 2.20000000  1.20000000 -0.38564992
 2.20000000  1.25000000 -0.57306473
 2.20000000  1.30000000 -0.79993517
 2.20000000  1.35000000 -1.03632539
 2.20000000  1.40000000 -1.25606938
 2.20000000  1.45000000 -1.40865984
 2.20000000  1.50000000 -1.47484585
 2.20000000  1.55000000 -1.44552927
 2.20000000  1.60000000 -1.31340097
 2.20000000  1.65000000 -1.09822712
 2.20000000  1.70000000 -0.81093494
 2.20000000  1.75000000 -0.46218660
 2.20000000  1.80000000 -0.07562492
 2.20000000  1.85000000  0.32847435
 2.20000000  1.90000000  0.69012388
 2.20000000  1.95000000  0.96527822
 2.20000000  2.00000000  1.13680885
 2.20000000  2.05000000  1.15910698
 2.20000000  2.10000000  1.04881375
 2.20000000  2.15000000  0.83973363
 2.20000000  2.20000000  0.55001202
