LP
[-0.60539294963690371, -1.2828234536794112, -1.8882164033163149, -2.5656469073588224, -3.1710398569957263]
myqEI
[-0.60539294963690371, -0.25908741149667724, -0.70121289911415641, -0.95246623003296049, -0.58935325046385079]
PE
[-0.60539294963690371, -0.25908741149667724, -0.18217573188062808, -0.067286234256260125, 3.4054406861983946]
BUCB
[1.1362831089673417, 3.0769407369576247, 7.3809324850497156, 14.822136447494698, 23.331832863691737]
MLE H=4
[-0.60539294963690371, -1.2828234536794112, -0.14654034471206945, 6.0082113111494779, 14.517907727346515]
H=1
[1.1362831089673417, 7.2910347648288889, 15.800731181025927, 24.277751215967893, 32.787447632164927]
H=2
[-0.76961733396100729, -1.4009456068655788, -1.8923185094402215, -2.0573998608408095, 1.323018147836561]
H=3
[-0.60539294963690371, -0.25908741149667724, -0.18217573188062808, -0.067286234256260125, 3.4054406861983946]
LP
[-0.60539294963690371, -1.2828234536794112, -1.8882164033163149, -2.5656469073588224, -3.1710398569957263]
myqEI
[-0.76961733396100729, -0.7908941188000056, -1.2330196064174848, -1.4842729373362888, 0.84469902834473265]
PE
[-0.76961733396100729, -0.7908941188000056, -0.65511066797622042, -0.23132847484809949, 3.241398445606555]
BUCB
[1.1362831089673417, 3.7117352625641926, 7.6492641380067532, 14.747142042407715, 23.256838458604754]
MLE H=4
[-0.60539294963690371, -1.2828234536794112, -0.14654034471206945, 6.0082113111494779, 14.517907727346515]
H=1
[1.1362831089673417, 7.2910347648288889, 15.800731181025927, 24.277751215967893, 32.787447632164927]
H=2
[-0.76961733396100729, -1.4009456068655788, -1.8923185094402215, -2.0573998608408095, 1.323018147836561]
H=3
[-0.60539294963690371, -0.25908741149667724, -0.18217573188062808, -0.067286234256260125, 3.4054406861983946]
LP
[-0.60539294963690371, -1.2828234536794112, -1.8882164033163149, -2.5656469073588224, -3.1710398569957263]
myqEI
[-0.60539294963690371, -0.18161075650878278, 3.2911161639458717, 7.9477475078037285, 13.399678976999898]
PE
[1.1362831089673417, 3.0769407369576247, 7.3809324850497156, 14.822136447494698, 23.331832863691737]
BUCB
[-0.60539294963690371, -0.55253783815631685, 2.8278801705210537, 7.4845115143789105, 12.936442983575079]
MLE H=4
[-0.60539294963690371, -1.2828234536794112, -0.14654034471206945, 6.0082113111494779, 14.517907727346515]
H=1
[1.1362831089673417, 7.2910347648288889, 15.800731181025927, 24.277751215967893, 32.787447632164927]
H=2
[-0.76961733396100729, -1.4009456068655788, -1.8923185094402215, -2.0573998608408095, 1.323018147836561]
H=3
[-0.60539294963690371, -0.25908741149667724, -0.18217573188062808, -0.067286234256260125, 3.4054406861983946]
