Physical State
[[ 1.    0.85]
 [ 1.    0.9 ]
 [ 1.    0.95]
 [ 1.    1.  ]]
Locations
[[ 1.    1.  ]
 [ 1.    0.95]
 [ 1.    0.9 ]
 [ 1.    0.85]
 [ 1.    0.8 ]
 [ 1.    0.85]
 [ 1.    0.9 ]
 [ 1.    0.95]
 [ 1.    1.  ]
 [ 1.    0.95]
 [ 1.    0.9 ]
 [ 1.    0.85]
 [ 1.    0.8 ]
 [ 1.    0.85]
 [ 1.    0.9 ]
 [ 1.    0.95]
 [ 1.    1.  ]]
Measurements
[ 0.13392757  0.09314915  0.09312871  0.1408505   0.20596513  0.1408505
  0.09312871  0.09314915  0.13392757  0.09314915  0.09312871  0.1408505
  0.20596513  0.1408505   0.09312871  0.09314915  0.13392757]
Total accumulated reward = 1.98829884341
Nodes expanded = -1.0