-0.25000000 -0.25000000 -0.15150417
-0.25000000 -0.20000000 -0.14617778
-0.25000000 -0.15000000 -0.13970624
-0.25000000 -0.10000000 -0.14795131
-0.25000000 -0.05000000 -0.18975468
-0.25000000  0.00000000 -0.28555960
-0.25000000  0.05000000 -0.44380940
-0.25000000  0.10000000 -0.66596965
-0.25000000  0.15000000 -0.91919450
-0.25000000  0.20000000 -1.16153429
-0.25000000  0.25000000 -1.34356682
-0.25000000  0.30000000 -1.41569365
-0.25000000  0.35000000 -1.34151659
-0.25000000  0.40000000 -1.13410920
-0.25000000  0.45000000 -0.80091926
-0.25000000  0.50000000 -0.37296594
-0.25000000  0.55000000  0.10859501
-0.25000000  0.60000000  0.60851502
-0.25000000  0.65000000  1.07591125
-0.25000000  0.70000000  1.46759556
-0.25000000  0.75000000  1.76823558
-0.25000000  0.80000000  1.95906731
-0.25000000  0.85000000  2.05298630
-0.25000000  0.90000000  2.07302129
-0.25000000  0.95000000  2.01964169
-0.25000000  1.00000000  1.94498998
-0.25000000  1.05000000  1.85257290
-0.25000000  1.10000000  1.73934310
-0.25000000  1.15000000  1.62050475
-0.25000000  1.20000000  1.48777857
-0.25000000  1.25000000  1.32349701
-0.25000000  1.30000000  1.11025772
-0.25000000  1.35000000  0.85348826
-0.25000000  1.40000000  0.56206282
-0.25000000  1.45000000  0.23707699
-0.25000000  1.50000000 -0.06373973
-0.25000000  1.55000000 -0.30528718
-0.25000000  1.60000000 -0.46619536
-0.25000000  1.65000000 -0.49626849
-0.25000000  1.70000000 -0.38864783
-0.25000000  1.75000000 -0.14412772
-0.25000000  1.80000000  0.20393248
-0.25000000  1.85000000  0.63046079
-0.25000000  1.90000000  1.08809956
-0.25000000  1.95000000  1.51094095
-0.25000000  2.00000000  1.84792105
-0.25000000  2.05000000  2.04019926
-0.25000000  2.10000000  2.05447765
-0.25000000  2.15000000  1.86115436
-0.25000000  2.20000000  1.49101287
-0.20000000 -0.25000000 -0.20977824
-0.20000000 -0.20000000 -0.21176763
-0.20000000 -0.15000000 -0.20158553
-0.20000000 -0.10000000 -0.19759134
-0.20000000 -0.05000000 -0.22104964
-0.20000000  0.00000000 -0.30049697
-0.20000000  0.05000000 -0.42907678
-0.20000000  0.10000000 -0.63353423
-0.20000000  0.15000000 -0.87408870
-0.20000000  0.20000000 -1.10471935
-0.20000000  0.25000000 -1.28588736
-0.20000000  0.30000000 -1.36757553
-0.20000000  0.35000000 -1.32073759
-0.20000000  0.40000000 -1.14323813
-0.20000000  0.45000000 -0.84511706
-0.20000000  0.50000000 -0.45764158
-0.20000000  0.55000000  0.00324847
-0.20000000  0.60000000  0.47219863
-0.20000000  0.65000000  0.90293505
-0.20000000  0.70000000  1.28215274
-0.20000000  0.75000000  1.55506791
-0.20000000  0.80000000  1.72510946
-0.20000000  0.85000000  1.79027473
-0.20000000  0.90000000  1.79602871
-0.20000000  0.95000000  1.75262317
-0.20000000  1.00000000  1.69779817
-0.20000000  1.05000000  1.63772934
-0.20000000  1.10000000  1.57599489
-0.20000000  1.15000000  1.50430266
-0.20000000  1.20000000  1.40910467
-0.20000000  1.25000000  1.26270135
-0.20000000  1.30000000  1.07150256
-0.20000000  1.35000000  0.82014979
-0.20000000  1.40000000  0.52473663
-0.20000000  1.45000000  0.21297478
-0.20000000  1.50000000 -0.06648778
-0.20000000  1.55000000 -0.27778825
-0.20000000  1.60000000 -0.38971467
-0.20000000  1.65000000 -0.37551085
-0.20000000  1.70000000 -0.25410454
-0.20000000  1.75000000 -0.01927210
-0.20000000  1.80000000  0.29165336
-0.20000000  1.85000000  0.63400490
-0.20000000  1.90000000  1.00708045
-0.20000000  1.95000000  1.35869863
-0.20000000  2.00000000  1.63528365
-0.20000000  2.05000000  1.81418901
-0.20000000  2.10000000  1.85803296
-0.20000000  2.15000000  1.72712823
-0.20000000  2.20000000  1.44246896
-0.15000000 -0.25000000 -0.20197570
-0.15000000 -0.20000000 -0.20167567
-0.15000000 -0.15000000 -0.18302180
-0.15000000 -0.10000000 -0.15838222
-0.15000000 -0.05000000 -0.14884187
-0.15000000  0.00000000 -0.19619976
-0.15000000  0.05000000 -0.30467235
-0.15000000  0.10000000 -0.47734317
-0.15000000  0.15000000 -0.69433652
-0.15000000  0.20000000 -0.91995817
-0.15000000  0.25000000 -1.11318710
-0.15000000  0.30000000 -1.21221264
-0.15000000  0.35000000 -1.20266306
-0.15000000  0.40000000 -1.09319287
-0.15000000  0.45000000 -0.85407901
-0.15000000  0.50000000 -0.52833487
-0.15000000  0.55000000 -0.13529036
-0.15000000  0.60000000  0.28349964
-0.15000000  0.65000000  0.67709074
-0.15000000  0.70000000  1.01046424
-0.15000000  0.75000000  1.24741457
-0.15000000  0.80000000  1.39046318
-0.15000000  0.85000000  1.44634931
-0.15000000  0.90000000  1.44375275
-0.15000000  0.95000000  1.41299645
-0.15000000  1.00000000  1.38830263
-0.15000000  1.05000000  1.37620414
-0.15000000  1.10000000  1.36635377
-0.15000000  1.15000000  1.35156963
-0.15000000  1.20000000  1.30549973
-0.15000000  1.25000000  1.19252068
-0.15000000  1.30000000  1.00539402
-0.15000000  1.35000000  0.76153316
-0.15000000  1.40000000  0.46505413
-0.15000000  1.45000000  0.16568550
-0.15000000  1.50000000 -0.09027194
-0.15000000  1.55000000 -0.26839585
-0.15000000  1.60000000 -0.33563194
-0.15000000  1.65000000 -0.27602682
-0.15000000  1.70000000 -0.13353876
-0.15000000  1.75000000  0.08941289
-0.15000000  1.80000000  0.35307722
-0.15000000  1.85000000  0.64704614
-0.15000000  1.90000000  0.94081974
-0.15000000  1.95000000  1.22120004
-0.15000000  2.00000000  1.46951533
-0.15000000  2.05000000  1.65927966
-0.15000000  2.10000000  1.72696141
-0.15000000  2.15000000  1.68096693
-0.15000000  2.20000000  1.49256672
-0.10000000 -0.25000000 -0.17358163
-0.10000000 -0.20000000 -0.16125553
-0.10000000 -0.15000000 -0.11484183
-0.10000000 -0.10000000 -0.06745709
-0.10000000 -0.05000000 -0.01965325
-0.10000000  0.00000000 -0.02826860
-0.10000000  0.05000000 -0.08827247
-0.10000000  0.10000000 -0.22020351
-0.10000000  0.15000000 -0.41425921
-0.10000000  0.20000000 -0.62273321
-0.10000000  0.25000000 -0.81916133
-0.10000000  0.30000000 -0.96381188
-0.10000000  0.35000000 -1.01134263
-0.10000000  0.40000000 -0.97132075
-0.10000000  0.45000000 -0.82481393
-0.10000000  0.50000000 -0.59196137
-0.10000000  0.55000000 -0.29125804
-0.10000000  0.60000000  0.04822661
-0.10000000  0.65000000  0.38198438
-0.10000000  0.70000000  0.67036839
-0.10000000  0.75000000  0.87274701
-0.10000000  0.80000000  0.98859357
-0.10000000  0.85000000  1.03003070
-0.10000000  0.90000000  1.03215830
-0.10000000  0.95000000  1.02048708
-0.10000000  1.00000000  1.03099805
-0.10000000  1.05000000  1.07428744
-0.10000000  1.10000000  1.11897576
-0.10000000  1.15000000  1.16314889
-0.10000000  1.20000000  1.16394983
-0.10000000  1.25000000  1.07935168
-0.10000000  1.30000000  0.90307255
-0.10000000  1.35000000  0.66414827
-0.10000000  1.40000000  0.36461280
-0.10000000  1.45000000  0.08224636
-0.10000000  1.50000000 -0.15143890
-0.10000000  1.55000000 -0.28859826
-0.10000000  1.60000000 -0.30403457
-0.10000000  1.65000000 -0.21949013
-0.10000000  1.70000000 -0.04780614
-0.10000000  1.75000000  0.16562347
-0.10000000  1.80000000  0.39118532
-0.10000000  1.85000000  0.62295701
-0.10000000  1.90000000  0.86312768
-0.10000000  1.95000000  1.10100384
-0.10000000  2.00000000  1.34376312
-0.10000000  2.05000000  1.54721974
-0.10000000  2.10000000  1.68619104
-0.10000000  2.15000000  1.71664003
-0.10000000  2.20000000  1.62941552
-0.05000000 -0.25000000 -0.18865991
-0.05000000 -0.20000000 -0.14890254
-0.05000000 -0.15000000 -0.07476870
-0.05000000 -0.10000000  0.02846976
-0.05000000 -0.05000000  0.11696577
-0.05000000  0.00000000  0.16862649
-0.05000000  0.05000000  0.15224536
-0.05000000  0.10000000  0.07205376
-0.05000000  0.15000000 -0.09685806
-0.05000000  0.20000000 -0.28233570
-0.05000000  0.25000000 -0.48707466
-0.05000000  0.30000000 -0.65756450
-0.05000000  0.35000000 -0.77430854
-0.05000000  0.40000000 -0.81402904
-0.05000000  0.45000000 -0.76972366
-0.05000000  0.50000000 -0.64225922
-0.05000000  0.55000000 -0.44026717
-0.05000000  0.60000000 -0.19139552
-0.05000000  0.65000000  0.06368303
-0.05000000  0.70000000  0.28757197
-0.05000000  0.75000000  0.45287167
-0.05000000  0.80000000  0.55006594
-0.05000000  0.85000000  0.58817629
-0.05000000  0.90000000  0.59832304
-0.05000000  0.95000000  0.61979531
-0.05000000  1.00000000  0.66625743
-0.05000000  1.05000000  0.76403657
-0.05000000  1.10000000  0.87478542
-0.05000000  1.15000000  0.96068103
-0.05000000  1.20000000  0.98627040
-0.05000000  1.25000000  0.92525377
-0.05000000  1.30000000  0.76784176
-0.05000000  1.35000000  0.52202765
-0.05000000  1.40000000  0.24006053
-0.05000000  1.45000000 -0.03291264
-0.05000000  1.50000000 -0.23770211
-0.05000000  1.55000000 -0.34056569
-0.05000000  1.60000000 -0.31228263
-0.05000000  1.65000000 -0.20743339
-0.05000000  1.70000000 -0.02785517
-0.05000000  1.75000000  0.17019510
-0.05000000  1.80000000  0.36694350
-0.05000000  1.85000000  0.55553091
-0.05000000  1.90000000  0.74997559
-0.05000000  1.95000000  0.97601427
-0.05000000  2.00000000  1.22470276
-0.05000000  2.05000000  1.47475654
-0.05000000  2.10000000  1.69026985
-0.05000000  2.15000000  1.81560513
-0.05000000  2.20000000  1.81559374
 0.00000000 -0.25000000 -0.28073343
 0.00000000 -0.20000000 -0.19945898
 0.00000000 -0.15000000 -0.07673543
 0.00000000 -0.10000000  0.06183520
 0.00000000 -0.05000000  0.20947283
 0.00000000  0.00000000  0.30801953
 0.00000000  0.05000000  0.35536978
 0.00000000  0.10000000  0.31382032
 0.00000000  0.15000000  0.19895133
 0.00000000  0.20000000  0.03974527
 0.00000000  0.25000000 -0.16191004
 0.00000000  0.30000000 -0.35504208
 0.00000000  0.35000000 -0.52793025
 0.00000000  0.40000000 -0.64157818
 0.00000000  0.45000000 -0.68936191
 0.00000000  0.50000000 -0.66818352
 0.00000000  0.55000000 -0.56840274
 0.00000000  0.60000000 -0.42894289
 0.00000000  0.65000000 -0.25337800
 0.00000000  0.70000000 -0.09137019
 0.00000000  0.75000000  0.03473197
 0.00000000  0.80000000  0.10899680
 0.00000000  0.85000000  0.15490393
 0.00000000  0.90000000  0.18187514
 0.00000000  0.95000000  0.23867628
 0.00000000  1.00000000  0.33092478
 0.00000000  1.05000000  0.47205479
 0.00000000  1.10000000  0.61548401
 0.00000000  1.15000000  0.74328234
 0.00000000  1.20000000  0.79550123
 0.00000000  1.25000000  0.75119281
 0.00000000  1.30000000  0.60339908
 0.00000000  1.35000000  0.36667007
 0.00000000  1.40000000  0.09428991
 0.00000000  1.45000000 -0.15489405
 0.00000000  1.50000000 -0.32858037
 0.00000000  1.55000000 -0.39891008
 0.00000000  1.60000000 -0.36373362
 0.00000000  1.65000000 -0.23918666
 0.00000000  1.70000000 -0.07807656
 0.00000000  1.75000000  0.09157696
 0.00000000  1.80000000  0.25329949
 0.00000000  1.85000000  0.41535616
 0.00000000  1.90000000  0.60419389
 0.00000000  1.95000000  0.83032948
 0.00000000  2.00000000  1.10534103
 0.00000000  2.05000000  1.41858888
 0.00000000  2.10000000  1.71650793
 0.00000000  2.15000000  1.93563360
 0.00000000  2.20000000  2.02565201
 0.05000000 -0.25000000 -0.45840327
 0.05000000 -0.20000000 -0.34234994
 0.05000000 -0.15000000 -0.17409383
 0.05000000 -0.10000000  0.02459582
 0.05000000 -0.05000000  0.21751039
 0.05000000  0.00000000  0.37436667
 0.05000000  0.05000000  0.46628067
 0.05000000  0.10000000  0.47772272
 0.05000000  0.15000000  0.41555235
 0.05000000  0.20000000  0.27286637
 0.05000000  0.25000000  0.09189051
 0.05000000  0.30000000 -0.11100571
 0.05000000  0.35000000 -0.31088036
 0.05000000  0.40000000 -0.48411499
 0.05000000  0.45000000 -0.59736602
 0.05000000  0.50000000 -0.66737012
 0.05000000  0.55000000 -0.66401969
 0.05000000  0.60000000 -0.60886674
 0.05000000  0.65000000 -0.52109254
 0.05000000  0.70000000 -0.42135530
 0.05000000  0.75000000 -0.34506948
 0.05000000  0.80000000 -0.28832992
 0.05000000  0.85000000 -0.24370774
 0.05000000  0.90000000 -0.18922740
 0.05000000  0.95000000 -0.09985462
 0.05000000  1.00000000  0.03380782
 0.05000000  1.05000000  0.20565898
 0.05000000  1.10000000  0.38297916
 0.05000000  1.15000000  0.52915308
 0.05000000  1.20000000  0.59762999
 0.05000000  1.25000000  0.56998095
 0.05000000  1.30000000  0.43352969
 0.05000000  1.35000000  0.21611734
 0.05000000  1.40000000 -0.02867094
 0.05000000  1.45000000 -0.25313281
 0.05000000  1.50000000 -0.40830536
 0.05000000  1.55000000 -0.45821734
 0.05000000  1.60000000 -0.42343673
 0.05000000  1.65000000 -0.31712221
 0.05000000  1.70000000 -0.17819854
 0.05000000  1.75000000 -0.04971530
 0.05000000  1.80000000  0.07635548
 0.05000000  1.85000000  0.21497690
 0.05000000  1.90000000  0.39397413
 0.05000000  1.95000000  0.64489960
 0.05000000  2.00000000  0.97621680
 0.05000000  2.05000000  1.36022037
 0.05000000  2.10000000  1.74033288
 0.05000000  2.15000000  2.05340235
 0.05000000  2.20000000  2.21270137
 0.10000000 -0.25000000 -0.71707792
 0.10000000 -0.20000000 -0.55326932
 0.10000000 -0.15000000 -0.34144838
 0.10000000 -0.10000000 -0.08914490
 0.10000000 -0.05000000  0.15187645
 0.10000000  0.00000000  0.35252501
 0.10000000  0.05000000  0.48992792
 0.10000000  0.10000000  0.53907630
 0.10000000  0.15000000  0.51307106
 0.10000000  0.20000000  0.41209348
 0.10000000  0.25000000  0.25389249
 0.10000000  0.30000000  0.06042481
 0.10000000  0.35000000 -0.15235505
 0.10000000  0.40000000 -0.33532281
 0.10000000  0.45000000 -0.50034457
 0.10000000  0.50000000 -0.62625496
 0.10000000  0.55000000 -0.69130226
 0.10000000  0.60000000 -0.71346420
 0.10000000  0.65000000 -0.69025730
 0.10000000  0.70000000 -0.66087686
 0.10000000  0.75000000 -0.62648618
 0.10000000  0.80000000 -0.59392129
 0.10000000  0.85000000 -0.55346032
 0.10000000  0.90000000 -0.48039493
 0.10000000  0.95000000 -0.36704083
 0.10000000  1.00000000 -0.20799724
 0.10000000  1.05000000 -0.01443910
 0.10000000  1.10000000  0.17950392
 0.10000000  1.15000000  0.33962844
 0.10000000  1.20000000  0.41290468
 0.10000000  1.25000000  0.39921523
 0.10000000  1.30000000  0.28409730
 0.10000000  1.35000000  0.09600860
 0.10000000  1.40000000 -0.11917679
 0.10000000  1.45000000 -0.31704040
 0.10000000  1.50000000 -0.45840188
 0.10000000  1.55000000 -0.50973060
 0.10000000  1.60000000 -0.48787607
 0.10000000  1.65000000 -0.42455762
 0.10000000  1.70000000 -0.33406017
 0.10000000  1.75000000 -0.25039437
 0.10000000  1.80000000 -0.16389820
 0.10000000  1.85000000 -0.04784183
 0.10000000  1.90000000  0.14021363
 0.10000000  1.95000000  0.42987123
 0.10000000  2.00000000  0.81692870
 0.10000000  2.05000000  1.28348770
 0.10000000  2.10000000  1.74960335
 0.10000000  2.15000000  2.14039624
 0.10000000  2.20000000  2.37343815
 0.15000000 -0.25000000 -1.01842205
 0.15000000 -0.20000000 -0.79973165
 0.15000000 -0.15000000 -0.53413318
 0.15000000 -0.10000000 -0.22915290
 0.15000000 -0.05000000  0.05255869
 0.15000000  0.00000000  0.28007441
 0.15000000  0.05000000  0.44277116
 0.15000000  0.10000000  0.51958906
 0.15000000  0.15000000  0.52389003
 0.15000000  0.20000000  0.45178608
 0.15000000  0.25000000  0.31595039
 0.15000000  0.30000000  0.14500948
 0.15000000  0.35000000 -0.04219344
 0.15000000  0.40000000 -0.22110252
 0.15000000  0.45000000 -0.40362165
 0.15000000  0.50000000 -0.54248425
 0.15000000  0.55000000 -0.64992700
 0.15000000  0.60000000 -0.71808938
 0.15000000  0.65000000 -0.76409210
 0.15000000  0.70000000 -0.79188037
 0.15000000  0.75000000 -0.79061639
 0.15000000  0.80000000 -0.77822256
 0.15000000  0.85000000 -0.73980755
 0.15000000  0.90000000 -0.66564296
 0.15000000  0.95000000 -0.54475811
 0.15000000  1.00000000 -0.38071504
 0.15000000  1.05000000 -0.18048402
 0.15000000  1.10000000  0.01254876
 0.15000000  1.15000000  0.17201535
 0.15000000  1.20000000  0.25957769
 0.15000000  1.25000000  0.25562167
 0.15000000  1.30000000  0.16558749
 0.15000000  1.35000000  0.02217758
 0.15000000  1.40000000 -0.16347760
 0.15000000  1.45000000 -0.33238538
 0.15000000  1.50000000 -0.46168215
 0.15000000  1.55000000 -0.53873279
 0.15000000  1.60000000 -0.55571304
 0.15000000  1.65000000 -0.54450995
 0.15000000  1.70000000 -0.51202592
 0.15000000  1.75000000 -0.48303270
 0.15000000  1.80000000 -0.42528153
 0.15000000  1.85000000 -0.31627918
 0.15000000  1.90000000 -0.11923717
 0.15000000  1.95000000  0.21120027
 0.15000000  2.00000000  0.65599530
 0.15000000  2.05000000  1.18278842
 0.15000000  2.10000000  1.71967995
 0.15000000  2.15000000  2.16922119
 0.15000000  2.20000000  2.46031417
 0.20000000 -0.25000000 -1.29054227
 0.20000000 -0.20000000 -1.02614885
 0.20000000 -0.15000000 -0.69823048
 0.20000000 -0.10000000 -0.35571156
 0.20000000 -0.05000000 -0.05405412
 0.20000000  0.00000000  0.20009047
 0.20000000  0.05000000  0.36609379
 0.20000000  0.10000000  0.45981694
 0.20000000  0.15000000  0.46489783
 0.20000000  0.20000000  0.40165386
 0.20000000  0.25000000  0.29700974
 0.20000000  0.30000000  0.16503247
 0.20000000  0.35000000  0.00764554
 0.20000000  0.40000000 -0.15130877
 0.20000000  0.45000000 -0.30138186
 0.20000000  0.50000000 -0.43154973
 0.20000000  0.55000000 -0.54012128
 0.20000000  0.60000000 -0.63565266
 0.20000000  0.65000000 -0.70236909
 0.20000000  0.70000000 -0.76182837
 0.20000000  0.75000000 -0.79830756
 0.20000000  0.80000000 -0.81441376
 0.20000000  0.85000000 -0.79443384
 0.20000000  0.90000000 -0.73216444
 0.20000000  0.95000000 -0.61119832
 0.20000000  1.00000000 -0.46637881
 0.20000000  1.05000000 -0.28195898
 0.20000000  1.10000000 -0.10828334
 0.20000000  1.15000000  0.02964881
 0.20000000  1.20000000  0.12176955
 0.20000000  1.25000000  0.13243470
 0.20000000  1.30000000  0.09378583
 0.20000000  1.35000000 -0.02333293
 0.20000000  1.40000000 -0.16382149
 0.20000000  1.45000000 -0.31349918
 0.20000000  1.50000000 -0.43972560
 0.20000000  1.55000000 -0.54552593
 0.20000000  1.60000000 -0.61488415
 0.20000000  1.65000000 -0.65874023
 0.20000000  1.70000000 -0.68712200
 0.20000000  1.75000000 -0.69883057
 0.20000000  1.80000000 -0.67367279
 0.20000000  1.85000000 -0.56576468
 0.20000000  1.90000000 -0.35175547
 0.20000000  1.95000000  0.01082280
 0.20000000  2.00000000  0.49618994
 0.20000000  2.05000000  1.06698737
 0.20000000  2.10000000  1.64354369
 0.20000000  2.15000000  2.13999433
 0.20000000  2.20000000  2.45511935
 0.25000000 -0.25000000 -1.49016437
 0.25000000 -0.20000000 -1.17293044
 0.25000000 -0.15000000 -0.80373175
 0.25000000 -0.10000000 -0.42692855
 0.25000000 -0.05000000 -0.09861250
 0.25000000  0.00000000  0.15361316
 0.25000000  0.05000000  0.31775567
 0.25000000  0.10000000  0.39230316
 0.25000000  0.15000000  0.39457601
 0.25000000  0.20000000  0.33958858
 0.25000000  0.25000000  0.24480933
 0.25000000  0.30000000  0.13655605
 0.25000000  0.35000000  0.01545311
 0.25000000  0.40000000 -0.09679618
 0.25000000  0.45000000 -0.19452594
 0.25000000  0.50000000 -0.29101129
 0.25000000  0.55000000 -0.38195678
 0.25000000  0.60000000 -0.45610611
 0.25000000  0.65000000 -0.53363683
 0.25000000  0.70000000 -0.61026715
 0.25000000  0.75000000 -0.67155005
 0.25000000  0.80000000 -0.70161473
 0.25000000  0.85000000 -0.70806399
 0.25000000  0.90000000 -0.65520744
 0.25000000  0.95000000 -0.58083586
 0.25000000  1.00000000 -0.46199657
 0.25000000  1.05000000 -0.31674164
 0.25000000  1.10000000 -0.17745951
 0.25000000  1.15000000 -0.05591910
 0.25000000  1.20000000  0.02434467
 0.25000000  1.25000000  0.05620627
 0.25000000  1.30000000  0.04168581
 0.25000000  1.35000000 -0.02922836
 0.25000000  1.40000000 -0.13081400
 0.25000000  1.45000000 -0.26933269
 0.25000000  1.50000000 -0.40680668
 0.25000000  1.55000000 -0.54725665
 0.25000000  1.60000000 -0.66735498
 0.25000000  1.65000000 -0.76232963
 0.25000000  1.70000000 -0.83954159
 0.25000000  1.75000000 -0.87408286
 0.25000000  1.80000000 -0.86160803
 0.25000000  1.85000000 -0.75516359
 0.25000000  1.90000000 -0.52081393
 0.25000000  1.95000000 -0.15032308
 0.25000000  2.00000000  0.35080237
 0.25000000  2.05000000  0.93857903
 0.25000000  2.10000000  1.53673893
 0.25000000  2.15000000  2.04312252
 0.25000000  2.20000000  2.35946724
 0.30000000 -0.25000000 -1.59522440
 0.30000000 -0.20000000 -1.23199650
 0.30000000 -0.15000000 -0.81562793
 0.30000000 -0.10000000 -0.41228781
 0.30000000 -0.05000000 -0.07422995
 0.30000000  0.00000000  0.16901796
 0.30000000  0.05000000  0.31644272
 0.30000000  0.10000000  0.38003575
 0.30000000  0.15000000  0.36172157
 0.30000000  0.20000000  0.28789874
 0.30000000  0.25000000  0.20217878
 0.30000000  0.30000000  0.10403601
 0.30000000  0.35000000  0.01067859
 0.30000000  0.40000000 -0.05723239
 0.30000000  0.45000000 -0.10705538
 0.30000000  0.50000000 -0.15228771
 0.30000000  0.55000000 -0.19659464
 0.30000000  0.60000000 -0.23358247
 0.30000000  0.65000000 -0.28932427
 0.30000000  0.70000000 -0.35567764
 0.30000000  0.75000000 -0.41781626
 0.30000000  0.80000000 -0.47277581
 0.30000000  0.85000000 -0.50019443
 0.30000000  0.90000000 -0.48198000
 0.30000000  0.95000000 -0.44766664
 0.30000000  1.00000000 -0.36569870
 0.30000000  1.05000000 -0.27738365
 0.30000000  1.10000000 -0.18163042
 0.30000000  1.15000000 -0.09279968
 0.30000000  1.20000000 -0.03041713
 0.30000000  1.25000000  0.01320473
 0.30000000  1.30000000  0.02287616
 0.30000000  1.35000000 -0.01704294
 0.30000000  1.40000000 -0.09726877
 0.30000000  1.45000000 -0.22103255
 0.30000000  1.50000000 -0.37437650
 0.30000000  1.55000000 -0.54434921
 0.30000000  1.60000000 -0.69397688
 0.30000000  1.65000000 -0.83162086
 0.30000000  1.70000000 -0.92808501
 0.30000000  1.75000000 -0.97493782
 0.30000000  1.80000000 -0.95553224
 0.30000000  1.85000000 -0.85292677
 0.30000000  1.90000000 -0.61279686
 0.30000000  1.95000000 -0.24855503
 0.30000000  2.00000000  0.24757931
 0.30000000  2.05000000  0.82299472
 0.30000000  2.10000000  1.39322324
 0.30000000  2.15000000  1.86598649
 0.30000000  2.20000000  2.17208548
 0.35000000 -0.25000000 -1.57989582
 0.35000000 -0.20000000 -1.17090586
 0.35000000 -0.15000000 -0.71916900
 0.35000000 -0.10000000 -0.30292288
 0.35000000 -0.05000000  0.03389099
 0.35000000  0.00000000  0.26899070
 0.35000000  0.05000000  0.39533281
 0.35000000  0.10000000  0.42343036
 0.35000000  0.15000000  0.38554711
 0.35000000  0.20000000  0.29802112
 0.35000000  0.25000000  0.18723576
 0.35000000  0.30000000  0.09810030
 0.35000000  0.35000000  0.01173353
 0.35000000  0.40000000 -0.02750848
 0.35000000  0.45000000 -0.04250487
 0.35000000  0.50000000 -0.03593881
 0.35000000  0.55000000 -0.02340216
 0.35000000  0.60000000 -0.01244656
 0.35000000  0.65000000 -0.03073152
 0.35000000  0.70000000 -0.06726954
 0.35000000  0.75000000 -0.12169159
 0.35000000  0.80000000 -0.17507781
 0.35000000  0.85000000 -0.21735596
 0.35000000  0.90000000 -0.23225988
 0.35000000  0.95000000 -0.22407099
 0.35000000  1.00000000 -0.20425567
 0.35000000  1.05000000 -0.16961628
 0.35000000  1.10000000 -0.12263795
 0.35000000  1.15000000 -0.07276145
 0.35000000  1.20000000 -0.03396580
 0.35000000  1.25000000  0.01342430
 0.35000000  1.30000000  0.01837485
 0.35000000  1.35000000  0.00511113
 0.35000000  1.40000000 -0.06908244
 0.35000000  1.45000000 -0.18729893
 0.35000000  1.50000000 -0.35894615
 0.35000000  1.55000000 -0.54444723
 0.35000000  1.60000000 -0.72164557
 0.35000000  1.65000000 -0.86487957
 0.35000000  1.70000000 -0.96030352
 0.35000000  1.75000000 -1.00028580
 0.35000000  1.80000000 -0.95552293
 0.35000000  1.85000000 -0.84557043
 0.35000000  1.90000000 -0.61128831
 0.35000000  1.95000000 -0.26742089
 0.35000000  2.00000000  0.18224103
 0.35000000  2.05000000  0.70389487
 0.35000000  2.10000000  1.21411952
 0.35000000  2.15000000  1.64304049
 0.35000000  2.20000000  1.89905974
 0.40000000 -0.25000000 -1.45566737
 0.40000000 -0.20000000 -1.01607125
 0.40000000 -0.15000000 -0.55179117
 0.40000000 -0.10000000 -0.12719655
 0.40000000 -0.05000000  0.22089186
 0.40000000  0.00000000  0.43728959
 0.40000000  0.05000000  0.54829952
 0.40000000  0.10000000  0.56177677
 0.40000000  0.15000000  0.49750169
 0.40000000  0.20000000  0.37742498
 0.40000000  0.25000000  0.25827046
 0.40000000  0.30000000  0.12999582
 0.40000000  0.35000000  0.05140533
 0.40000000  0.40000000  0.00383887
 0.40000000  0.45000000  0.01057106
 0.40000000  0.50000000  0.03594056
 0.40000000  0.55000000  0.09296670
 0.40000000  0.60000000  0.13798738
 0.40000000  0.65000000  0.17197599
 0.40000000  0.70000000  0.16156014
 0.40000000  0.75000000  0.14709384
 0.40000000  0.80000000  0.11407349
 0.40000000  0.85000000  0.06939988
 0.40000000  0.90000000  0.03196962
 0.40000000  0.95000000  0.00992474
 0.40000000  1.00000000 -0.01020008
 0.40000000  1.05000000 -0.02022936
 0.40000000  1.10000000 -0.02410396
 0.40000000  1.15000000 -0.00795194
 0.40000000  1.20000000  0.01387765
 0.40000000  1.25000000  0.03686093
 0.40000000  1.30000000  0.04629571
 0.40000000  1.35000000  0.02355128
 0.40000000  1.40000000 -0.04372214
 0.40000000  1.45000000 -0.17105481
 0.40000000  1.50000000 -0.35071983
 0.40000000  1.55000000 -0.54417328
 0.40000000  1.60000000 -0.71711090
 0.40000000  1.65000000 -0.85733162
 0.40000000  1.70000000 -0.92493091
 0.40000000  1.75000000 -0.93526857
 0.40000000  1.80000000 -0.87091881
 0.40000000  1.85000000 -0.75105794
 0.40000000  1.90000000 -0.53162480
 0.40000000  1.95000000 -0.23137855
 0.40000000  2.00000000  0.16137130
 0.40000000  2.05000000  0.59723207
 0.40000000  2.10000000  1.02705522
 0.40000000  2.15000000  1.38489443
 0.40000000  2.20000000  1.57925471
 0.45000000 -0.25000000 -1.22943290
 0.45000000 -0.20000000 -0.77698770
 0.45000000 -0.15000000 -0.31077404
 0.45000000 -0.10000000  0.11324661
 0.45000000 -0.05000000  0.45274115
 0.45000000  0.00000000  0.67813716
 0.45000000  0.05000000  0.78036660
 0.45000000  0.10000000  0.77579710
 0.45000000  0.15000000  0.68059020
 0.45000000  0.20000000  0.54607272
 0.45000000  0.25000000  0.38197280
 0.45000000  0.30000000  0.23333428
 0.45000000  0.35000000  0.11557749
 0.45000000  0.40000000  0.05001460
 0.45000000  0.45000000  0.03097619
 0.45000000  0.50000000  0.07160083
 0.45000000  0.55000000  0.13954288
 0.45000000  0.60000000  0.21277572
 0.45000000  0.65000000  0.26889906
 0.45000000  0.70000000  0.30602727
 0.45000000  0.75000000  0.30520470
 0.45000000  0.80000000  0.29380600
 0.45000000  0.85000000  0.26969938
 0.45000000  0.90000000  0.23682095
 0.45000000  0.95000000  0.19718060
 0.45000000  1.00000000  0.16612595
 0.45000000  1.05000000  0.12909507
 0.45000000  1.10000000  0.10346141
 0.45000000  1.15000000  0.08485681
 0.45000000  1.20000000  0.07766582
 0.45000000  1.25000000  0.08996959
 0.45000000  1.30000000  0.08210180
 0.45000000  1.35000000  0.05632798
 0.45000000  1.40000000 -0.02690915
 0.45000000  1.45000000 -0.15660290
 0.45000000  1.50000000 -0.34487381
 0.45000000  1.55000000 -0.52903459
 0.45000000  1.60000000 -0.69156009
 0.45000000  1.65000000 -0.79719436
 0.45000000  1.70000000 -0.83364003
 0.45000000  1.75000000 -0.80355887
 0.45000000  1.80000000 -0.71950617
 0.45000000  1.85000000 -0.57887775
 0.45000000  1.90000000 -0.39688839
 0.45000000  1.95000000 -0.14888395
 0.45000000  2.00000000  0.16372403
 0.45000000  2.05000000  0.51130130
 0.45000000  2.10000000  0.84339695
 0.45000000  2.15000000  1.10731811
 0.45000000  2.20000000  1.24456755
 0.50000000 -0.25000000 -0.93080268
 0.50000000 -0.20000000 -0.48181676
 0.50000000 -0.15000000 -0.02890926
 0.50000000 -0.10000000  0.38856207
 0.50000000 -0.05000000  0.72043563
 0.50000000  0.00000000  0.93873891
 0.50000000  0.05000000  1.04207786
 0.50000000  0.10000000  1.03157458
 0.50000000  0.15000000  0.92819858
 0.50000000  0.20000000  0.77024387
 0.50000000  0.25000000  0.57097666
 0.50000000  0.30000000  0.37382260
 0.50000000  0.35000000  0.20684266
 0.50000000  0.40000000  0.09710436
 0.50000000  0.45000000  0.04683394
 0.50000000  0.50000000  0.05610850
 0.50000000  0.55000000  0.10936167
 0.50000000  0.60000000  0.17424055
 0.50000000  0.65000000  0.24223048
 0.50000000  0.70000000  0.28436978
 0.50000000  0.75000000  0.30323249
 0.50000000  0.80000000  0.32011199
 0.50000000  0.85000000  0.31178883
 0.50000000  0.90000000  0.30085866
 0.50000000  0.95000000  0.28130614
 0.50000000  1.00000000  0.25487951
 0.50000000  1.05000000  0.22383486
 0.50000000  1.10000000  0.18759319
 0.50000000  1.15000000  0.15638614
 0.50000000  1.20000000  0.14812073
 0.50000000  1.25000000  0.13562042
 0.50000000  1.30000000  0.12055229
 0.50000000  1.35000000  0.07838149
 0.50000000  1.40000000 -0.00905396
 0.50000000  1.45000000 -0.13861160
 0.50000000  1.50000000 -0.31272272
 0.50000000  1.55000000 -0.47317726
 0.50000000  1.60000000 -0.61444835
 0.50000000  1.65000000 -0.68914634
 0.50000000  1.70000000 -0.69529540
 0.50000000  1.75000000 -0.63182190
 0.50000000  1.80000000 -0.52586315
 0.50000000  1.85000000 -0.39507078
 0.50000000  1.90000000 -0.23414359
 0.50000000  1.95000000 -0.04234404
 0.50000000  2.00000000  0.18352049
 0.50000000  2.05000000  0.43238751
 0.50000000  2.10000000  0.67183751
 0.50000000  2.15000000  0.84904132
 0.50000000  2.20000000  0.92673098
 0.55000000 -0.25000000 -0.57752191
 0.55000000 -0.20000000 -0.15771724
 0.55000000 -0.15000000  0.27491609
 0.55000000 -0.10000000  0.66429696
 0.55000000 -0.05000000  0.98259079
 0.55000000  0.00000000  1.19671807
 0.55000000  0.05000000  1.30760478
 0.55000000  0.10000000  1.29023482
 0.55000000  0.15000000  1.18480532
 0.55000000  0.20000000  0.99705594
 0.55000000  0.25000000  0.76923257
 0.55000000  0.30000000  0.53335019
 0.55000000  0.35000000  0.31333467
 0.55000000  0.40000000  0.14428241
 0.55000000  0.45000000  0.04146062
 0.55000000  0.50000000  0.00273598
 0.55000000  0.55000000  0.01306266
 0.55000000  0.60000000  0.04260297
 0.55000000  0.65000000  0.08089447
 0.55000000  0.70000000  0.11393860
 0.55000000  0.75000000  0.14244795
 0.55000000  0.80000000  0.15824897
 0.55000000  0.85000000  0.17912779
 0.55000000  0.90000000  0.19524689
 0.55000000  0.95000000  0.20958407
 0.55000000  1.00000000  0.21381739
 0.55000000  1.05000000  0.21854179
 0.55000000  1.10000000  0.20247294
 0.55000000  1.15000000  0.18476904
 0.55000000  1.20000000  0.16313275
 0.55000000  1.25000000  0.14590792
 0.55000000  1.30000000  0.12288245
 0.55000000  1.35000000  0.07772724
 0.55000000  1.40000000 -0.00040697
 0.55000000  1.45000000 -0.10997710
 0.55000000  1.50000000 -0.25486768
 0.55000000  1.55000000 -0.38105823
 0.55000000  1.60000000 -0.48582300
 0.55000000  1.65000000 -0.52482635
 0.55000000  1.70000000 -0.49607581
 0.55000000  1.75000000 -0.41582851
 0.55000000  1.80000000 -0.30677943
 0.55000000  1.85000000 -0.19124726
 0.55000000  1.90000000 -0.06590058
 0.55000000  1.95000000  0.06700911
 0.55000000  2.00000000  0.21837419
 0.55000000  2.05000000  0.38390555
 0.55000000  2.10000000  0.53238804
 0.55000000  2.15000000  0.63915164
 0.55000000  2.20000000  0.66516413
 0.60000000 -0.25000000 -0.21181483
 0.60000000 -0.20000000  0.17483705
 0.60000000 -0.15000000  0.56203486
 0.60000000 -0.10000000  0.91840056
 0.60000000 -0.05000000  1.21402613
 0.60000000  0.00000000  1.41292640
 0.60000000  0.05000000  1.51366849
 0.60000000  0.10000000  1.50072049
 0.60000000  0.15000000  1.38023149
 0.60000000  0.20000000  1.18517768
 0.60000000  0.25000000  0.92598447
 0.60000000  0.30000000  0.65393122
 0.60000000  0.35000000  0.38881348
 0.60000000  0.40000000  0.17827510
 0.60000000  0.45000000  0.01904395
 0.60000000  0.50000000 -0.08292421
 0.60000000  0.55000000 -0.12486178
 0.60000000  0.60000000 -0.14483625
 0.60000000  0.65000000 -0.15838561
 0.60000000  0.70000000 -0.16137041
 0.60000000  0.75000000 -0.15144235
 0.60000000  0.80000000 -0.14305537
 0.60000000  0.85000000 -0.10572567
 0.60000000  0.90000000 -0.06137661
 0.60000000  0.95000000 -0.00625898
 0.60000000  1.00000000  0.04840762
 0.60000000  1.05000000  0.08679509
 0.60000000  1.10000000  0.11022736
 0.60000000  1.15000000  0.12105097
 0.60000000  1.20000000  0.11953087
 0.60000000  1.25000000  0.10982540
 0.60000000  1.30000000  0.09360504
 0.60000000  1.35000000  0.04940629
 0.60000000  1.40000000 -0.00415879
 0.60000000  1.45000000 -0.08162872
 0.60000000  1.50000000 -0.17750718
 0.60000000  1.55000000 -0.26011595
 0.60000000  1.60000000 -0.31942834
 0.60000000  1.65000000 -0.31416458
 0.60000000  1.70000000 -0.26742531
 0.60000000  1.75000000 -0.17911841
 0.60000000  1.80000000 -0.08170959
 0.60000000  1.85000000  0.02118991
 0.60000000  1.90000000  0.10583192
 0.60000000  1.95000000  0.18726714
 0.60000000  2.00000000  0.27518433
 0.60000000  2.05000000  0.37120587
 0.60000000  2.10000000  0.44422189
 0.60000000  2.15000000  0.49168394
 0.60000000  2.20000000  0.47889483
 0.65000000 -0.25000000  0.13702337
 0.65000000 -0.20000000  0.47294993
 0.65000000 -0.15000000  0.80340169
 0.65000000 -0.10000000  1.10201862
 0.65000000 -0.05000000  1.35438023
 0.65000000  0.00000000  1.53125789
 0.65000000  0.05000000  1.61380773
 0.65000000  0.10000000  1.58329554
 0.65000000  0.15000000  1.46430611
 0.65000000  0.20000000  1.25180722
 0.65000000  0.25000000  0.98637536
 0.65000000  0.30000000  0.69696191
 0.65000000  0.35000000  0.42053736
 0.65000000  0.40000000  0.17196854
 0.65000000  0.45000000 -0.03254941
 0.65000000  0.50000000 -0.16836677
 0.65000000  0.55000000 -0.27526423
 0.65000000  0.60000000 -0.34837010
 0.65000000  0.65000000 -0.40801810
 0.65000000  0.70000000 -0.46866670
 0.65000000  0.75000000 -0.50294643
 0.65000000  0.80000000 -0.49840548
 0.65000000  0.85000000 -0.46919325
 0.65000000  0.90000000 -0.40432390
 0.65000000  0.95000000 -0.31415650
 0.65000000  1.00000000 -0.21415963
 0.65000000  1.05000000 -0.12714502
 0.65000000  1.10000000 -0.04851015
 0.65000000  1.15000000 -0.01208188
 0.65000000  1.20000000  0.00779553
 0.65000000  1.25000000  0.00611441
 0.65000000  1.30000000 -0.00103921
 0.65000000  1.35000000 -0.01315498
 0.65000000  1.40000000 -0.03788462
 0.65000000  1.45000000 -0.06552796
 0.65000000  1.50000000 -0.09035647
 0.65000000  1.55000000 -0.11721715
 0.65000000  1.60000000 -0.11001095
 0.65000000  1.65000000 -0.08153431
 0.65000000  1.70000000 -0.01521255
 0.65000000  1.75000000  0.06953036
 0.65000000  1.80000000  0.16127025
 0.65000000  1.85000000  0.22520502
 0.65000000  1.90000000  0.28771527
 0.65000000  1.95000000  0.33100647
 0.65000000  2.00000000  0.36922646
 0.65000000  2.05000000  0.40906563
 0.65000000  2.10000000  0.42761870
 0.65000000  2.15000000  0.42930439
 0.65000000  2.20000000  0.38165206
 0.70000000 -0.25000000  0.42033354
 0.70000000 -0.20000000  0.68543063
 0.70000000 -0.15000000  0.94500502
 0.70000000 -0.10000000  1.17408990
 0.70000000 -0.05000000  1.37009792
 0.70000000  0.00000000  1.49538326
 0.70000000  0.05000000  1.55014655
 0.70000000  0.10000000  1.50036293
 0.70000000  0.15000000  1.37595169
 0.70000000  0.20000000  1.16090712
 0.70000000  0.25000000  0.90428458
 0.70000000  0.30000000  0.61974715
 0.70000000  0.35000000  0.35067443
 0.70000000  0.40000000  0.10295194
 0.70000000  0.45000000 -0.09010463
 0.70000000  0.50000000 -0.25184898
 0.70000000  0.55000000 -0.37583505
 0.70000000  0.60000000 -0.49358557
 0.70000000  0.65000000 -0.60680853
 0.70000000  0.70000000 -0.70582090
 0.70000000  0.75000000 -0.78530378
 0.70000000  0.80000000 -0.81578409
 0.70000000  0.85000000 -0.80118262
 0.70000000  0.90000000 -0.73170500
 0.70000000  0.95000000 -0.61965023
 0.70000000  1.00000000 -0.48516862
 0.70000000  1.05000000 -0.35335918
 0.70000000  1.10000000 -0.24723112
 0.70000000  1.15000000 -0.18462301
 0.70000000  1.20000000 -0.14903298
 0.70000000  1.25000000 -0.13952436
 0.70000000  1.30000000 -0.13883071
 0.70000000  1.35000000 -0.12875379
 0.70000000  1.40000000 -0.09105040
 0.70000000  1.45000000 -0.06604542
 0.70000000  1.50000000 -0.02698423
 0.70000000  1.55000000  0.01980968
 0.70000000  1.60000000  0.08817359
 0.70000000  1.65000000  0.15246944
 0.70000000  1.70000000  0.23580703
 0.70000000  1.75000000  0.32279917
 0.70000000  1.80000000  0.39470960
 0.70000000  1.85000000  0.45047244
 0.70000000  1.90000000  0.49279275
 0.70000000  1.95000000  0.50610537
 0.70000000  2.00000000  0.51257774
 0.70000000  2.05000000  0.51598763
 0.70000000  2.10000000  0.49821657
 0.70000000  2.15000000  0.45505887
 0.70000000  2.20000000  0.37699637
 0.75000000 -0.25000000  0.58879855
 0.75000000 -0.20000000  0.76817746
 0.75000000 -0.15000000  0.95032934
 0.75000000 -0.10000000  1.10597952
 0.75000000 -0.05000000  1.22234786
 0.75000000  0.00000000  1.29637117
 0.75000000  0.05000000  1.30282927
 0.75000000  0.10000000  1.23158312
 0.75000000  0.15000000  1.10003395
 0.75000000  0.20000000  0.89696942
 0.75000000  0.25000000  0.66168839
 0.75000000  0.30000000  0.42490782
 0.75000000  0.35000000  0.18575351
 0.75000000  0.40000000 -0.01083273
 0.75000000  0.45000000 -0.17458984
 0.75000000  0.50000000 -0.31150670
 0.75000000  0.55000000 -0.43410420
 0.75000000  0.60000000 -0.55869490
 0.75000000  0.65000000 -0.68875310
 0.75000000  0.70000000 -0.81558572
 0.75000000  0.75000000 -0.92212072
 0.75000000  0.80000000 -0.97839322
 0.75000000  0.85000000 -0.99432054
 0.75000000  0.90000000 -0.93162109
 0.75000000  0.95000000 -0.82025637
 0.75000000  1.00000000 -0.67346830
 0.75000000  1.05000000 -0.52656906
 0.75000000  1.10000000 -0.40937186
 0.75000000  1.15000000 -0.33671085
 0.75000000  1.20000000 -0.30993216
 0.75000000  1.25000000 -0.29820456
 0.75000000  1.30000000 -0.29001459
 0.75000000  1.35000000 -0.25768657
 0.75000000  1.40000000 -0.19901550
 0.75000000  1.45000000 -0.10648167
 0.75000000  1.50000000  0.00462787
 0.75000000  1.55000000  0.13639232
 0.75000000  1.60000000  0.25733209
 0.75000000  1.65000000  0.38149884
 0.75000000  1.70000000  0.48015320
 0.75000000  1.75000000  0.57612848
 0.75000000  1.80000000  0.64528463
 0.75000000  1.85000000  0.68990138
 0.75000000  1.90000000  0.70940200
 0.75000000  1.95000000  0.72312734
 0.75000000  2.00000000  0.71275762
 0.75000000  2.05000000  0.68235927
 0.75000000  2.10000000  0.63219821
 0.75000000  2.15000000  0.56267243
 0.75000000  2.20000000  0.44485902
 0.80000000 -0.25000000  0.63616540
 0.80000000 -0.20000000  0.72124572
 0.80000000 -0.15000000  0.80727577
 0.80000000 -0.10000000  0.87020129
 0.80000000 -0.05000000  0.91160081
 0.80000000  0.00000000  0.92233790
 0.80000000  0.05000000  0.87701189
 0.80000000  0.10000000  0.78724881
 0.80000000  0.15000000  0.64804298
 0.80000000  0.20000000  0.48119845
 0.80000000  0.25000000  0.29043007
 0.80000000  0.30000000  0.10323272
 0.80000000  0.35000000 -0.04915233
 0.80000000  0.40000000 -0.17636353
 0.80000000  0.45000000 -0.27181751
 0.80000000  0.50000000 -0.33927100
 0.80000000  0.55000000 -0.40849487
 0.80000000  0.60000000 -0.49846820
 0.80000000  0.65000000 -0.60938228
 0.80000000  0.70000000 -0.72668374
 0.80000000  0.75000000 -0.84167439
 0.80000000  0.80000000 -0.93635748
 0.80000000  0.85000000 -0.96420056
 0.80000000  0.90000000 -0.93775840
 0.80000000  0.95000000 -0.84138686
 0.80000000  1.00000000 -0.70556997
 0.80000000  1.05000000 -0.57471592
 0.80000000  1.10000000 -0.46855841
 0.80000000  1.15000000 -0.40972432
 0.80000000  1.20000000 -0.40374602
 0.80000000  1.25000000 -0.42110654
 0.80000000  1.30000000 -0.43032916
 0.80000000  1.35000000 -0.39848963
 0.80000000  1.40000000 -0.30926609
 0.80000000  1.45000000 -0.17499447
 0.80000000  1.50000000  0.00412678
 0.80000000  1.55000000  0.20063929
 0.80000000  1.60000000  0.39082232
 0.80000000  1.65000000  0.55143148
 0.80000000  1.70000000  0.68418909
 0.80000000  1.75000000  0.80005048
 0.80000000  1.80000000  0.87486955
 0.80000000  1.85000000  0.92176100
 0.80000000  1.90000000  0.95356450
 0.80000000  1.95000000  0.96330404
 0.80000000  2.00000000  0.94638949
 0.80000000  2.05000000  0.90162597
 0.80000000  2.10000000  0.82234306
 0.80000000  2.15000000  0.70681481
 0.80000000  2.20000000  0.56636343
 0.85000000 -0.25000000  0.51909355
 0.85000000 -0.20000000  0.52179938
 0.85000000 -0.15000000  0.52390323
 0.85000000 -0.10000000  0.49405195
 0.85000000 -0.05000000  0.46499146
 0.85000000  0.00000000  0.41045668
 0.85000000  0.05000000  0.32763313
 0.85000000  0.10000000  0.22368971
 0.85000000  0.15000000  0.09093967
 0.85000000  0.20000000 -0.04914334
 0.85000000  0.25000000 -0.17500838
 0.85000000  0.30000000 -0.27986163
 0.85000000  0.35000000 -0.34060531
 0.85000000  0.40000000 -0.36782354
 0.85000000  0.45000000 -0.35657937
 0.85000000  0.50000000 -0.32611349
 0.85000000  0.55000000 -0.30996270
 0.85000000  0.60000000 -0.31905702
 0.85000000  0.65000000 -0.37242325
 0.85000000  0.70000000 -0.46397791
 0.85000000  0.75000000 -0.57277054
 0.85000000  0.80000000 -0.65802365
 0.85000000  0.85000000 -0.71393869
 0.85000000  0.90000000 -0.71855443
 0.85000000  0.95000000 -0.66141523
 0.85000000  1.00000000 -0.57012414
 0.85000000  1.05000000 -0.46587103
 0.85000000  1.10000000 -0.40607459
 0.85000000  1.15000000 -0.39618255
 0.85000000  1.20000000 -0.42890972
 0.85000000  1.25000000 -0.48996463
 0.85000000  1.30000000 -0.53477663
 0.85000000  1.35000000 -0.51627338
 0.85000000  1.40000000 -0.42262130
 0.85000000  1.45000000 -0.25700102
 0.85000000  1.50000000 -0.02964726
 0.85000000  1.55000000  0.21352722
 0.85000000  1.60000000  0.46676418
 0.85000000  1.65000000  0.68388236
 0.85000000  1.70000000  0.85507616
 0.85000000  1.75000000  0.98281369
 0.85000000  1.80000000  1.07626497
 0.85000000  1.85000000  1.14174631
 0.85000000  1.90000000  1.18413149
 0.85000000  1.95000000  1.19125838
 0.85000000  2.00000000  1.17318090
 0.85000000  2.05000000  1.12129604
 0.85000000  2.10000000  1.02863667
 0.85000000  2.15000000  0.88587572
 0.85000000  2.20000000  0.70572150
 0.90000000 -0.25000000  0.29642901
 0.90000000 -0.20000000  0.22001757
 0.90000000 -0.15000000  0.12433685
 0.90000000 -0.10000000  0.03228343
 0.90000000 -0.05000000 -0.06426220
 0.90000000  0.00000000 -0.16357724
 0.90000000  0.05000000 -0.27329671
 0.90000000  0.10000000 -0.39272531
 0.90000000  0.15000000 -0.50363997
 0.90000000  0.20000000 -0.59988034
 0.90000000  0.25000000 -0.66998502
 0.90000000  0.30000000 -0.67999634
 0.90000000  0.35000000 -0.64027518
 0.90000000  0.40000000 -0.54664431
 0.90000000  0.45000000 -0.41308350
 0.90000000  0.50000000 -0.26672838
 0.90000000  0.55000000 -0.14032196
 0.90000000  0.60000000 -0.04971288
 0.90000000  0.65000000 -0.01975230
 0.90000000  0.70000000 -0.05310537
 0.90000000  0.75000000 -0.12281280
 0.90000000  0.80000000 -0.22089091
 0.90000000  0.85000000 -0.29436077
 0.90000000  0.90000000 -0.33272539
 0.90000000  0.95000000 -0.32655900
 0.90000000  1.00000000 -0.28072328
 0.90000000  1.05000000 -0.24991006
 0.90000000  1.10000000 -0.24340979
 0.90000000  1.15000000 -0.29437254
 0.90000000  1.20000000 -0.39254358
 0.90000000  1.25000000 -0.50942482
 0.90000000  1.30000000 -0.59598577
 0.90000000  1.35000000 -0.59972561
 0.90000000  1.40000000 -0.53298517
 0.90000000  1.45000000 -0.34519422
 0.90000000  1.50000000 -0.08755828
 0.90000000  1.55000000  0.20034603
 0.90000000  1.60000000  0.49144123
 0.90000000  1.65000000  0.75361471
 0.90000000  1.70000000  0.96004426
 0.90000000  1.75000000  1.11756440
 0.90000000  1.80000000  1.22532334
 0.90000000  1.85000000  1.30001350
 0.90000000  1.90000000  1.34925846
 0.90000000  1.95000000  1.36740932
 0.90000000  2.00000000  1.35013189
 0.90000000  2.05000000  1.30007845
 0.90000000  2.10000000  1.19125805
 0.90000000  2.15000000  1.02897909
 0.90000000  2.20000000  0.82125321
 0.95000000 -0.25000000 -0.00955881
 0.95000000 -0.20000000 -0.15855800
 0.95000000 -0.15000000 -0.30942092
 0.95000000 -0.10000000 -0.46542845
 0.95000000 -0.05000000 -0.59609972
 0.95000000  0.00000000 -0.73072046
 0.95000000  0.05000000 -0.85556130
 0.95000000  0.10000000 -0.96768446
 0.95000000  0.15000000 -1.05644494
 0.95000000  0.20000000 -1.10906214
 0.95000000  0.25000000 -1.11110097
 0.95000000  0.30000000 -1.04885706
 0.95000000  0.35000000 -0.91098047
 0.95000000  0.40000000 -0.69788628
 0.95000000  0.45000000 -0.44990231
 0.95000000  0.50000000 -0.17829112
 0.95000000  0.55000000  0.07298555
 0.95000000  0.60000000  0.27981607
 0.95000000  0.65000000  0.40511657
 0.95000000  0.70000000  0.44104484
 0.95000000  0.75000000  0.40275672
 0.95000000  0.80000000  0.31073527
 0.95000000  0.85000000  0.20750082
 0.95000000  0.90000000  0.13340023
 0.95000000  0.95000000  0.08090778
 0.95000000  1.00000000  0.05121496
 0.95000000  1.05000000  0.03057134
 0.95000000  1.10000000 -0.03059143
 0.95000000  1.15000000 -0.15281404
 0.95000000  1.20000000 -0.30522019
 0.95000000  1.25000000 -0.48495173
 0.95000000  1.30000000 -0.61549862
 0.95000000  1.35000000 -0.66467891
 0.95000000  1.40000000 -0.60382460
 0.95000000  1.45000000 -0.41774220
 0.95000000  1.50000000 -0.15237143
 0.95000000  1.55000000  0.16552697
 0.95000000  1.60000000  0.48583213
 0.95000000  1.65000000  0.76513039
 0.95000000  1.70000000  0.99991913
 0.95000000  1.75000000  1.17545827
 0.95000000  1.80000000  1.29768910
 0.95000000  1.85000000  1.37892206
 0.95000000  1.90000000  1.42688857
 0.95000000  1.95000000  1.44443643
 0.95000000  2.00000000  1.43739177
 0.95000000  2.05000000  1.38212409
 0.95000000  2.10000000  1.28390646
 0.95000000  2.15000000  1.12101479
 0.95000000  2.20000000  0.91057030
 1.00000000 -0.25000000 -0.32820523
 1.00000000 -0.20000000 -0.54231931
 1.00000000 -0.15000000 -0.74357568
 1.00000000 -0.10000000 -0.92627502
 1.00000000 -0.05000000 -1.08852656
 1.00000000  0.00000000 -1.22176933
 1.00000000  0.05000000 -1.34416693
 1.00000000  0.10000000 -1.43566219
 1.00000000  0.15000000 -1.50306984
 1.00000000  0.20000000 -1.50817239
 1.00000000  0.25000000 -1.45344514
 1.00000000  0.30000000 -1.32143203
 1.00000000  0.35000000 -1.10261588
 1.00000000  0.40000000 -0.80327523
 1.00000000  0.45000000 -0.44214553
 1.00000000  0.50000000 -0.06206263
 1.00000000  0.55000000  0.31028902
 1.00000000  0.60000000  0.61879287
 1.00000000  0.65000000  0.82502671
 1.00000000  0.70000000  0.93120079
 1.00000000  0.75000000  0.92367505
 1.00000000  0.80000000  0.83771261
 1.00000000  0.85000000  0.71524622
 1.00000000  0.90000000  0.58617310
 1.00000000  0.95000000  0.48015180
 1.00000000  1.00000000  0.39174015
 1.00000000  1.05000000  0.30209275
 1.00000000  1.10000000  0.17453192
 1.00000000  1.15000000  0.00210960
 1.00000000  1.20000000 -0.20620779
 1.00000000  1.25000000 -0.42750793
 1.00000000  1.30000000 -0.59519785
 1.00000000  1.35000000 -0.67948909
 1.00000000  1.40000000 -0.63851525
 1.00000000  1.45000000 -0.47591654
 1.00000000  1.50000000 -0.21115364
 1.00000000  1.55000000  0.10871307
 1.00000000  1.60000000  0.44449277
 1.00000000  1.65000000  0.74614702
 1.00000000  1.70000000  0.99542546
 1.00000000  1.75000000  1.16736144
 1.00000000  1.80000000  1.28340781
 1.00000000  1.85000000  1.35057704
 1.00000000  1.90000000  1.40130635
 1.00000000  1.95000000  1.40683744
 1.00000000  2.00000000  1.40133195
 1.00000000  2.05000000  1.35381792
 1.00000000  2.10000000  1.27068689
 1.00000000  2.15000000  1.13419375
 1.00000000  2.20000000  0.94057521
 1.05000000 -0.25000000 -0.62536834
 1.05000000 -0.20000000 -0.87494616
 1.05000000 -0.15000000 -1.11634244
 1.05000000 -0.10000000 -1.31586279
 1.05000000 -0.05000000 -1.48080748
 1.05000000  0.00000000 -1.60659750
 1.05000000  0.05000000 -1.70189460
 1.05000000  0.10000000 -1.76711523
 1.05000000  0.15000000 -1.79591708
 1.05000000  0.20000000 -1.76742504
 1.05000000  0.25000000 -1.66582928
 1.05000000  0.30000000 -1.48144857
 1.05000000  0.35000000 -1.19151296
 1.05000000  0.40000000 -0.82968884
 1.05000000  0.45000000 -0.39394519
 1.05000000  0.50000000  0.07877422
 1.05000000  0.55000000  0.53028632
 1.05000000  0.60000000  0.92294544
 1.05000000  0.65000000  1.20312894
 1.05000000  0.70000000  1.34332601
 1.05000000  0.75000000  1.35721740
 1.05000000  0.80000000  1.26688591
 1.05000000  0.85000000  1.11391640
 1.05000000  0.90000000  0.94675011
 1.05000000  0.95000000  0.79003051
 1.05000000  1.00000000  0.65438065
 1.05000000  1.05000000  0.50473483
 1.05000000  1.10000000  0.33444348
 1.05000000  1.15000000  0.13106833
 1.05000000  1.20000000 -0.10840895
 1.05000000  1.25000000 -0.35435555
 1.05000000  1.30000000 -0.55275686
 1.05000000  1.35000000 -0.66132616
 1.05000000  1.40000000 -0.64111187
 1.05000000  1.45000000 -0.49484264
 1.05000000  1.50000000 -0.23891595
 1.05000000  1.55000000  0.07204789
 1.05000000  1.60000000  0.39692217
 1.05000000  1.65000000  0.69619201
 1.05000000  1.70000000  0.93040070
 1.05000000  1.75000000  1.09569803
 1.05000000  1.80000000  1.19928638
 1.05000000  1.85000000  1.25186247
 1.05000000  1.90000000  1.27302470
 1.05000000  1.95000000  1.27774776
 1.05000000  2.00000000  1.25938040
 1.05000000  2.05000000  1.22357835
 1.05000000  2.10000000  1.16313055
 1.05000000  2.15000000  1.06430287
 1.05000000  2.20000000  0.92615093
 1.10000000 -0.25000000 -0.86320678
 1.10000000 -0.20000000 -1.14030311
 1.10000000 -0.15000000 -1.38937062
 1.10000000 -0.10000000 -1.60133395
 1.10000000 -0.05000000 -1.75820562
 1.10000000  0.00000000 -1.86675437
 1.10000000  0.05000000 -1.92630363
 1.10000000  0.10000000 -1.96269241
 1.10000000  0.15000000 -1.94500055
 1.10000000  0.20000000 -1.87568980
 1.10000000  0.25000000 -1.73459104
 1.10000000  0.30000000 -1.50413241
 1.10000000  0.35000000 -1.18821943
 1.10000000  0.40000000 -0.78266072
 1.10000000  0.45000000 -0.30354147
 1.10000000  0.50000000  0.21710771
 1.10000000  0.55000000  0.71825363
 1.10000000  0.60000000  1.15959760
 1.10000000  0.65000000  1.47302706
 1.10000000  0.70000000  1.64131331
 1.10000000  0.75000000  1.65722054
 1.10000000  0.80000000  1.55615911
 1.10000000  0.85000000  1.37493183
 1.10000000  0.90000000  1.17684180
 1.10000000  0.95000000  0.99075693
 1.10000000  1.00000000  0.81067884
 1.10000000  1.05000000  0.64373866
 1.10000000  1.10000000  0.45495658
 1.10000000  1.15000000  0.23139140
 1.10000000  1.20000000 -0.01551986
 1.10000000  1.25000000 -0.26509850
 1.10000000  1.30000000 -0.46604256
 1.10000000  1.35000000 -0.57995624
 1.10000000  1.40000000 -0.56907913
 1.10000000  1.45000000 -0.44704076
 1.10000000  1.50000000 -0.21688538
 1.10000000  1.55000000  0.06894728
 1.10000000  1.60000000  0.36837971
 1.10000000  1.65000000  0.64375478
 1.10000000  1.70000000  0.85317366
 1.10000000  1.75000000  0.99204052
 1.10000000  1.80000000  1.06902937
 1.10000000  1.85000000  1.09211064
 1.10000000  1.90000000  1.09116589
 1.10000000  1.95000000  1.06294930
 1.10000000  2.00000000  1.04162165
 1.10000000  2.05000000  1.01607235
 1.10000000  2.10000000  0.98043489
 1.10000000  2.15000000  0.93751003
 1.10000000  2.20000000  0.87081912
 1.15000000 -0.25000000 -1.01497793
 1.15000000 -0.20000000 -1.30119057
 1.15000000 -0.15000000 -1.56752592
 1.15000000 -0.10000000 -1.77612092
 1.15000000 -0.05000000 -1.92247817
 1.15000000  0.00000000 -2.00502876
 1.15000000  0.05000000 -2.04008194
 1.15000000  0.10000000 -2.01930181
 1.15000000  0.15000000 -1.96138803
 1.15000000  0.20000000 -1.84567557
 1.15000000  0.25000000 -1.66685210
 1.15000000  0.30000000 -1.41703327
 1.15000000  0.35000000 -1.08000838
 1.15000000  0.40000000 -0.66448855
 1.15000000  0.45000000 -0.17550192
 1.15000000  0.50000000  0.35285402
 1.15000000  0.55000000  0.86542353
 1.15000000  0.60000000  1.32116292
 1.15000000  0.65000000  1.64311431
 1.15000000  0.70000000  1.80866094
 1.15000000  0.75000000  1.82203245
 1.15000000  0.80000000  1.69655247
 1.15000000  0.85000000  1.49931435
 1.15000000  0.90000000  1.28180890
 1.15000000  0.95000000  1.07482216
 1.15000000  1.00000000  0.88425277
 1.15000000  1.05000000  0.72478291
 1.15000000  1.10000000  0.53828655
 1.15000000  1.15000000  0.33919044
 1.15000000  1.20000000  0.09534631
 1.15000000  1.25000000 -0.13357215
 1.15000000  1.30000000 -0.32184781
 1.15000000  1.35000000 -0.43410105
 1.15000000  1.40000000 -0.42791453
 1.15000000  1.45000000 -0.32334264
 1.15000000  1.50000000 -0.12444361
 1.15000000  1.55000000  0.13005442
 1.15000000  1.60000000  0.38550624
 1.15000000  1.65000000  0.61900958
 1.15000000  1.70000000  0.79785710
 1.15000000  1.75000000  0.90147550
 1.15000000  1.80000000  0.93951720
 1.15000000  1.85000000  0.92325765
 1.15000000  1.90000000  0.88508256
 1.15000000  1.95000000  0.83568460
 1.15000000  2.00000000  0.79916586
 1.15000000  2.05000000  0.77778691
 1.15000000  2.10000000  0.77921324
 1.15000000  2.15000000  0.78725834
 1.15000000  2.20000000  0.76991046
 1.20000000 -0.25000000 -1.06661581
 1.20000000 -0.20000000 -1.36296731
 1.20000000 -0.15000000 -1.62585174
 1.20000000 -0.10000000 -1.83726741
 1.20000000 -0.05000000 -1.97846138
 1.20000000  0.00000000 -2.03422252
 1.20000000  0.05000000 -2.03481937
 1.20000000  0.10000000 -1.97040636
 1.20000000  0.15000000 -1.85802988
 1.20000000  0.20000000 -1.69878580
 1.20000000  0.25000000 -1.48176905
 1.20000000  0.30000000 -1.21201720
 1.20000000  0.35000000 -0.87882285
 1.20000000  0.40000000 -0.47940641
 1.20000000  0.45000000 -0.01864440
 1.20000000  0.50000000  0.48812465
 1.20000000  0.55000000  0.97633986
 1.20000000  0.60000000  1.40163107
 1.20000000  0.65000000  1.69909156
 1.20000000  0.70000000  1.85233418
 1.20000000  0.75000000  1.84158505
 1.20000000  0.80000000  1.70376430
 1.20000000  0.85000000  1.50424513
 1.20000000  0.90000000  1.28011408
 1.20000000  0.95000000  1.08748789
 1.20000000  1.00000000  0.92846165
 1.20000000  1.05000000  0.77860660
 1.20000000  1.10000000  0.62968827
 1.20000000  1.15000000  0.45609732
 1.20000000  1.20000000  0.25469161
 1.20000000  1.25000000  0.05802678
 1.20000000  1.30000000 -0.09880202
 1.20000000  1.35000000 -0.19110033
 1.20000000  1.40000000 -0.19518644
 1.20000000  1.45000000 -0.10861790
 1.20000000  1.50000000  0.06522189
 1.20000000  1.55000000  0.27283335
 1.20000000  1.60000000  0.48721423
 1.20000000  1.65000000  0.66649201
 1.20000000  1.70000000  0.78755044
 1.20000000  1.75000000  0.85007621
 1.20000000  1.80000000  0.83662129
 1.20000000  1.85000000  0.79305491
 1.20000000  1.90000000  0.72132031
 1.20000000  1.95000000  0.65159291
 1.20000000  2.00000000  0.59466229
 1.20000000  2.05000000  0.56841243
 1.20000000  2.10000000  0.59525385
 1.20000000  2.15000000  0.63036694
 1.20000000  2.20000000  0.66477488
 1.25000000 -0.25000000 -1.00780159
 1.25000000 -0.20000000 -1.30324170
 1.25000000 -0.15000000 -1.56593446
 1.25000000 -0.10000000 -1.77736282
 1.25000000 -0.05000000 -1.90972083
 1.25000000  0.00000000 -1.95215914
 1.25000000  0.05000000 -1.92493323
 1.25000000  0.10000000 -1.82696506
 1.25000000  0.15000000 -1.66679500
 1.25000000  0.20000000 -1.46122910
 1.25000000  0.25000000 -1.21660220
 1.25000000  0.30000000 -0.94177781
 1.25000000  0.35000000 -0.61694989
 1.25000000  0.40000000 -0.24922975
 1.25000000  0.45000000  0.16923045
 1.25000000  0.50000000  0.61046341
 1.25000000  0.55000000  1.05078664
 1.25000000  0.60000000  1.41827744
 1.25000000  0.65000000  1.67912200
 1.25000000  0.70000000  1.79675056
 1.25000000  0.75000000  1.77407672
 1.25000000  0.80000000  1.62014853
 1.25000000  0.85000000  1.42939277
 1.25000000  0.90000000  1.23008139
 1.25000000  0.95000000  1.05798745
 1.25000000  1.00000000  0.93459492
 1.25000000  1.05000000  0.84850653
 1.25000000  1.10000000  0.74877526
 1.25000000  1.15000000  0.62523057
 1.25000000  1.20000000  0.48283403
 1.25000000  1.25000000  0.33350260
 1.25000000  1.30000000  0.21480173
 1.25000000  1.35000000  0.14487164
 1.25000000  1.40000000  0.15616572
 1.25000000  1.45000000  0.22849045
 1.25000000  1.50000000  0.35510600
 1.25000000  1.55000000  0.52174521
 1.25000000  1.60000000  0.66289294
 1.25000000  1.65000000  0.79257304
 1.25000000  1.70000000  0.85730288
 1.25000000  1.75000000  0.86288555
 1.25000000  1.80000000  0.81659427
 1.25000000  1.85000000  0.73285177
 1.25000000  1.90000000  0.62813722
 1.25000000  1.95000000  0.52779180
 1.25000000  2.00000000  0.44833744
 1.25000000  2.05000000  0.42240560
 1.25000000  2.10000000  0.43064384
 1.25000000  2.15000000  0.48826305
 1.25000000  2.20000000  0.55588820
 1.30000000 -0.25000000 -0.84538793
 1.30000000 -0.20000000 -1.13214505
 1.30000000 -0.15000000 -1.38483554
 1.30000000 -0.10000000 -1.59373433
 1.30000000 -0.05000000 -1.72396124
 1.30000000  0.00000000 -1.76953512
 1.30000000  0.05000000 -1.73321794
 1.30000000  0.10000000 -1.60778753
 1.30000000  0.15000000 -1.41064146
 1.30000000  0.20000000 -1.16442338
 1.30000000  0.25000000 -0.89819721
 1.30000000  0.30000000 -0.60794556
 1.30000000  0.35000000 -0.29939446
 1.30000000  0.40000000  0.02373399
 1.30000000  0.45000000  0.38508852
 1.30000000  0.50000000  0.75736631
 1.30000000  0.55000000  1.10865918
 1.30000000  0.60000000  1.40401708
 1.30000000  0.65000000  1.61123786
 1.30000000  0.70000000  1.69504328
 1.30000000  0.75000000  1.64802513
 1.30000000  0.80000000  1.50333299
 1.30000000  0.85000000  1.31688382
 1.30000000  0.90000000  1.15270408
 1.30000000  0.95000000  1.03102013
 1.30000000  1.00000000  0.97320203
 1.30000000  1.05000000  0.93273989
 1.30000000  1.10000000  0.89521145
 1.30000000  1.15000000  0.84559273
 1.30000000  1.20000000  0.76762009
 1.30000000  1.25000000  0.67144743
 1.30000000  1.30000000  0.60012634
 1.30000000  1.35000000  0.55769441
 1.30000000  1.40000000  0.57436138
 1.30000000  1.45000000  0.63358490
 1.30000000  1.50000000  0.72824882
 1.30000000  1.55000000  0.83833308
 1.30000000  1.60000000  0.92846485
 1.30000000  1.65000000  0.98554994
 1.30000000  1.70000000  0.99897226
 1.30000000  1.75000000  0.96113557
 1.30000000  1.80000000  0.87670788
 1.30000000  1.85000000  0.75609292
 1.30000000  1.90000000  0.62620278
 1.30000000  1.95000000  0.48851282
 1.30000000  2.00000000  0.39541184
 1.30000000  2.05000000  0.33175111
 1.30000000  2.10000000  0.33649340
 1.30000000  2.15000000  0.38717968
 1.30000000  2.20000000  0.44483779
 1.35000000 -0.25000000 -0.57677145
 1.35000000 -0.20000000 -0.84522501
 1.35000000 -0.15000000 -1.09323434
 1.35000000 -0.10000000 -1.29671444
 1.35000000 -0.05000000 -1.42959919
 1.35000000  0.00000000 -1.47514235
 1.35000000  0.05000000 -1.43562944
 1.35000000  0.10000000 -1.30392448
 1.35000000  0.15000000 -1.09351833
 1.35000000  0.20000000 -0.83505557
 1.35000000  0.25000000 -0.54677862
 1.35000000  0.30000000 -0.25950958
 1.35000000  0.35000000  0.03822597
 1.35000000  0.40000000  0.31814054
 1.35000000  0.45000000  0.60631404
 1.35000000  0.50000000  0.88946183
 1.35000000  0.55000000  1.15675065
 1.35000000  0.60000000  1.37768014
 1.35000000  0.65000000  1.52030263
 1.35000000  0.70000000  1.56426975
 1.35000000  0.75000000  1.50173690
 1.35000000  0.80000000  1.36291398
 1.35000000  0.85000000  1.21015433
 1.35000000  0.90000000  1.08467615
 1.35000000  0.95000000  1.02386494
 1.35000000  1.00000000  1.00476487
 1.35000000  1.05000000  1.04205172
 1.35000000  1.10000000  1.07247622
 1.35000000  1.15000000  1.09113300
 1.35000000  1.20000000  1.07017027
 1.35000000  1.25000000  1.03592207
 1.35000000  1.30000000  1.01267508
 1.35000000  1.35000000  1.00240594
 1.35000000  1.40000000  1.02953572
 1.35000000  1.45000000  1.07824575
 1.35000000  1.50000000  1.13833737
 1.35000000  1.55000000  1.19061456
 1.35000000  1.60000000  1.23265968
 1.35000000  1.65000000  1.23918637
 1.35000000  1.70000000  1.19841106
 1.35000000  1.75000000  1.12235865
 1.35000000  1.80000000  1.00801826
 1.35000000  1.85000000  0.85289703
 1.35000000  1.90000000  0.70551170
 1.35000000  1.95000000  0.53988471
 1.35000000  2.00000000  0.41392311
 1.35000000  2.05000000  0.32299024
 1.35000000  2.10000000  0.29506886
 1.35000000  2.15000000  0.30878060
 1.35000000  2.20000000  0.33782995
 1.40000000 -0.25000000 -0.22866281
 1.40000000 -0.20000000 -0.48822567
 1.40000000 -0.15000000 -0.71357751
 1.40000000 -0.10000000 -0.89779394
 1.40000000 -0.05000000 -1.03452460
 1.40000000  0.00000000 -1.10380878
 1.40000000  0.05000000 -1.07914624
 1.40000000  0.10000000 -0.95777176
 1.40000000  0.15000000 -0.75636252
 1.40000000  0.20000000 -0.48621639
 1.40000000  0.25000000 -0.18916249
 1.40000000  0.30000000  0.10317249
 1.40000000  0.35000000  0.36372564
 1.40000000  0.40000000  0.60479548
 1.40000000  0.45000000  0.81904301
 1.40000000  0.50000000  1.01930705
 1.40000000  0.55000000  1.20271811
 1.40000000  0.60000000  1.35006208
 1.40000000  0.65000000  1.43532982
 1.40000000  0.70000000  1.43299327
 1.40000000  0.75000000  1.36331213
 1.40000000  0.80000000  1.23871066
 1.40000000  0.85000000  1.10487056
 1.40000000  0.90000000  1.02882204
 1.40000000  0.95000000  1.01299644
 1.40000000  1.00000000  1.05219086
 1.40000000  1.05000000  1.14081628
 1.40000000  1.10000000  1.23717505
 1.40000000  1.15000000  1.30730598
 1.40000000  1.20000000  1.34557905
 1.40000000  1.25000000  1.36936143
 1.40000000  1.30000000  1.38824949
 1.40000000  1.35000000  1.40603371
 1.40000000  1.40000000  1.44226680
 1.40000000  1.45000000  1.47049703
 1.40000000  1.50000000  1.50407381
 1.40000000  1.55000000  1.51946611
 1.40000000  1.60000000  1.51470432
 1.40000000  1.65000000  1.47477409
 1.40000000  1.70000000  1.40532638
 1.40000000  1.75000000  1.30176891
 1.40000000  1.80000000  1.16418207
 1.40000000  1.85000000  1.00610027
 1.40000000  1.90000000  0.82424228
 1.40000000  1.95000000  0.65305688
 1.40000000  2.00000000  0.49585986
 1.40000000  2.05000000  0.36812017
 1.40000000  2.10000000  0.30045867
 1.40000000  2.15000000  0.28065011
 1.40000000  2.20000000  0.26893574
 1.45000000 -0.25000000  0.14376557
 1.45000000 -0.20000000 -0.08552379
 1.45000000 -0.15000000 -0.28794346
 1.45000000 -0.10000000 -0.45679794
 1.45000000 -0.05000000 -0.59851459
 1.45000000  0.00000000 -0.68184604
 1.45000000  0.05000000 -0.68728576
 1.45000000  0.10000000 -0.58659847
 1.45000000  0.15000000 -0.40524239
 1.45000000  0.20000000 -0.14217112
 1.45000000  0.25000000  0.13470910
 1.45000000  0.30000000  0.42082233
 1.45000000  0.35000000  0.65453075
 1.45000000  0.40000000  0.85336959
 1.45000000  0.45000000  1.01130363
 1.45000000  0.50000000  1.13731178
 1.45000000  0.55000000  1.24681921
 1.45000000  0.60000000  1.32189294
 1.45000000  0.65000000  1.34655008
 1.45000000  0.70000000  1.32136370
 1.45000000  0.75000000  1.23581420
 1.45000000  0.80000000  1.12169571
 1.45000000  0.85000000  1.01314806
 1.45000000  0.90000000  0.96458213
 1.45000000  0.95000000  0.98701546
 1.45000000  1.00000000  1.07935104
 1.45000000  1.05000000  1.21006852
 1.45000000  1.10000000  1.33909035
 1.45000000  1.15000000  1.44917353
 1.45000000  1.20000000  1.54219911
 1.45000000  1.25000000  1.59869806
 1.45000000  1.30000000  1.65327488
 1.45000000  1.35000000  1.70205464
 1.45000000  1.40000000  1.73508109
 1.45000000  1.45000000  1.77004902
 1.45000000  1.50000000  1.76634753
 1.45000000  1.55000000  1.75579223
 1.45000000  1.60000000  1.72142935
 1.45000000  1.65000000  1.65713245
 1.45000000  1.70000000  1.58021586
 1.45000000  1.75000000  1.47401503
 1.45000000  1.80000000  1.33962087
 1.45000000  1.85000000  1.16751234
 1.45000000  1.90000000  0.97580354
 1.45000000  1.95000000  0.78227799
 1.45000000  2.00000000  0.60973541
 1.45000000  2.05000000  0.46053206
 1.45000000  2.10000000  0.36131095
 1.45000000  2.15000000  0.29406943
 1.45000000  2.20000000  0.25386798
 1.50000000 -0.25000000  0.49749714
 1.50000000 -0.20000000  0.29530950
 1.50000000 -0.15000000  0.11988338
 1.50000000 -0.10000000 -0.03696884
 1.50000000 -0.05000000 -0.17953607
 1.50000000  0.00000000 -0.26965317
 1.50000000  0.05000000 -0.29626098
 1.50000000  0.10000000 -0.24049350
 1.50000000  0.15000000 -0.08327264
 1.50000000  0.20000000  0.14829949
 1.50000000  0.25000000  0.40863010
 1.50000000  0.30000000  0.66526739
 1.50000000  0.35000000  0.87958665
 1.50000000  0.40000000  1.03595980
 1.50000000  0.45000000  1.15678865
 1.50000000  0.50000000  1.22140941
 1.50000000  0.55000000  1.27129795
 1.50000000  0.60000000  1.28669407
 1.50000000  0.65000000  1.27627725
 1.50000000  0.70000000  1.21813926
 1.50000000  0.75000000  1.12636564
 1.50000000  0.80000000  1.01301430
 1.50000000  0.85000000  0.92280039
 1.50000000  0.90000000  0.89322312
 1.50000000  0.95000000  0.93754660
 1.50000000  1.00000000  1.05120588
 1.50000000  1.05000000  1.19928558
 1.50000000  1.10000000  1.35400844
 1.50000000  1.15000000  1.49480281
 1.50000000  1.20000000  1.61095982
 1.50000000  1.25000000  1.70243406
 1.50000000  1.30000000  1.77402910
 1.50000000  1.35000000  1.83096585
 1.50000000  1.40000000  1.87596593
 1.50000000  1.45000000  1.90118177
 1.50000000  1.50000000  1.88587805
 1.50000000  1.55000000  1.85701942
 1.50000000  1.60000000  1.81594859
 1.50000000  1.65000000  1.75845788
 1.50000000  1.70000000  1.68217992
 1.50000000  1.75000000  1.58521872
 1.50000000  1.80000000  1.46258084
 1.50000000  1.85000000  1.30603717
 1.50000000  1.90000000  1.12554415
 1.50000000  1.95000000  0.93194747
 1.50000000  2.00000000  0.74638522
 1.50000000  2.05000000  0.58386965
 1.50000000  2.10000000  0.46232581
 1.50000000  2.15000000  0.36605924
 1.50000000  2.20000000  0.31052277
 1.55000000 -0.25000000  0.76849428
 1.55000000 -0.20000000  0.59725455
 1.55000000 -0.15000000  0.44977102
 1.55000000 -0.10000000  0.30645439
 1.55000000 -0.05000000  0.17854919
 1.55000000  0.00000000  0.07674797
 1.55000000  0.05000000  0.02631763
 1.55000000  0.10000000  0.06332218
 1.55000000  0.15000000  0.17423917
 1.55000000  0.20000000  0.36896768
 1.55000000  0.25000000  0.59709035
 1.55000000  0.30000000  0.83306185
 1.55000000  0.35000000  1.01808321
 1.55000000  0.40000000  1.15924153
 1.55000000  0.45000000  1.23271339
 1.55000000  0.50000000  1.27125678
 1.55000000  0.55000000  1.27429650
 1.55000000  0.60000000  1.25002695
 1.55000000  0.65000000  1.20812114
 1.55000000  0.70000000  1.11504841
 1.55000000  0.75000000  1.01702241
 1.55000000  0.80000000  0.90070350
 1.55000000  0.85000000  0.82016625
 1.55000000  0.90000000  0.80137822
 1.55000000  0.95000000  0.84796220
 1.55000000  1.00000000  0.96360327
 1.55000000  1.05000000  1.10951696
 1.55000000  1.10000000  1.27298381
 1.55000000  1.15000000  1.41511533
 1.55000000  1.20000000  1.53781626
 1.55000000  1.25000000  1.64272731
 1.55000000  1.30000000  1.72457404
 1.55000000  1.35000000  1.79124397
 1.55000000  1.40000000  1.84058219
 1.55000000  1.45000000  1.85887468
 1.55000000  1.50000000  1.84698740
 1.55000000  1.55000000  1.81657881
 1.55000000  1.60000000  1.78193772
 1.55000000  1.65000000  1.74045467
 1.55000000  1.70000000  1.69266908
 1.55000000  1.75000000  1.62212097
 1.55000000  1.80000000  1.53543528
 1.55000000  1.85000000  1.41155100
 1.55000000  1.90000000  1.25239686
 1.55000000  1.95000000  1.07506527
 1.55000000  2.00000000  0.89500831
 1.55000000  2.05000000  0.73495570
 1.55000000  2.10000000  0.60670932
 1.55000000  2.15000000  0.50409268
 1.55000000  2.20000000  0.42364141
 1.60000000 -0.25000000  0.91098103
 1.60000000 -0.20000000  0.77263042
 1.60000000 -0.15000000  0.65346598
 1.60000000 -0.10000000  0.52865649
 1.60000000 -0.05000000  0.41534556
 1.60000000  0.00000000  0.31948249
 1.60000000  0.05000000  0.26351649
 1.60000000  0.10000000  0.26794839
 1.60000000  0.15000000  0.35769787
 1.60000000  0.20000000  0.51193753
 1.60000000  0.25000000  0.70855516
 1.60000000  0.30000000  0.91177395
 1.60000000  0.35000000  1.07758728
 1.60000000  0.40000000  1.20006729
 1.60000000  0.45000000  1.26807923
 1.60000000  0.50000000  1.27756704
 1.60000000  0.55000000  1.26011090
 1.60000000  0.60000000  1.21051883
 1.60000000  0.65000000  1.14192352
 1.60000000  0.70000000  1.03614601
 1.60000000  0.75000000  0.91457675
 1.60000000  0.80000000  0.80008520
 1.60000000  0.85000000  0.71067673
 1.60000000  0.90000000  0.67693983
 1.60000000  0.95000000  0.72135853
 1.60000000  1.00000000  0.82208222
 1.60000000  1.05000000  0.95248064
 1.60000000  1.10000000  1.09488728
 1.60000000  1.15000000  1.22291870
 1.60000000  1.20000000  1.33322040
 1.60000000  1.25000000  1.43663649
 1.60000000  1.30000000  1.52157155
 1.60000000  1.35000000  1.59412093
 1.60000000  1.40000000  1.64907517
 1.60000000  1.45000000  1.67385530
 1.60000000  1.50000000  1.66794958
 1.60000000  1.55000000  1.64412866
 1.60000000  1.60000000  1.62241686
 1.60000000  1.65000000  1.60746667
 1.60000000  1.70000000  1.59670994
 1.60000000  1.75000000  1.58278088
 1.60000000  1.80000000  1.54414924
 1.60000000  1.85000000  1.47086665
 1.60000000  1.90000000  1.34299223
 1.60000000  1.95000000  1.20233366
 1.60000000  2.00000000  1.05054302
 1.60000000  2.05000000  0.91337614
 1.60000000  2.10000000  0.79025848
 1.60000000  2.15000000  0.68916826
 1.60000000  2.20000000  0.60151274
 1.65000000 -0.25000000  0.92775068
 1.65000000 -0.20000000  0.81173117
 1.65000000 -0.15000000  0.70390004
 1.65000000 -0.10000000  0.60459953
 1.65000000 -0.05000000  0.50485259
 1.65000000  0.00000000  0.42150374
 1.65000000  0.05000000  0.36631814
 1.65000000  0.10000000  0.37493182
 1.65000000  0.15000000  0.44254747
 1.65000000  0.20000000  0.57184612
 1.65000000  0.25000000  0.75032463
 1.65000000  0.30000000  0.92573504
 1.65000000  0.35000000  1.08089141
 1.65000000  0.40000000  1.19761013
 1.65000000  0.45000000  1.25428175
 1.65000000  0.50000000  1.26125149
 1.65000000  0.55000000  1.23626611
 1.65000000  0.60000000  1.17417231
 1.65000000  0.65000000  1.08919903
 1.65000000  0.70000000  0.96960705
 1.65000000  0.75000000  0.83394008
 1.65000000  0.80000000  0.69858616
 1.65000000  0.85000000  0.60140332
 1.65000000  0.90000000  0.55437213
 1.65000000  0.95000000  0.58032473
 1.65000000  1.00000000  0.65298470
 1.65000000  1.05000000  0.75610565
 1.65000000  1.10000000  0.86232121
 1.65000000  1.15000000  0.96225068
 1.65000000  1.20000000  1.05098555
 1.65000000  1.25000000  1.12503029
 1.65000000  1.30000000  1.21076393
 1.65000000  1.35000000  1.28545466
 1.65000000  1.40000000  1.35116458
 1.65000000  1.45000000  1.37575034
 1.65000000  1.50000000  1.38518103
 1.65000000  1.55000000  1.37891736
 1.65000000  1.60000000  1.38583964
 1.65000000  1.65000000  1.39418060
 1.65000000  1.70000000  1.42893504
 1.65000000  1.75000000  1.46959585
 1.65000000  1.80000000  1.49238124
 1.65000000  1.85000000  1.47331780
 1.65000000  1.90000000  1.41664967
 1.65000000  1.95000000  1.32369756
 1.65000000  2.00000000  1.21449181
 1.65000000  2.05000000  1.09685272
 1.65000000  2.10000000  0.99778939
 1.65000000  2.15000000  0.90223260
 1.65000000  2.20000000  0.81254876
 1.70000000 -0.25000000  0.81855922
 1.70000000 -0.20000000  0.71908799
 1.70000000 -0.15000000  0.62032468
 1.70000000 -0.10000000  0.52547531
 1.70000000 -0.05000000  0.43916842
 1.70000000  0.00000000  0.38016259
 1.70000000  0.05000000  0.34211136
 1.70000000  0.10000000  0.36339757
 1.70000000  0.15000000  0.43641645
 1.70000000  0.20000000  0.56851222
 1.70000000  0.25000000  0.73296464
 1.70000000  0.30000000  0.90893810
 1.70000000  0.35000000  1.06423131
 1.70000000  0.40000000  1.18513669
 1.70000000  0.45000000  1.24869160
 1.70000000  0.50000000  1.25671382
 1.70000000  0.55000000  1.22859951
 1.70000000  0.60000000  1.15779297
 1.70000000  0.65000000  1.05054804
 1.70000000  0.70000000  0.91734382
 1.70000000  0.75000000  0.76325617
 1.70000000  0.80000000  0.61869646
 1.70000000  0.85000000  0.49898048
 1.70000000  0.90000000  0.44616227
 1.70000000  0.95000000  0.44290866
 1.70000000  1.00000000  0.48482994
 1.70000000  1.05000000  0.54999780
 1.70000000  1.10000000  0.61113542
 1.70000000  1.15000000  0.68021278
 1.70000000  1.20000000  0.72946942
 1.70000000  1.25000000  0.78224225
 1.70000000  1.30000000  0.85484024
 1.70000000  1.35000000  0.92731488
 1.70000000  1.40000000  0.99930611
 1.70000000  1.45000000  1.04730389
 1.70000000  1.50000000  1.06725479
 1.70000000  1.55000000  1.08218567
 1.70000000  1.60000000  1.09808582
 1.70000000  1.65000000  1.13744069
 1.70000000  1.70000000  1.19850671
 1.70000000  1.75000000  1.29223930
 1.70000000  1.80000000  1.36770072
 1.70000000  1.85000000  1.42946378
 1.70000000  1.90000000  1.44757759
 1.70000000  1.95000000  1.41784351
 1.70000000  2.00000000  1.36734630
 1.70000000  2.05000000  1.29837509
 1.70000000  2.10000000  1.21375392
 1.70000000  2.15000000  1.12469752
 1.70000000  2.20000000  1.00613569
 1.75000000 -0.25000000  0.61848663
 1.75000000 -0.20000000  0.50563686
 1.75000000 -0.15000000  0.40168012
 1.75000000 -0.10000000  0.30458169
 1.75000000 -0.05000000  0.23991161
 1.75000000  0.00000000  0.19697222
 1.75000000  0.05000000  0.20780601
 1.75000000  0.10000000  0.26620296
 1.75000000  0.15000000  0.37074247
 1.75000000  0.20000000  0.52172220
 1.75000000  0.25000000  0.70339017
 1.75000000  0.30000000  0.89859027
 1.75000000  0.35000000  1.06135204
 1.75000000  0.40000000  1.18987962
 1.75000000  0.45000000  1.26104328
 1.75000000  0.50000000  1.28435470
 1.75000000  0.55000000  1.24876265
 1.75000000  0.60000000  1.16649718
 1.75000000  0.65000000  1.04553269
 1.75000000  0.70000000  0.88502683
 1.75000000  0.75000000  0.72376845
 1.75000000  0.80000000  0.56669704
 1.75000000  0.85000000  0.43944342
 1.75000000  0.90000000  0.36351752
 1.75000000  0.95000000  0.33946371
 1.75000000  1.00000000  0.35179236
 1.75000000  1.05000000  0.37637139
 1.75000000  1.10000000  0.40284742
 1.75000000  1.15000000  0.41778376
 1.75000000  1.20000000  0.43549591
 1.75000000  1.25000000  0.46737366
 1.75000000  1.30000000  0.51767153
 1.75000000  1.35000000  0.59403197
 1.75000000  1.40000000  0.66375928
 1.75000000  1.45000000  0.72646970
 1.75000000  1.50000000  0.75890399
 1.75000000  1.55000000  0.78008554
 1.75000000  1.60000000  0.80252181
 1.75000000  1.65000000  0.85394265
 1.75000000  1.70000000  0.94242063
 1.75000000  1.75000000  1.07718328
 1.75000000  1.80000000  1.21774509
 1.75000000  1.85000000  1.35073028
 1.75000000  1.90000000  1.44161539
 1.75000000  1.95000000  1.48899193
 1.75000000  2.00000000  1.49683613
 1.75000000  2.05000000  1.46796528
 1.75000000  2.10000000  1.39764714
 1.75000000  2.15000000  1.30190229
 1.75000000  2.20000000  1.16013471
 1.80000000 -0.25000000  0.35525089
 1.80000000 -0.20000000  0.24017329
 1.80000000 -0.15000000  0.10303557
 1.80000000 -0.10000000 -0.00341969
 1.80000000 -0.05000000 -0.06798957
 1.80000000  0.00000000 -0.07922050
 1.80000000  0.05000000 -0.02542196
 1.80000000  0.10000000  0.08745991
 1.80000000  0.15000000  0.25470829
 1.80000000  0.20000000  0.46229238
 1.80000000  0.25000000  0.68550484
 1.80000000  0.30000000  0.91218128
 1.80000000  0.35000000  1.10478571
 1.80000000  0.40000000  1.24498897
 1.80000000  0.45000000  1.34029409
 1.80000000  0.50000000  1.35436469
 1.80000000  0.55000000  1.30454883
 1.80000000  0.60000000  1.21101246
 1.80000000  0.65000000  1.06058143
 1.80000000  0.70000000  0.88949694
 1.80000000  0.75000000  0.70732296
 1.80000000  0.80000000  0.53954865
 1.80000000  0.85000000  0.40921830
 1.80000000  0.90000000  0.32084786
 1.80000000  0.95000000  0.28641889
 1.80000000  1.00000000  0.26752584
 1.80000000  1.05000000  0.26795228
 1.80000000  1.10000000  0.25599210
 1.80000000  1.15000000  0.23526811
 1.80000000  1.20000000  0.20861702
 1.80000000  1.25000000  0.21398666
 1.80000000  1.30000000  0.25572152
 1.80000000  1.35000000  0.31868978
 1.80000000  1.40000000  0.39405499
 1.80000000  1.45000000  0.45588900
 1.80000000  1.50000000  0.49214928
 1.80000000  1.55000000  0.50723716
 1.80000000  1.60000000  0.52149351
 1.80000000  1.65000000  0.57197124
 1.80000000  1.70000000  0.67464612
 1.80000000  1.75000000  0.84190611
 1.80000000  1.80000000  1.03996441
 1.80000000  1.85000000  1.23948298
 1.80000000  1.90000000  1.40794493
 1.80000000  1.95000000  1.52892403
 1.80000000  2.00000000  1.59121318
 1.80000000  2.05000000  1.59033860
 1.80000000  2.10000000  1.53601922
 1.80000000  2.15000000  1.41666130
 1.80000000  2.20000000  1.23731403
 1.85000000 -0.25000000  0.09663975
 1.85000000 -0.20000000 -0.06244948
 1.85000000 -0.15000000 -0.22225712
 1.85000000 -0.10000000 -0.35372758
 1.85000000 -0.05000000 -0.41882963
 1.85000000  0.00000000 -0.40612422
 1.85000000  0.05000000 -0.29486348
 1.85000000  0.10000000 -0.10732419
 1.85000000  0.15000000  0.13530011
 1.85000000  0.20000000  0.41914712
 1.85000000  0.25000000  0.70582370
 1.85000000  0.30000000  0.98052679
 1.85000000  0.35000000  1.20440290
 1.85000000  0.40000000  1.37472152
 1.85000000  0.45000000  1.46487563
 1.85000000  0.50000000  1.47687054
 1.85000000  0.55000000  1.40856290
 1.85000000  0.60000000  1.29132466
 1.85000000  0.65000000  1.11250186
 1.85000000  0.70000000  0.91395633
 1.85000000  0.75000000  0.70692830
 1.85000000  0.80000000  0.53713688
 1.85000000  0.85000000  0.40389591
 1.85000000  0.90000000  0.32684500
 1.85000000  0.95000000  0.27251557
 1.85000000  1.00000000  0.24555680
 1.85000000  1.05000000  0.22054715
 1.85000000  1.10000000  0.18513250
 1.85000000  1.15000000  0.13876531
 1.85000000  1.20000000  0.09198659
 1.85000000  1.25000000  0.07170795
 1.85000000  1.30000000  0.09172876
 1.85000000  1.35000000  0.14281950
 1.85000000  1.40000000  0.20890766
 1.85000000  1.45000000  0.25397775
 1.85000000  1.50000000  0.27501482
 1.85000000  1.55000000  0.28209288
 1.85000000  1.60000000  0.28323030
 1.85000000  1.65000000  0.32298834
 1.85000000  1.70000000  0.42803242
 1.85000000  1.75000000  0.60906286
 1.85000000  1.80000000  0.83937070
 1.85000000  1.85000000  1.09753112
 1.85000000  1.90000000  1.33547692
 1.85000000  1.95000000  1.52215513
 1.85000000  2.00000000  1.63051011
 1.85000000  2.05000000  1.64911078
 1.85000000  2.10000000  1.59117521
 1.85000000  2.15000000  1.44432260
 1.85000000  2.20000000  1.20674399
 1.90000000 -0.25000000 -0.13065406
 1.90000000 -0.20000000 -0.31161382
 1.90000000 -0.15000000 -0.51191088
 1.90000000 -0.10000000 -0.67452873
 1.90000000 -0.05000000 -0.75914066
 1.90000000  0.00000000 -0.72176419
 1.90000000  0.05000000 -0.55776989
 1.90000000  0.10000000 -0.29400754
 1.90000000  0.15000000  0.03824805
 1.90000000  0.20000000  0.40163412
 1.90000000  0.25000000  0.76846722
 1.90000000  0.30000000  1.09397427
 1.90000000  0.35000000  1.36325258
 1.90000000  0.40000000  1.54812417
 1.90000000  0.45000000  1.64258998
 1.90000000  0.50000000  1.64317630
 1.90000000  0.55000000  1.55184753
 1.90000000  0.60000000  1.38584247
 1.90000000  0.65000000  1.17996155
 1.90000000  0.70000000  0.94291090
 1.90000000  0.75000000  0.73204735
 1.90000000  0.80000000  0.54421895
 1.90000000  0.85000000  0.41840122
 1.90000000  0.90000000  0.33752355
 1.90000000  0.95000000  0.29412421
 1.90000000  1.00000000  0.26350250
 1.90000000  1.05000000  0.23567907
 1.90000000  1.10000000  0.19501169
 1.90000000  1.15000000  0.14370786
 1.90000000  1.20000000  0.09057595
 1.90000000  1.25000000  0.05660377
 1.90000000  1.30000000  0.05466011
 1.90000000  1.35000000  0.07797100
 1.90000000  1.40000000  0.11046233
 1.90000000  1.45000000  0.13550463
 1.90000000  1.50000000  0.13655068
 1.90000000  1.55000000  0.11089733
 1.90000000  1.60000000  0.08766389
 1.90000000  1.65000000  0.10174846
 1.90000000  1.70000000  0.19844740
 1.90000000  1.75000000  0.37841766
 1.90000000  1.80000000  0.64810470
 1.90000000  1.85000000  0.93805742
 1.90000000  1.90000000  1.22800099
 1.90000000  1.95000000  1.46167392
 1.90000000  2.00000000  1.60723031
 1.90000000  2.05000000  1.62817095
 1.90000000  2.10000000  1.55089482
 1.90000000  2.15000000  1.36702419
 1.90000000  2.20000000  1.08894018
 1.95000000 -0.25000000 -0.27726002
 1.95000000 -0.20000000 -0.48087913
 1.95000000 -0.15000000 -0.72853965
 1.95000000 -0.10000000 -0.92358151
 1.95000000 -0.05000000 -1.01738204
 1.95000000  0.00000000 -0.96191380
 1.95000000  0.05000000 -0.75599506
 1.95000000  0.10000000 -0.42369160
 1.95000000  0.15000000 -0.01225712
 1.95000000  0.20000000  0.43674555
 1.95000000  0.25000000  0.87001640
 1.95000000  0.30000000  1.25980322
 1.95000000  0.35000000  1.56325504
 1.95000000  0.40000000  1.76913180
 1.95000000  0.45000000  1.86003410
 1.95000000  0.50000000  1.83901520
 1.95000000  0.55000000  1.71051993
 1.95000000  0.60000000  1.50329048
 1.95000000  0.65000000  1.24639479
 1.95000000  0.70000000  0.97579677
 1.95000000  0.75000000  0.72863395
 1.95000000  0.80000000  0.53604386
 1.95000000  0.85000000  0.40346517
 1.95000000  0.90000000  0.33412941
 1.95000000  0.95000000  0.31439182
 1.95000000  1.00000000  0.30323418
 1.95000000  1.05000000  0.29484134
 1.95000000  1.10000000  0.27115502
 1.95000000  1.15000000  0.23452688
 1.95000000  1.20000000  0.18884822
 1.95000000  1.25000000  0.13663734
 1.95000000  1.30000000  0.12083501
 1.95000000  1.35000000  0.10949993
 1.95000000  1.40000000  0.11152044
 1.95000000  1.45000000  0.08993939
 1.95000000  1.50000000  0.04952845
 1.95000000  1.55000000 -0.01583313
 1.95000000  1.60000000 -0.06342817
 1.95000000  1.65000000 -0.07849502
 1.95000000  1.70000000 -0.00376500
 1.95000000  1.75000000  0.17530359
 1.95000000  1.80000000  0.44408211
 1.95000000  1.85000000  0.77022188
 1.95000000  1.90000000  1.09920681
 1.95000000  1.95000000  1.35625694
 1.95000000  2.00000000  1.52113030
 1.95000000  2.05000000  1.55286755
 1.95000000  2.10000000  1.44417329
 1.95000000  2.15000000  1.21762675
 1.95000000  2.20000000  0.88761763
 2.00000000 -0.25000000 -0.32708005
 2.00000000 -0.20000000 -0.55195547
 2.00000000 -0.15000000 -0.82183075
 2.00000000 -0.10000000 -1.05031126
 2.00000000 -0.05000000 -1.14710062
 2.00000000  0.00000000 -1.09011500
 2.00000000  0.05000000 -0.85447631
 2.00000000  0.10000000 -0.47892896
 2.00000000  0.15000000  0.00290797
 2.00000000  0.20000000  0.51890063
 2.00000000  0.25000000  1.01181897
 2.00000000  0.30000000  1.44496063
 2.00000000  0.35000000  1.78109632
 2.00000000  0.40000000  1.99001238
 2.00000000  0.45000000  2.07432546
 2.00000000  0.50000000  2.02658272
 2.00000000  0.55000000  1.85928612
 2.00000000  0.60000000  1.60695610
 2.00000000  0.65000000  1.30034645
 2.00000000  0.70000000  0.98000949
 2.00000000  0.75000000  0.69941107
 2.00000000  0.80000000  0.49266088
 2.00000000  0.85000000  0.35647524
 2.00000000  0.90000000  0.29989385
 2.00000000  0.95000000  0.30158058
 2.00000000  1.00000000  0.33749636
 2.00000000  1.05000000  0.37217922
 2.00000000  1.10000000  0.38119253
 2.00000000  1.15000000  0.38448988
 2.00000000  1.20000000  0.35350199
 2.00000000  1.25000000  0.31480165
 2.00000000  1.30000000  0.27379346
 2.00000000  1.35000000  0.23579702
 2.00000000  1.40000000  0.18810095
 2.00000000  1.45000000  0.12246753
 2.00000000  1.50000000  0.02788945
 2.00000000  1.55000000 -0.07107315
 2.00000000  1.60000000 -0.16807804
 2.00000000  1.65000000 -0.20960032
 2.00000000  1.70000000 -0.15524281
 2.00000000  1.75000000  0.00496153
 2.00000000  1.80000000  0.26529377
 2.00000000  1.85000000  0.59935158
 2.00000000  1.90000000  0.93322748
 2.00000000  1.95000000  1.21811137
 2.00000000  2.00000000  1.39113814
 2.00000000  2.05000000  1.41429885
 2.00000000  2.10000000  1.28807325
 2.00000000  2.15000000  1.02696030
 2.00000000  2.20000000  0.65951056
 2.05000000 -0.25000000 -0.27496371
 2.05000000 -0.20000000 -0.52463605
 2.05000000 -0.15000000 -0.80690358
 2.05000000 -0.10000000 -1.04600048
 2.05000000 -0.05000000 -1.16208059
 2.05000000  0.00000000 -1.10522011
 2.05000000  0.05000000 -0.85900734
 2.05000000  0.10000000 -0.44697556
 2.05000000  0.15000000  0.07104320
 2.05000000  0.20000000  0.62675775
 2.05000000  0.25000000  1.16407010
 2.05000000  0.30000000  1.62215172
 2.05000000  0.35000000  1.97444192
 2.05000000  0.40000000  2.19065946
 2.05000000  0.45000000  2.26245952
 2.05000000  0.50000000  2.18818570
 2.05000000  0.55000000  1.97552611
 2.05000000  0.60000000  1.66706811
 2.05000000  0.65000000  1.30300574
 2.05000000  0.70000000  0.93547807
 2.05000000  0.75000000  0.62006906
 2.05000000  0.80000000  0.38338144
 2.05000000  0.85000000  0.25136709
 2.05000000  0.90000000  0.21565415
 2.05000000  0.95000000  0.24434575
 2.05000000  1.00000000  0.32017861
 2.05000000  1.05000000  0.41286521
 2.05000000  1.10000000  0.49048739
 2.05000000  1.15000000  0.53705766
 2.05000000  1.20000000  0.55581416
 2.05000000  1.25000000  0.54041887
 2.05000000  1.30000000  0.49635193
 2.05000000  1.35000000  0.42014996
 2.05000000  1.40000000  0.32548630
 2.05000000  1.45000000  0.21345131
 2.05000000  1.50000000  0.07595854
 2.05000000  1.55000000 -0.07535388
 2.05000000  1.60000000 -0.20574638
 2.05000000  1.65000000 -0.28654406
 2.05000000  1.70000000 -0.27128210
 2.05000000  1.75000000 -0.13004180
 2.05000000  1.80000000  0.11451976
 2.05000000  1.85000000  0.44090556
 2.05000000  1.90000000  0.77670395
 2.05000000  1.95000000  1.06188954
 2.05000000  2.00000000  1.24028606
 2.05000000  2.05000000  1.26097785
 2.05000000  2.10000000  1.13196863
 2.05000000  2.15000000  0.85096051
 2.05000000  2.20000000  0.46139421
 2.10000000 -0.25000000 -0.18178055
 2.10000000 -0.20000000 -0.42260387
 2.10000000 -0.15000000 -0.71174969
 2.10000000 -0.10000000 -0.95555968
 2.10000000 -0.05000000 -1.08314580
 2.10000000  0.00000000 -1.02963374
 2.10000000  0.05000000 -0.78393372
 2.10000000  0.10000000 -0.36579541
 2.10000000  0.15000000  0.15828688
 2.10000000  0.20000000  0.73413905
 2.10000000  0.25000000  1.27767846
 2.10000000  0.30000000  1.75460856
 2.10000000  0.35000000  2.11955300
 2.10000000  0.40000000  2.33236304
 2.10000000  0.45000000  2.39345183
 2.10000000  0.50000000  2.28413275
 2.10000000  0.55000000  2.03783599
 2.10000000  0.60000000  1.67739238
 2.10000000  0.65000000  1.25757489
 2.10000000  0.70000000  0.83552834
 2.10000000  0.75000000  0.46941760
 2.10000000  0.80000000  0.20333659
 2.10000000  0.85000000  0.06186496
 2.10000000  0.90000000  0.04057867
 2.10000000  0.95000000  0.11115937
 2.10000000  1.00000000  0.25266250
 2.10000000  1.05000000  0.41930298
 2.10000000  1.10000000  0.56765348
 2.10000000  1.15000000  0.68395021
 2.10000000  1.20000000  0.75419147
 2.10000000  1.25000000  0.77239084
 2.10000000  1.30000000  0.73487798
 2.10000000  1.35000000  0.65339553
 2.10000000  1.40000000  0.52501598
 2.10000000  1.45000000  0.37006814
 2.10000000  1.50000000  0.18809786
 2.10000000  1.55000000 -0.00254492
 2.10000000  1.60000000 -0.17943521
 2.10000000  1.65000000 -0.29756202
 2.10000000  1.70000000 -0.32555065
 2.10000000  1.75000000 -0.22664669
 2.10000000  1.80000000 -0.00994181
 2.10000000  1.85000000  0.29081123
 2.10000000  1.90000000  0.62044096
 2.10000000  1.95000000  0.91426908
 2.10000000  2.00000000  1.09608317
 2.10000000  2.05000000  1.12840193
 2.10000000  2.10000000  0.99542258
 2.10000000  2.15000000  0.70935900
 2.10000000  2.20000000  0.32747937
 2.15000000 -0.25000000 -0.08092685
 2.15000000 -0.20000000 -0.30155608
 2.15000000 -0.15000000 -0.57986235
 2.15000000 -0.10000000 -0.83431539
 2.15000000 -0.05000000 -0.96618109
 2.15000000  0.00000000 -0.92377302
 2.15000000  0.05000000 -0.70736063
 2.15000000  0.10000000 -0.30566828
 2.15000000  0.15000000  0.21179877
 2.15000000  0.20000000  0.77895181
 2.15000000  0.25000000  1.33105491
 2.15000000  0.30000000  1.81630628
 2.15000000  0.35000000  2.17913061
 2.15000000  0.40000000  2.39250438
 2.15000000  0.45000000  2.43828816
 2.15000000  0.50000000  2.31577807
 2.15000000  0.55000000  2.02963947
 2.15000000  0.60000000  1.62340277
 2.15000000  0.65000000  1.14709392
 2.15000000  0.70000000  0.66828852
 2.15000000  0.75000000  0.25867323
 2.15000000  0.80000000 -0.03896178
 2.15000000  0.85000000 -0.19129954
 2.15000000  0.90000000 -0.19747574
 2.15000000  0.95000000 -0.08107738
 2.15000000  1.00000000  0.11477706
 2.15000000  1.05000000  0.35633431
 2.15000000  1.10000000  0.58872078
 2.15000000  1.15000000  0.78110510
 2.15000000  1.20000000  0.91562146
 2.15000000  1.25000000  0.97397673
 2.15000000  1.30000000  0.95857227
 2.15000000  1.35000000  0.88887862
 2.15000000  1.40000000  0.74135505
 2.15000000  1.45000000  0.56982740
 2.15000000  1.50000000  0.35570140
 2.15000000  1.55000000  0.12161814
 2.15000000  1.60000000 -0.09584760
 2.15000000  1.65000000 -0.26196723
 2.15000000  1.70000000 -0.32964876
 2.15000000  1.75000000 -0.27050200
 2.15000000  1.80000000 -0.10341676
 2.15000000  1.85000000  0.18534155
 2.15000000  1.90000000  0.48506316
 2.15000000  1.95000000  0.77723992
 2.15000000  2.00000000  0.96731887
 2.15000000  2.05000000  1.01459867
 2.15000000  2.10000000  0.90457320
 2.15000000  2.15000000  0.64470564
 2.15000000  2.20000000  0.28203525
 2.20000000 -0.25000000  0.00056249
 2.20000000 -0.20000000 -0.20765196
 2.20000000 -0.15000000 -0.46954853
 2.20000000 -0.10000000 -0.71648257
 2.20000000 -0.05000000 -0.86608399
 2.20000000  0.00000000 -0.85931990
 2.20000000  0.05000000 -0.65678376
 2.20000000  0.10000000 -0.29084017
 2.20000000  0.15000000  0.20097593
 2.20000000  0.20000000  0.75359584
 2.20000000  0.25000000  1.29540093
 2.20000000  0.30000000  1.78034758
 2.20000000  0.35000000  2.14204289
 2.20000000  0.40000000  2.35581265
 2.20000000  0.45000000  2.40587936
 2.20000000  0.50000000  2.25640643
 2.20000000  0.55000000  1.95309006
 2.20000000  0.60000000  1.51044863
 2.20000000  0.65000000  0.98072234
 2.20000000  0.70000000  0.44797200
 2.20000000  0.75000000 -0.00303759
 2.20000000  0.80000000 -0.32437299
 2.20000000  0.85000000 -0.48807181
 2.20000000  0.90000000 -0.48306936
 2.20000000  0.95000000 -0.32146794
 2.20000000  1.00000000 -0.07072814
 2.20000000  1.05000000  0.24428113
 2.20000000  1.10000000  0.54785350
 2.20000000  1.15000000  0.82222165
 2.20000000  1.20000000  1.01608491
 2.20000000  1.25000000  1.12949248
 2.20000000  1.30000000  1.15395816
 2.20000000  1.35000000  1.10010680
 2.20000000  1.40000000  0.96992213
 2.20000000  1.45000000  0.77928516
 2.20000000  1.50000000  0.54557164
 2.20000000  1.55000000  0.28582537
 2.20000000  1.60000000  0.03421373
 2.20000000  1.65000000 -0.18060739
 2.20000000  1.70000000 -0.29303729
 2.20000000  1.75000000 -0.28964565
 2.20000000  1.80000000 -0.15090683
 2.20000000  1.85000000  0.07858117
 2.20000000  1.90000000  0.38269481
 2.20000000  1.95000000  0.65445239
 2.20000000  2.00000000  0.86474526
 2.20000000  2.05000000  0.93056021
 2.20000000  2.10000000  0.85427639
 2.20000000  2.15000000  0.62732208
 2.20000000  2.20000000  0.28471776
