LP
[1.9494370921021416, 3.3621526860062674, 5.3115897781084094, 6.7243053720125356, 8.6737424641146781]
myqEI
[1.2909469032365335, 6.1859718579797986, 9.6579437872789047, 13.90521836759973, 19.371523398599891]
PE
[-2.8335392588573454, -6.0186207461532799, -8.6798388494487195, -9.13770125231785, -7.1882641602157085]
BUCB
[-2.8335392588573454, -6.0186207461532799, -8.6798388494487195, -9.13770125231785, -7.1882641602157085]
MLE H=4
[-1.0558103488379222, -1.5136727517070518, -0.22272584847051835, 1.7476327556642119, 3.9369110940054619]
H=1
[-1.0558103488379222, -1.5136727517070518, -0.22272584847051835, 1.7476327556642119, 3.9369110940054619]
H=2
[-1.0558103488379222, -1.5136727517070518, -0.22272584847051835, 1.7476327556642119, 3.9369110940054619]
H=3
[1.9494370921021416, 4.5858529502881868, 7.6429158098265209, 11.896276279744026, 16.038285323941224]
LP
[1.2909469032365335, 2.1359213522440403, 3.4268682554805738, 4.2718427044880807, 5.5627896077246142]
myqEI
[1.2909469032365335, -1.5419266943717105, -2.6007302034278399, 2.2942947513154253, 5.7662666806145317]
PE
[-1.0558103488379222, -3.9145666767919112, -7.4014721171288045, -9.13770125231785, -7.1882641602157085]
BUCB
[1.9494370921021416, 6.1967116724229667, 10.593481003565611, 14.846841473483115, 19.120110375092445]
MLE H=4
[-1.0558103488379222, -1.5136727517070518, -0.22272584847051835, 1.7476327556642119, 3.9369110940054619]
H=1
[-1.0558103488379222, -1.5136727517070518, -0.22272584847051835, 1.7476327556642119, 3.9369110940054619]
H=2
[-1.0558103488379222, -1.5136727517070518, -0.22272584847051835, 1.7476327556642119, 3.9369110940054619]
H=3
[1.9494370921021416, 4.5858529502881868, 7.6429158098265209, 11.896276279744026, 16.038285323941224]
