Physical State
[[ 1.4   0.95]
 [ 1.4   0.9 ]
 [ 1.4   0.85]
 [ 1.4   0.8 ]]
Locations
[[ 1.    1.  ]
 [ 1.05  1.  ]
 [ 1.1   1.  ]
 [ 1.15  1.  ]
 [ 1.2   1.  ]
 [ 1.25  1.  ]
 [ 1.3   1.  ]
 [ 1.35  1.  ]
 [ 1.4   1.  ]
 [ 1.4   0.95]
 [ 1.4   0.9 ]
 [ 1.4   0.85]
 [ 1.4   0.8 ]]
Measurements
[ 0.39174015  0.65438065  0.81067884  0.88425277  0.92846165  0.93459492
  0.97320203  1.00476487  1.05219086  1.01299644  1.02882204  1.10487056
  1.23871066]
Total accumulated reward = 11.6279262947
Nodes expanded = -1