Physical State
[[ 0.8   1.35]
 [ 0.8   1.3 ]
 [ 0.8   1.25]
 [ 0.8   1.2 ]]
Locations
[[ 1.    1.  ]
 [ 1.    1.05]
 [ 1.    1.1 ]
 [ 1.    1.15]
 [ 1.    1.2 ]
 [ 1.    1.25]
 [ 1.    1.3 ]
 [ 1.    1.35]
 [ 1.    1.4 ]
 [ 0.95  1.4 ]
 [ 0.9   1.4 ]
 [ 0.85  1.4 ]
 [ 0.8   1.4 ]
 [ 0.8   1.35]
 [ 0.8   1.3 ]
 [ 0.8   1.25]
 [ 0.8   1.2 ]]
Measurements
[ -1.23180961e-03   1.51493140e-01   4.45556091e-01   8.56873291e-01
   1.32461607e+00   1.73928006e+00   2.01194726e+00   2.07533303e+00
   1.92434741e+00   1.66137051e+00   1.34430581e+00   9.95530023e-01
   6.58292036e-01   1.08753417e+00   1.34077378e+00   1.40519645e+00
   1.32998256e+00]
Total accumulated reward = 20.3524316915
Nodes expanded = -1.0