Physical State
[[ 1.    0.65]
 [ 1.    0.7 ]
 [ 1.    0.75]
 [ 1.    0.8 ]]
Locations
[[ 1.    1.  ]
 [ 1.    0.95]
 [ 1.    0.9 ]
 [ 1.    0.85]
 [ 1.    0.8 ]
 [ 1.    0.75]
 [ 1.    0.7 ]
 [ 1.    0.65]
 [ 1.    0.6 ]
 [ 1.    0.65]
 [ 1.    0.7 ]
 [ 1.    0.75]
 [ 1.    0.8 ]]
Measurements
[ 0.5656135   0.86230251  1.17554985  1.44675119  1.64829333  1.77247553
  1.79762024  1.73356679  1.58284274  1.73356679  1.79762024  1.77247553
  1.64829333]
Total accumulated reward = 18.9713580819
Nodes expanded = -1