Physical State
[[ 1.05  0.6 ]
 [ 1.1   0.6 ]
 [ 1.15  0.6 ]
 [ 1.2   0.6 ]]
Locations
[[ 1.    1.  ]
 [ 1.05  1.  ]
 [ 1.1   1.  ]
 [ 1.15  1.  ]
 [ 1.2   1.  ]
 [ 1.2   0.95]
 [ 1.2   0.9 ]
 [ 1.2   0.85]
 [ 1.2   0.8 ]
 [ 1.15  0.8 ]
 [ 1.1   0.8 ]
 [ 1.05  0.8 ]
 [ 1.    0.8 ]
 [ 1.    0.75]
 [ 1.    0.7 ]
 [ 1.    0.65]
 [ 1.    0.6 ]
 [ 1.05  0.6 ]
 [ 1.1   0.6 ]
 [ 1.15  0.6 ]
 [ 1.2   0.6 ]]
Measurements
[ 0.47184674  0.32582447  0.14241858 -0.04658425 -0.24967116 -0.26149361
 -0.24967179 -0.22263285 -0.21063645  0.2140179   0.5361189   0.72558802
  0.78806029  0.68698069  0.52439651  0.33144578  0.13586719  0.16517658
  0.10107766 -0.07309572 -0.32423699]
Total accumulated reward = 3.03894972095
Nodes expanded = -1.0