Physical State
[[ 0.75  1.2 ]
 [ 0.7   1.2 ]
 [ 0.65  1.2 ]
 [ 0.6   1.2 ]]
Locations
[[ 1.    1.  ]
 [ 1.05  1.  ]
 [ 1.1   1.  ]
 [ 1.15  1.  ]
 [ 1.2   1.  ]
 [ 1.15  1.  ]
 [ 1.1   1.  ]
 [ 1.05  1.  ]
 [ 1.    1.  ]
 [ 1.    1.05]
 [ 1.    1.1 ]
 [ 1.    1.15]
 [ 1.    1.2 ]
 [ 0.95  1.2 ]
 [ 0.9   1.2 ]
 [ 0.85  1.2 ]
 [ 0.8   1.2 ]
 [ 0.75  1.2 ]
 [ 0.7   1.2 ]
 [ 0.65  1.2 ]
 [ 0.6   1.2 ]]
Measurements
[ 0.40832374  0.26528972  0.06500125 -0.18978168 -0.45816042 -0.18978168
  0.06500125  0.26528972  0.40832374  0.64091011  0.80644943  0.92635359
  0.96283115  0.85791778  0.75876055  0.6991208   0.69507886  0.73376552
  0.7732233   0.78404108  0.72070395]
Total accumulated reward = 9.59033802647
Nodes expanded = -1