Physical State
[[ 1.    1.05]
 [ 1.    1.1 ]
 [ 1.    1.15]
 [ 1.    1.2 ]]
Locations
[[ 1.    1.  ]
 [ 1.05  1.  ]
 [ 1.1   1.  ]
 [ 1.15  1.  ]
 [ 1.2   1.  ]
 [ 1.15  1.  ]
 [ 1.1   1.  ]
 [ 1.05  1.  ]
 [ 1.    1.  ]
 [ 1.    1.05]
 [ 1.    1.1 ]
 [ 1.    1.15]
 [ 1.    1.2 ]]
Measurements
[ 0.40832374  0.26528972  0.06500125 -0.18978168 -0.45816042 -0.18978168
  0.06500125  0.26528972  0.40832374  0.64091011  0.80644943  0.92635359
  0.96283115]
Total accumulated reward = 3.56772619589
Nodes expanded = -1