Physical State
[[ 1.    0.95]
 [ 1.    0.9 ]
 [ 1.    0.85]
 [ 1.    0.8 ]]
Locations
[[ 1.    1.  ]
 [ 1.    1.05]
 [ 1.    1.1 ]
 [ 1.    1.15]
 [ 1.    1.2 ]
 [ 1.    1.15]
 [ 1.    1.1 ]
 [ 1.    1.05]
 [ 1.    1.  ]
 [ 1.    0.95]
 [ 1.    0.9 ]
 [ 1.    0.85]
 [ 1.    0.8 ]]
Measurements
[-0.13806479 -0.30261504 -0.46364023 -0.58459824 -0.66194241 -0.58459824
 -0.46364023 -0.30261504 -0.13806479  0.01763272  0.1384397   0.21915198
  0.29321246]
Total accumulated reward = -2.83327734642
Nodes expanded = -1