Physical State
[[ 1.    0.55]
 [ 1.    0.5 ]
 [ 1.    0.45]
 [ 1.    0.4 ]]
Locations
[[ 1.    1.  ]
 [ 1.    0.95]
 [ 1.    0.9 ]
 [ 1.    0.85]
 [ 1.    0.8 ]
 [ 1.    0.75]
 [ 1.    0.7 ]
 [ 1.    0.65]
 [ 1.    0.6 ]
 [ 1.    0.55]
 [ 1.    0.5 ]
 [ 1.    0.45]
 [ 1.    0.4 ]]
Measurements
[-0.57287335 -0.65683592 -0.65240963 -0.56622431 -0.40290631 -0.21852886
 -0.02371925  0.17270179  0.36123529  0.53006036  0.6871577   0.78258883
  0.82888194]
Total accumulated reward = 0.842001639198
Nodes expanded = -1