Physical State
[[ 1.    0.55]
 [ 1.    0.5 ]
 [ 1.    0.45]
 [ 1.    0.4 ]]
Locations
[[ 1.    1.  ]
 [ 1.    0.95]
 [ 1.    0.9 ]
 [ 1.    0.85]
 [ 1.    0.8 ]
 [ 1.    0.75]
 [ 1.    0.7 ]
 [ 1.    0.65]
 [ 1.    0.6 ]
 [ 1.    0.55]
 [ 1.    0.5 ]
 [ 1.    0.45]
 [ 1.    0.4 ]]
Measurements
[-0.13806479  0.01763272  0.1384397   0.21915198  0.29321246  0.38654575
  0.53150743  0.7346214   0.96995698  1.19567735  1.36498518  1.43784653
  1.3995884 ]
Total accumulated reward = 8.68916587801
Nodes expanded = -1