Physical State
[[ 1.25  0.8 ]
 [ 1.3   0.8 ]
 [ 1.35  0.8 ]
 [ 1.4   0.8 ]]
Locations
[[ 1.    1.  ]
 [ 1.05  1.  ]
 [ 1.1   1.  ]
 [ 1.15  1.  ]
 [ 1.2   1.  ]
 [ 1.2   0.95]
 [ 1.2   0.9 ]
 [ 1.2   0.85]
 [ 1.2   0.8 ]
 [ 1.25  0.8 ]
 [ 1.3   0.8 ]
 [ 1.35  0.8 ]
 [ 1.4   0.8 ]]
Measurements
[ 0.39174015  0.65438065  0.81067884  0.88425277  0.92846165  1.08748789
  1.28011408  1.50424513  1.7037643   1.62014853  1.50333299  1.36291398
  1.23871066]
Total accumulated reward = 14.5784914885
Nodes expanded = -1.0