-0.25000000 -0.25000000 -0.55862504
-0.25000000 -0.20000000 -0.62469261
-0.25000000 -0.15000000 -0.56714989
-0.25000000 -0.10000000 -0.40074053
-0.25000000 -0.05000000 -0.13648053
-0.25000000  0.00000000  0.18218019
-0.25000000  0.05000000  0.49520398
-0.25000000  0.10000000  0.74224184
-0.25000000  0.15000000  0.88941338
-0.25000000  0.20000000  0.90380798
-0.25000000  0.25000000  0.78289408
-0.25000000  0.30000000  0.56677599
-0.25000000  0.35000000  0.26815144
-0.25000000  0.40000000 -0.01560924
-0.25000000  0.45000000 -0.25869248
-0.25000000  0.50000000 -0.40678248
-0.25000000  0.55000000 -0.43483997
-0.25000000  0.60000000 -0.34215222
-0.25000000  0.65000000 -0.12818986
-0.25000000  0.70000000  0.19227119
-0.25000000  0.75000000  0.57173618
-0.25000000  0.80000000  0.99450260
-0.25000000  0.85000000  1.43048773
-0.25000000  0.90000000  1.86163243
-0.25000000  0.95000000  2.24809832
-0.25000000  1.00000000  2.55528207
-0.25000000  1.05000000  2.73920244
-0.25000000  1.10000000  2.76803613
-0.25000000  1.15000000  2.59715905
-0.25000000  1.20000000  2.26225694
-0.25000000  1.25000000  1.79950775
-0.25000000  1.30000000  1.26757209
-0.25000000  1.35000000  0.74476192
-0.25000000  1.40000000  0.28589642
-0.25000000  1.45000000 -0.06212519
-0.25000000  1.50000000 -0.27386650
-0.25000000  1.55000000 -0.36645172
-0.25000000  1.60000000 -0.35677069
-0.25000000  1.65000000 -0.25503494
-0.25000000  1.70000000 -0.13789159
-0.25000000  1.75000000 -0.03938256
-0.25000000  1.80000000 -0.01194810
-0.25000000  1.85000000 -0.08334939
-0.25000000  1.90000000 -0.22401540
-0.25000000  1.95000000 -0.41574909
-0.25000000  2.00000000 -0.58598259
-0.25000000  2.05000000 -0.68146296
-0.25000000  2.10000000 -0.68173848
-0.25000000  2.15000000 -0.56099430
-0.25000000  2.20000000 -0.36882629
-0.20000000 -0.25000000 -0.55631188
-0.20000000 -0.20000000 -0.59254680
-0.20000000 -0.15000000 -0.50391442
-0.20000000 -0.10000000 -0.29187842
-0.20000000 -0.05000000  0.02561798
-0.20000000  0.00000000  0.36414515
-0.20000000  0.05000000  0.67810828
-0.20000000  0.10000000  0.92425492
-0.20000000  0.15000000  1.05008463
-0.20000000  0.20000000  1.04472409
-0.20000000  0.25000000  0.91895989
-0.20000000  0.30000000  0.71192835
-0.20000000  0.35000000  0.45669100
-0.20000000  0.40000000  0.19705833
-0.20000000  0.45000000  0.00763422
-0.20000000  0.50000000 -0.09837236
-0.20000000  0.55000000 -0.11273230
-0.20000000  0.60000000 -0.02064393
-0.20000000  0.65000000  0.16965497
-0.20000000  0.70000000  0.42726649
-0.20000000  0.75000000  0.75430298
-0.20000000  0.80000000  1.12273274
-0.20000000  0.85000000  1.52419898
-0.20000000  0.90000000  1.92503074
-0.20000000  0.95000000  2.29717937
-0.20000000  1.00000000  2.58145392
-0.20000000  1.05000000  2.75647876
-0.20000000  1.10000000  2.74064609
-0.20000000  1.15000000  2.53904296
-0.20000000  1.20000000  2.15527524
-0.20000000  1.25000000  1.62408350
-0.20000000  1.30000000  1.05685997
-0.20000000  1.35000000  0.50216864
-0.20000000  1.40000000  0.04582325
-0.20000000  1.45000000 -0.27682220
-0.20000000  1.50000000 -0.45685925
-0.20000000  1.55000000 -0.48266860
-0.20000000  1.60000000 -0.38135481
-0.20000000  1.65000000 -0.20868305
-0.20000000  1.70000000 -0.01289369
-0.20000000  1.75000000  0.15009662
-0.20000000  1.80000000  0.22300654
-0.20000000  1.85000000  0.18132921
-0.20000000  1.90000000  0.03306153
-0.20000000  1.95000000 -0.16744357
-0.20000000  2.00000000 -0.37971806
-0.20000000  2.05000000 -0.53723369
-0.20000000  2.10000000 -0.59812868
-0.20000000  2.15000000 -0.55558499
-0.20000000  2.20000000 -0.42250418
-0.15000000 -0.25000000 -0.53578829
-0.15000000 -0.20000000 -0.55785852
-0.15000000 -0.15000000 -0.44589072
-0.15000000 -0.10000000 -0.20514895
-0.15000000 -0.05000000  0.11699784
-0.15000000  0.00000000  0.47707654
-0.15000000  0.05000000  0.78579055
-0.15000000  0.10000000  1.01392974
-0.15000000  0.15000000  1.12112048
-0.15000000  0.20000000  1.12074067
-0.15000000  0.25000000  1.00386030
-0.15000000  0.30000000  0.83145597
-0.15000000  0.35000000  0.62313099
-0.15000000  0.40000000  0.44423396
-0.15000000  0.45000000  0.30681736
-0.15000000  0.50000000  0.24098798
-0.15000000  0.55000000  0.25509251
-0.15000000  0.60000000  0.33606494
-0.15000000  0.65000000  0.49532989
-0.15000000  0.70000000  0.71580003
-0.15000000  0.75000000  0.98501185
-0.15000000  0.80000000  1.28854911
-0.15000000  0.85000000  1.63309225
-0.15000000  0.90000000  1.98051100
-0.15000000  0.95000000  2.31469021
-0.15000000  1.00000000  2.56141774
-0.15000000  1.05000000  2.68358230
-0.15000000  1.10000000  2.61958802
-0.15000000  1.15000000  2.35614153
-0.15000000  1.20000000  1.91610409
-0.15000000  1.25000000  1.34924525
-0.15000000  1.30000000  0.75064102
-0.15000000  1.35000000  0.19923513
-0.15000000  1.40000000 -0.23849458
-0.15000000  1.45000000 -0.50308569
-0.15000000  1.50000000 -0.60895662
-0.15000000  1.55000000 -0.54405550
-0.15000000  1.60000000 -0.35227857
-0.15000000  1.65000000 -0.06944145
-0.15000000  1.70000000  0.20925933
-0.15000000  1.75000000  0.44387943
-0.15000000  1.80000000  0.55790863
-0.15000000  1.85000000  0.55002639
-0.15000000  1.90000000  0.40690410
-0.15000000  1.95000000  0.18434653
-0.15000000  2.00000000 -0.06013693
-0.15000000  2.05000000 -0.27915618
-0.15000000  2.10000000 -0.41866616
-0.15000000  2.15000000 -0.47111019
-0.15000000  2.20000000 -0.42574497
-0.10000000 -0.25000000 -0.51887747
-0.10000000 -0.20000000 -0.54252904
-0.10000000 -0.15000000 -0.42027022
-0.10000000 -0.10000000 -0.18038266
-0.10000000 -0.05000000  0.13853363
-0.10000000  0.00000000  0.47142676
-0.10000000  0.05000000  0.76412774
-0.10000000  0.10000000  0.97543058
-0.10000000  0.15000000  1.08347438
-0.10000000  0.20000000  1.07927375
-0.10000000  0.25000000  1.00309903
-0.10000000  0.30000000  0.88745524
-0.10000000  0.35000000  0.75628425
-0.10000000  0.40000000  0.64756817
-0.10000000  0.45000000  0.57754106
-0.10000000  0.50000000  0.55929732
-0.10000000  0.55000000  0.58098084
-0.10000000  0.60000000  0.66819992
-0.10000000  0.65000000  0.79599075
-0.10000000  0.70000000  0.97178139
-0.10000000  0.75000000  1.18768980
-0.10000000  0.80000000  1.44517320
-0.10000000  0.85000000  1.72900783
-0.10000000  0.90000000  2.02654483
-0.10000000  0.95000000  2.29800977
-0.10000000  1.00000000  2.48193797
-0.10000000  1.05000000  2.54208299
-0.10000000  1.10000000  2.41050250
-0.10000000  1.15000000  2.08373059
-0.10000000  1.20000000  1.60373450
-0.10000000  1.25000000  0.99777239
-0.10000000  1.30000000  0.39590140
-0.10000000  1.35000000 -0.13921235
-0.10000000  1.40000000 -0.52231485
-0.10000000  1.45000000 -0.72319737
-0.10000000  1.50000000 -0.73221180
-0.10000000  1.55000000 -0.55987160
-0.10000000  1.60000000 -0.26321860
-0.10000000  1.65000000  0.10915002
-0.10000000  1.70000000  0.47244727
-0.10000000  1.75000000  0.77012992
-0.10000000  1.80000000  0.93445395
-0.10000000  1.85000000  0.93934354
-0.10000000  1.90000000  0.81660460
-0.10000000  1.95000000  0.58404275
-0.10000000  2.00000000  0.30585622
-0.10000000  2.05000000  0.03546030
-0.10000000  2.10000000 -0.17993484
-0.10000000  2.15000000 -0.32759707
-0.10000000  2.20000000 -0.39433509
-0.05000000 -0.25000000 -0.50642145
-0.05000000 -0.20000000 -0.53294195
-0.05000000 -0.15000000 -0.43048233
-0.05000000 -0.10000000 -0.21762057
-0.05000000 -0.05000000  0.06571109
-0.05000000  0.00000000  0.36114592
-0.05000000  0.05000000  0.61368180
-0.05000000  0.10000000  0.80359374
-0.05000000  0.15000000  0.89869600
-0.05000000  0.20000000  0.93280962
-0.05000000  0.25000000  0.90295030
-0.05000000  0.30000000  0.85760839
-0.05000000  0.35000000  0.80940013
-0.05000000  0.40000000  0.77744774
-0.05000000  0.45000000  0.77476987
-0.05000000  0.50000000  0.79141328
-0.05000000  0.55000000  0.83969552
-0.05000000  0.60000000  0.90644024
-0.05000000  0.65000000  1.00159992
-0.05000000  0.70000000  1.14098155
-0.05000000  0.75000000  1.31439427
-0.05000000  0.80000000  1.53122526
-0.05000000  0.85000000  1.77358737
-0.05000000  0.90000000  2.01914125
-0.05000000  0.95000000  2.22536744
-0.05000000  1.00000000  2.34568993
-0.05000000  1.05000000  2.33650178
-0.05000000  1.10000000  2.14409721
-0.05000000  1.15000000  1.76756196
-0.05000000  1.20000000  1.24626765
-0.05000000  1.25000000  0.63734821
-0.05000000  1.30000000  0.03901587
-0.05000000  1.35000000 -0.44729067
-0.05000000  1.40000000 -0.78351173
-0.05000000  1.45000000 -0.90955007
-0.05000000  1.50000000 -0.83257823
-0.05000000  1.55000000 -0.57268051
-0.05000000  1.60000000 -0.18365140
-0.05000000  1.65000000  0.27473741
-0.05000000  1.70000000  0.71139779
-0.05000000  1.75000000  1.05556356
-0.05000000  1.80000000  1.25092163
-0.05000000  1.85000000  1.29596103
-0.05000000  1.90000000  1.17643886
-0.05000000  1.95000000  0.94827331
-0.05000000  2.00000000  0.65270570
-0.05000000  2.05000000  0.33339727
-0.05000000  2.10000000  0.04095247
-0.05000000  2.15000000 -0.19633163
-0.05000000  2.20000000 -0.36995592
 0.00000000 -0.25000000 -0.47350639
 0.00000000 -0.20000000 -0.52341983
 0.00000000 -0.15000000 -0.45989907
 0.00000000 -0.10000000 -0.29247668
 0.00000000 -0.05000000 -0.07339634
 0.00000000  0.00000000  0.14433825
 0.00000000  0.05000000  0.35340108
 0.00000000  0.10000000  0.51034883
 0.00000000  0.15000000  0.60320144
 0.00000000  0.20000000  0.66109268
 0.00000000  0.25000000  0.69540235
 0.00000000  0.30000000  0.72435634
 0.00000000  0.35000000  0.75867382
 0.00000000  0.40000000  0.80671101
 0.00000000  0.45000000  0.85037398
 0.00000000  0.50000000  0.89665796
 0.00000000  0.55000000  0.94678306
 0.00000000  0.60000000  0.99185740
 0.00000000  0.65000000  1.05583389
 0.00000000  0.70000000  1.16325609
 0.00000000  0.75000000  1.31170697
 0.00000000  0.80000000  1.49693932
 0.00000000  0.85000000  1.71395122
 0.00000000  0.90000000  1.92007618
 0.00000000  0.95000000  2.08549091
 0.00000000  1.00000000  2.15632987
 0.00000000  1.05000000  2.08563585
 0.00000000  1.10000000  1.84294217
 0.00000000  1.15000000  1.44130452
 0.00000000  1.20000000  0.90872371
 0.00000000  1.25000000  0.30927541
 0.00000000  1.30000000 -0.25997222
 0.00000000  1.35000000 -0.69997480
 0.00000000  1.40000000 -0.97413864
 0.00000000  1.45000000 -1.04260956
 0.00000000  1.50000000 -0.89758988
 0.00000000  1.55000000 -0.57734630
 0.00000000  1.60000000 -0.13197858
 0.00000000  1.65000000  0.37758059
 0.00000000  1.70000000  0.86306297
 0.00000000  1.75000000  1.24812288
 0.00000000  1.80000000  1.48227083
 0.00000000  1.85000000  1.55103617
 0.00000000  1.90000000  1.44756618
 0.00000000  1.95000000  1.22127421
 0.00000000  2.00000000  0.91836606
 0.00000000  2.05000000  0.56841869
 0.00000000  2.10000000  0.20898224
 0.00000000  2.15000000 -0.10693588
 0.00000000  2.20000000 -0.37446551
 0.05000000 -0.25000000 -0.42349726
 0.05000000 -0.20000000 -0.50527864
 0.05000000 -0.15000000 -0.48234344
 0.05000000 -0.10000000 -0.39193362
 0.05000000 -0.05000000 -0.25673360
 0.05000000  0.00000000 -0.11417955
 0.05000000  0.05000000  0.02349765
 0.05000000  0.10000000  0.13477562
 0.05000000  0.15000000  0.23131655
 0.05000000  0.20000000  0.31230786
 0.05000000  0.25000000  0.40008292
 0.05000000  0.30000000  0.49059265
 0.05000000  0.35000000  0.59759290
 0.05000000  0.40000000  0.69010314
 0.05000000  0.45000000  0.77542332
 0.05000000  0.50000000  0.83177637
 0.05000000  0.55000000  0.87410250
 0.05000000  0.60000000  0.90539303
 0.05000000  0.65000000  0.94289177
 0.05000000  0.70000000  1.02286261
 0.05000000  0.75000000  1.14889712
 0.05000000  0.80000000  1.32157750
 0.05000000  0.85000000  1.52520835
 0.05000000  0.90000000  1.71184251
 0.05000000  0.95000000  1.85085665
 0.05000000  1.00000000  1.90127367
 0.05000000  1.05000000  1.80944309
 0.05000000  1.10000000  1.53920005
 0.05000000  1.15000000  1.13629189
 0.05000000  1.20000000  0.61263368
 0.05000000  1.25000000  0.05035288
 0.05000000  1.30000000 -0.47151125
 0.05000000  1.35000000 -0.87962458
 0.05000000  1.40000000 -1.10409524
 0.05000000  1.45000000 -1.11133121
 0.05000000  1.50000000 -0.94017100
 0.05000000  1.55000000 -0.58540062
 0.05000000  1.60000000 -0.11950180
 0.05000000  1.65000000  0.40963511
 0.05000000  1.70000000  0.91417412
 0.05000000  1.75000000  1.32563397
 0.05000000  1.80000000  1.57966973
 0.05000000  1.85000000  1.67226786
 0.05000000  1.90000000  1.59311348
 0.05000000  1.95000000  1.38694466
 0.05000000  2.00000000  1.07750634
 0.05000000  2.05000000  0.71151494
 0.05000000  2.10000000  0.30733604
 0.05000000  2.15000000 -0.09867013
 0.05000000  2.20000000 -0.43405828
 0.10000000 -0.25000000 -0.34029546
 0.10000000 -0.20000000 -0.44838197
 0.10000000 -0.15000000 -0.48755371
 0.10000000 -0.10000000 -0.48444336
 0.10000000 -0.05000000 -0.44096169
 0.10000000  0.00000000 -0.39090869
 0.10000000  0.05000000 -0.33326719
 0.10000000  0.10000000 -0.26774570
 0.10000000  0.15000000 -0.18978414
 0.10000000  0.20000000 -0.09797729
 0.10000000  0.25000000  0.02349056
 0.10000000  0.30000000  0.16860248
 0.10000000  0.35000000  0.31623520
 0.10000000  0.40000000  0.44691934
 0.10000000  0.45000000  0.54688296
 0.10000000  0.50000000  0.60806074
 0.10000000  0.55000000  0.62523776
 0.10000000  0.60000000  0.62829007
 0.10000000  0.65000000  0.64585340
 0.10000000  0.70000000  0.70774444
 0.10000000  0.75000000  0.82459137
 0.10000000  0.80000000  0.99270885
 0.10000000  0.85000000  1.19982005
 0.10000000  0.90000000  1.40029913
 0.10000000  0.95000000  1.54532256
 0.10000000  1.00000000  1.58313486
 0.10000000  1.05000000  1.48652836
 0.10000000  1.10000000  1.24812267
 0.10000000  1.15000000  0.86734954
 0.10000000  1.20000000  0.38772339
 0.10000000  1.25000000 -0.12725434
 0.10000000  1.30000000 -0.59176663
 0.10000000  1.35000000 -0.94403885
 0.10000000  1.40000000 -1.13311798
 0.10000000  1.45000000 -1.14059425
 0.10000000  1.50000000 -0.95541958
 0.10000000  1.55000000 -0.59966183
 0.10000000  1.60000000 -0.13260830
 0.10000000  1.65000000  0.38630615
 0.10000000  1.70000000  0.88932700
 0.10000000  1.75000000  1.30380485
 0.10000000  1.80000000  1.57520646
 0.10000000  1.85000000  1.68195529
 0.10000000  1.90000000  1.63605406
 0.10000000  1.95000000  1.44705354
 0.10000000  2.00000000  1.13909641
 0.10000000  2.05000000  0.75335138
 0.10000000  2.10000000  0.31143482
 0.10000000  2.15000000 -0.13783080
 0.10000000  2.20000000 -0.54225335
 0.15000000 -0.25000000 -0.21830829
 0.15000000 -0.20000000 -0.36337634
 0.15000000 -0.15000000 -0.46059363
 0.15000000 -0.10000000 -0.53759871
 0.15000000 -0.05000000 -0.59930746
 0.15000000  0.00000000 -0.63743751
 0.15000000  0.05000000 -0.66471211
 0.15000000  0.10000000 -0.66239076
 0.15000000  0.15000000 -0.61454995
 0.15000000  0.20000000 -0.51973527
 0.15000000  0.25000000 -0.38615269
 0.15000000  0.30000000 -0.21568362
 0.15000000  0.35000000 -0.05577501
 0.15000000  0.40000000  0.08466851
 0.15000000  0.45000000  0.18882138
 0.15000000  0.50000000  0.23301423
 0.15000000  0.55000000  0.23673025
 0.15000000  0.60000000  0.21528308
 0.15000000  0.65000000  0.21217976
 0.15000000  0.70000000  0.25763188
 0.15000000  0.75000000  0.36261595
 0.15000000  0.80000000  0.54499429
 0.15000000  0.85000000  0.76640741
 0.15000000  0.90000000  0.98217985
 0.15000000  0.95000000  1.14382414
 0.15000000  1.00000000  1.21552229
 0.15000000  1.05000000  1.15149161
 0.15000000  1.10000000  0.94818608
 0.15000000  1.15000000  0.62442141
 0.15000000  1.20000000  0.21656622
 0.15000000  1.25000000 -0.22326317
 0.15000000  1.30000000 -0.62864263
 0.15000000  1.35000000 -0.93790259
 0.15000000  1.40000000 -1.09909593
 0.15000000  1.45000000 -1.10776783
 0.15000000  1.50000000 -0.93868741
 0.15000000  1.55000000 -0.61622562
 0.15000000  1.60000000 -0.16895506
 0.15000000  1.65000000  0.32651866
 0.15000000  1.70000000  0.81329176
 0.15000000  1.75000000  1.22081049
 0.15000000  1.80000000  1.50408498
 0.15000000  1.85000000  1.63146246
 0.15000000  1.90000000  1.59487976
 0.15000000  1.95000000  1.42948366
 0.15000000  2.00000000  1.12650955
 0.15000000  2.05000000  0.72012897
 0.15000000  2.10000000  0.25632352
 0.15000000  2.15000000 -0.23071227
 0.15000000  2.20000000 -0.66903731
 0.20000000 -0.25000000 -0.08640589
 0.20000000 -0.20000000 -0.25824019
 0.20000000 -0.15000000 -0.40981607
 0.20000000 -0.10000000 -0.56215621
 0.20000000 -0.05000000 -0.71734886
 0.20000000  0.00000000 -0.85444005
 0.20000000  0.05000000 -0.96333230
 0.20000000  0.10000000 -1.02895472
 0.20000000  0.15000000 -1.01771845
 0.20000000  0.20000000 -0.94152473
 0.20000000  0.25000000 -0.81795645
 0.20000000  0.30000000 -0.65377434
 0.20000000  0.35000000 -0.48959638
 0.20000000  0.40000000 -0.34734480
 0.20000000  0.45000000 -0.24859510
 0.20000000  0.50000000 -0.22474417
 0.20000000  0.55000000 -0.24580021
 0.20000000  0.60000000 -0.29131514
 0.20000000  0.65000000 -0.30940305
 0.20000000  0.70000000 -0.28380000
 0.20000000  0.75000000 -0.16935215
 0.20000000  0.80000000  0.01870798
 0.20000000  0.85000000  0.25263293
 0.20000000  0.90000000  0.49783890
 0.20000000  0.95000000  0.69266912
 0.20000000  1.00000000  0.80244546
 0.20000000  1.05000000  0.79004716
 0.20000000  1.10000000  0.65618809
 0.20000000  1.15000000  0.40298232
 0.20000000  1.20000000  0.07755787
 0.20000000  1.25000000 -0.27018704
 0.20000000  1.30000000 -0.61119543
 0.20000000  1.35000000 -0.87757489
 0.20000000  1.40000000 -1.02989041
 0.20000000  1.45000000 -1.04853219
 0.20000000  1.50000000 -0.89767650
 0.20000000  1.55000000 -0.60678264
 0.20000000  1.60000000 -0.20859436
 0.20000000  1.65000000  0.26538399
 0.20000000  1.70000000  0.72503919
 0.20000000  1.75000000  1.12418845
 0.20000000  1.80000000  1.41116339
 0.20000000  1.85000000  1.54767466
 0.20000000  1.90000000  1.53255127
 0.20000000  1.95000000  1.36498799
 0.20000000  2.00000000  1.07013382
 0.20000000  2.05000000  0.66178886
 0.20000000  2.10000000  0.18111576
 0.20000000  2.15000000 -0.32616110
 0.20000000  2.20000000 -0.78959215
 0.25000000 -0.25000000  0.05070309
 0.25000000 -0.20000000 -0.13544470
 0.25000000 -0.15000000 -0.33950451
 0.25000000 -0.10000000 -0.55400684
 0.25000000 -0.05000000 -0.79325039
 0.25000000  0.00000000 -1.02226493
 0.25000000  0.05000000 -1.22081323
 0.25000000  0.10000000 -1.34208957
 0.25000000  0.15000000 -1.39997982
 0.25000000  0.20000000 -1.35692354
 0.25000000  0.25000000 -1.24815595
 0.25000000  0.30000000 -1.10040341
 0.25000000  0.35000000 -0.93950200
 0.25000000  0.40000000 -0.81780710
 0.25000000  0.45000000 -0.74377008
 0.25000000  0.50000000 -0.72305722
 0.25000000  0.55000000 -0.76092499
 0.25000000  0.60000000 -0.81621442
 0.25000000  0.65000000 -0.84826148
 0.25000000  0.70000000 -0.81824751
 0.25000000  0.75000000 -0.71419762
 0.25000000  0.80000000 -0.51551268
 0.25000000  0.85000000 -0.27346247
 0.25000000  0.90000000 -0.00725436
 0.25000000  0.95000000  0.21220909
 0.25000000  1.00000000  0.36242730
 0.25000000  1.05000000  0.41025762
 0.25000000  1.10000000  0.35497275
 0.25000000  1.15000000  0.19633366
 0.25000000  1.20000000 -0.03097304
 0.25000000  1.25000000 -0.30373019
 0.25000000  1.30000000 -0.57356270
 0.25000000  1.35000000 -0.79982980
 0.25000000  1.40000000 -0.94536564
 0.25000000  1.45000000 -0.96454290
 0.25000000  1.50000000 -0.85006992
 0.25000000  1.55000000 -0.60013752
 0.25000000  1.60000000 -0.23762810
 0.25000000  1.65000000  0.19797958
 0.25000000  1.70000000  0.64038955
 0.25000000  1.75000000  1.03331508
 0.25000000  1.80000000  1.31252172
 0.25000000  1.85000000  1.46221878
 0.25000000  1.90000000  1.44924887
 0.25000000  1.95000000  1.28871535
 0.25000000  2.00000000  0.99204826
 0.25000000  2.05000000  0.58061709
 0.25000000  2.10000000  0.09637478
 0.25000000  2.15000000 -0.40280613
 0.25000000  2.20000000 -0.86487273
 0.30000000 -0.25000000  0.18037878
 0.30000000 -0.20000000 -0.01872828
 0.30000000 -0.15000000 -0.26032381
 0.30000000 -0.10000000 -0.54514676
 0.30000000 -0.05000000 -0.85936008
 0.30000000  0.00000000 -1.16330242
 0.30000000  0.05000000 -1.43781625
 0.30000000  0.10000000 -1.63268093
 0.30000000  0.15000000 -1.74114171
 0.30000000  0.20000000 -1.74601152
 0.30000000  0.25000000 -1.66265649
 0.30000000  0.30000000 -1.52648359
 0.30000000  0.35000000 -1.39451236
 0.30000000  0.40000000 -1.27808463
 0.30000000  0.45000000 -1.21126843
 0.30000000  0.50000000 -1.20830113
 0.30000000  0.55000000 -1.24392232
 0.30000000  0.60000000 -1.30905935
 0.30000000  0.65000000 -1.33674031
 0.30000000  0.70000000 -1.31693717
 0.30000000  0.75000000 -1.20527245
 0.30000000  0.80000000 -1.01213996
 0.30000000  0.85000000 -0.76040091
 0.30000000  0.90000000 -0.49336057
 0.30000000  0.95000000 -0.24860468
 0.30000000  1.00000000 -0.06424788
 0.30000000  1.05000000  0.03915505
 0.30000000  1.10000000  0.05689484
 0.30000000  1.15000000 -0.01024376
 0.30000000  1.20000000 -0.13940065
 0.30000000  1.25000000 -0.32254734
 0.30000000  1.30000000 -0.53690575
 0.30000000  1.35000000 -0.72221994
 0.30000000  1.40000000 -0.85708260
 0.30000000  1.45000000 -0.90072914
 0.30000000  1.50000000 -0.80874868
 0.30000000  1.55000000 -0.59879155
 0.30000000  1.60000000 -0.25825140
 0.30000000  1.65000000  0.13820485
 0.30000000  1.70000000  0.56903464
 0.30000000  1.75000000  0.94562315
 0.30000000  1.80000000  1.22141228
 0.30000000  1.85000000  1.36262526
 0.30000000  1.90000000  1.35787921
 0.30000000  1.95000000  1.20831528
 0.30000000  2.00000000  0.92708892
 0.30000000  2.05000000  0.52067107
 0.30000000  2.10000000  0.04361001
 0.30000000  2.15000000 -0.44965820
 0.30000000  2.20000000 -0.90201259
 0.35000000 -0.25000000  0.28192208
 0.35000000 -0.20000000  0.07247518
 0.35000000 -0.15000000 -0.20044545
 0.35000000 -0.10000000 -0.53683206
 0.35000000 -0.05000000 -0.91064945
 0.35000000  0.00000000 -1.28523739
 0.35000000  0.05000000 -1.63479142
 0.35000000  0.10000000 -1.89410284
 0.35000000  0.15000000 -2.05223898
 0.35000000  0.20000000 -2.09504854
 0.35000000  0.25000000 -2.04991010
 0.35000000  0.30000000 -1.93468394
 0.35000000  0.35000000 -1.81300639
 0.35000000  0.40000000 -1.70597776
 0.35000000  0.45000000 -1.64042576
 0.35000000  0.50000000 -1.63305511
 0.35000000  0.55000000 -1.66312671
 0.35000000  0.60000000 -1.72144625
 0.35000000  0.65000000 -1.74394408
 0.35000000  0.70000000 -1.71619668
 0.35000000  0.75000000 -1.60427907
 0.35000000  0.80000000 -1.41939478
 0.35000000  0.85000000 -1.17392950
 0.35000000  0.90000000 -0.91416882
 0.35000000  0.95000000 -0.65578817
 0.35000000  1.00000000 -0.45424939
 0.35000000  1.05000000 -0.30416069
 0.35000000  1.10000000 -0.21954104
 0.35000000  1.15000000 -0.21765570
 0.35000000  1.20000000 -0.27004842
 0.35000000  1.25000000 -0.37394790
 0.35000000  1.30000000 -0.52143817
 0.35000000  1.35000000 -0.68291558
 0.35000000  1.40000000 -0.80354318
 0.35000000  1.45000000 -0.84955598
 0.35000000  1.50000000 -0.78141989
 0.35000000  1.55000000 -0.59863510
 0.35000000  1.60000000 -0.29585323
 0.35000000  1.65000000  0.07944869
 0.35000000  1.70000000  0.48321790
 0.35000000  1.75000000  0.84486291
 0.35000000  1.80000000  1.10343744
 0.35000000  1.85000000  1.25605347
 0.35000000  1.90000000  1.25674762
 0.35000000  1.95000000  1.12497183
 0.35000000  2.00000000  0.84835168
 0.35000000  2.05000000  0.47279778
 0.35000000  2.10000000  0.02372206
 0.35000000  2.15000000 -0.44560547
 0.35000000  2.20000000 -0.86057552
 0.40000000 -0.25000000  0.36319478
 0.40000000 -0.20000000  0.13211262
 0.40000000 -0.15000000 -0.16321017
 0.40000000 -0.10000000 -0.54103041
 0.40000000 -0.05000000 -0.96286098
 0.40000000  0.00000000 -1.40690561
 0.40000000  0.05000000 -1.80574575
 0.40000000  0.10000000 -2.12422937
 0.40000000  0.15000000 -2.32398377
 0.40000000  0.20000000 -2.40063436
 0.40000000  0.25000000 -2.37920894
 0.40000000  0.30000000 -2.28475084
 0.40000000  0.35000000 -2.15912849
 0.40000000  0.40000000 -2.05188888
 0.40000000  0.45000000 -1.98631672
 0.40000000  0.50000000 -1.96106768
 0.40000000  0.55000000 -1.98453384
 0.40000000  0.60000000 -2.02325131
 0.40000000  0.65000000 -2.03892910
 0.40000000  0.70000000 -1.99554969
 0.40000000  0.75000000 -1.89278078
 0.40000000  0.80000000 -1.70814611
 0.40000000  0.85000000 -1.47540684
 0.40000000  0.90000000 -1.22410171
 0.40000000  0.95000000 -0.96981051
 0.40000000  1.00000000 -0.75475544
 0.40000000  1.05000000 -0.58498589
 0.40000000  1.10000000 -0.45495868
 0.40000000  1.15000000 -0.39346183
 0.40000000  1.20000000 -0.39227271
 0.40000000  1.25000000 -0.44738856
 0.40000000  1.30000000 -0.54890907
 0.40000000  1.35000000 -0.66925961
 0.40000000  1.40000000 -0.77269597
 0.40000000  1.45000000 -0.82967961
 0.40000000  1.50000000 -0.77313286
 0.40000000  1.55000000 -0.61567249
 0.40000000  1.60000000 -0.33990302
 0.40000000  1.65000000  0.00357105
 0.40000000  1.70000000  0.36974119
 0.40000000  1.75000000  0.70672708
 0.40000000  1.80000000  0.97192334
 0.40000000  1.85000000  1.10675693
 0.40000000  1.90000000  1.12896213
 0.40000000  1.95000000  1.01015343
 0.40000000  2.00000000  0.77268198
 0.40000000  2.05000000  0.43417794
 0.40000000  2.10000000  0.02770623
 0.40000000  2.15000000 -0.39100059
 0.40000000  2.20000000 -0.77281773
 0.45000000 -0.25000000  0.39754153
 0.45000000 -0.20000000  0.16934817
 0.45000000 -0.15000000 -0.15218006
 0.45000000 -0.10000000 -0.55911115
 0.45000000 -0.05000000 -1.01195403
 0.45000000  0.00000000 -1.48895119
 0.45000000  0.05000000 -1.92885079
 0.45000000  0.10000000 -2.29058171
 0.45000000  0.15000000 -2.52057472
 0.45000000  0.20000000 -2.63341667
 0.45000000  0.25000000 -2.62600685
 0.45000000  0.30000000 -2.54071199
 0.45000000  0.35000000 -2.43031746
 0.45000000  0.40000000 -2.31899040
 0.45000000  0.45000000 -2.23940773
 0.45000000  0.50000000 -2.21050512
 0.45000000  0.55000000 -2.21322572
 0.45000000  0.60000000 -2.22571577
 0.45000000  0.65000000 -2.21673082
 0.45000000  0.70000000 -2.16724840
 0.45000000  0.75000000 -2.04163404
 0.45000000  0.80000000 -1.87539495
 0.45000000  0.85000000 -1.65362359
 0.45000000  0.90000000 -1.41560686
 0.45000000  0.95000000 -1.16990474
 0.45000000  1.00000000 -0.95223702
 0.45000000  1.05000000 -0.78025691
 0.45000000  1.10000000 -0.63983583
 0.45000000  1.15000000 -0.54255494
 0.45000000  1.20000000 -0.50616559
 0.45000000  1.25000000 -0.52400136
 0.45000000  1.30000000 -0.59481087
 0.45000000  1.35000000 -0.69479583
 0.45000000  1.40000000 -0.78645266
 0.45000000  1.45000000 -0.82566465
 0.45000000  1.50000000 -0.78218775
 0.45000000  1.55000000 -0.63621021
 0.45000000  1.60000000 -0.40330502
 0.45000000  1.65000000 -0.09215827
 0.45000000  1.70000000  0.23589721
 0.45000000  1.75000000  0.53962998
 0.45000000  1.80000000  0.77625523
 0.45000000  1.85000000  0.91747396
 0.45000000  1.90000000  0.95441504
 0.45000000  1.95000000  0.87389848
 0.45000000  2.00000000  0.69393855
 0.45000000  2.05000000  0.41290853
 0.45000000  2.10000000  0.07209833
 0.45000000  2.15000000 -0.29491336
 0.45000000  2.20000000 -0.64073074
 0.50000000 -0.25000000  0.40132844
 0.50000000 -0.20000000  0.16505675
 0.50000000 -0.15000000 -0.15070007
 0.50000000 -0.10000000 -0.55895567
 0.50000000 -0.05000000 -1.03739348
 0.50000000  0.00000000 -1.51904000
 0.50000000  0.05000000 -1.97419078
 0.50000000  0.10000000 -2.35373863
 0.50000000  0.15000000 -2.61181905
 0.50000000  0.20000000 -2.74298979
 0.50000000  0.25000000 -2.76238053
 0.50000000  0.30000000 -2.69518472
 0.50000000  0.35000000 -2.59235146
 0.50000000  0.40000000 -2.47926898
 0.50000000  0.45000000 -2.40916732
 0.50000000  0.50000000 -2.35278149
 0.50000000  0.55000000 -2.34107009
 0.50000000  0.60000000 -2.32599123
 0.50000000  0.65000000 -2.29127816
 0.50000000  0.70000000 -2.22241710
 0.50000000  0.75000000 -2.08852726
 0.50000000  0.80000000 -1.91441172
 0.50000000  0.85000000 -1.69825675
 0.50000000  0.90000000 -1.46872112
 0.50000000  0.95000000 -1.25234912
 0.50000000  1.00000000 -1.04799712
 0.50000000  1.05000000 -0.87259477
 0.50000000  1.10000000 -0.73688446
 0.50000000  1.15000000 -0.64701375
 0.50000000  1.20000000 -0.60125492
 0.50000000  1.25000000 -0.61021851
 0.50000000  1.30000000 -0.66991353
 0.50000000  1.35000000 -0.74444096
 0.50000000  1.40000000 -0.82711029
 0.50000000  1.45000000 -0.85565424
 0.50000000  1.50000000 -0.80811007
 0.50000000  1.55000000 -0.68028989
 0.50000000  1.60000000 -0.46646230
 0.50000000  1.65000000 -0.20457565
 0.50000000  1.70000000  0.08190041
 0.50000000  1.75000000  0.33807718
 0.50000000  1.80000000  0.55003255
 0.50000000  1.85000000  0.68529092
 0.50000000  1.90000000  0.74097555
 0.50000000  1.95000000  0.71905276
 0.50000000  2.00000000  0.60014823
 0.50000000  2.05000000  0.40698581
 0.50000000  2.10000000  0.13922550
 0.50000000  2.15000000 -0.16317600
 0.50000000  2.20000000 -0.47608852
 0.55000000 -0.25000000  0.36567027
 0.55000000 -0.20000000  0.14935890
 0.55000000 -0.15000000 -0.15210708
 0.55000000 -0.10000000 -0.54395605
 0.55000000 -0.05000000 -0.99184694
 0.55000000  0.00000000 -1.46969206
 0.55000000  0.05000000 -1.91349268
 0.55000000  0.10000000 -2.29250218
 0.55000000  0.15000000 -2.56363146
 0.55000000  0.20000000 -2.71644012
 0.55000000  0.25000000 -2.75785065
 0.55000000  0.30000000 -2.72358748
 0.55000000  0.35000000 -2.64268507
 0.55000000  0.40000000 -2.55063992
 0.55000000  0.45000000 -2.47207311
 0.55000000  0.50000000 -2.41614117
 0.55000000  0.55000000 -2.37832253
 0.55000000  0.60000000 -2.34049123
 0.55000000  0.65000000 -2.28128057
 0.55000000  0.70000000 -2.17969788
 0.55000000  0.75000000 -2.03866034
 0.55000000  0.80000000 -1.85980378
 0.55000000  0.85000000 -1.64487540
 0.55000000  0.90000000 -1.42248880
 0.55000000  0.95000000 -1.21327010
 0.55000000  1.00000000 -1.03353546
 0.55000000  1.05000000 -0.86308623
 0.55000000  1.10000000 -0.75517271
 0.55000000  1.15000000 -0.68893377
 0.55000000  1.20000000 -0.66079321
 0.55000000  1.25000000 -0.68236777
 0.55000000  1.30000000 -0.74176712
 0.55000000  1.35000000 -0.81863640
 0.55000000  1.40000000 -0.88010472
 0.55000000  1.45000000 -0.89084770
 0.55000000  1.50000000 -0.84953212
 0.55000000  1.55000000 -0.72323833
 0.55000000  1.60000000 -0.53961792
 0.55000000  1.65000000 -0.31551287
 0.55000000  1.70000000 -0.09769254
 0.55000000  1.75000000  0.12116432
 0.55000000  1.80000000  0.30031693
 0.55000000  1.85000000  0.42646174
 0.55000000  1.90000000  0.51298482
 0.55000000  1.95000000  0.53784776
 0.55000000  2.00000000  0.50306765
 0.55000000  2.05000000  0.40258448
 0.55000000  2.10000000  0.22845082
 0.55000000  2.15000000 -0.01332009
 0.55000000  2.20000000 -0.29634024
 0.60000000 -0.25000000  0.28750836
 0.60000000 -0.20000000  0.11453077
 0.60000000 -0.15000000 -0.13897651
 0.60000000 -0.10000000 -0.48316438
 0.60000000 -0.05000000 -0.88028686
 0.60000000  0.00000000 -1.31652908
 0.60000000  0.05000000 -1.73976326
 0.60000000  0.10000000 -2.10098309
 0.60000000  0.15000000 -2.36722745
 0.60000000  0.20000000 -2.53962144
 0.60000000  0.25000000 -2.61552246
 0.60000000  0.30000000 -2.62451015
 0.60000000  0.35000000 -2.58107751
 0.60000000  0.40000000 -2.52029720
 0.60000000  0.45000000 -2.46324359
 0.60000000  0.50000000 -2.40809456
 0.60000000  0.55000000 -2.35720217
 0.60000000  0.60000000 -2.28258667
 0.60000000  0.65000000 -2.19818638
 0.60000000  0.70000000 -2.07115650
 0.60000000  0.75000000 -1.91849223
 0.60000000  0.80000000 -1.72435145
 0.60000000  0.85000000 -1.52044176
 0.60000000  0.90000000 -1.29945405
 0.60000000  0.95000000 -1.09830441
 0.60000000  1.00000000 -0.92460956
 0.60000000  1.05000000 -0.78439285
 0.60000000  1.10000000 -0.70442968
 0.60000000  1.15000000 -0.66810750
 0.60000000  1.20000000 -0.68582723
 0.60000000  1.25000000 -0.72797349
 0.60000000  1.30000000 -0.80613735
 0.60000000  1.35000000 -0.88681745
 0.60000000  1.40000000 -0.94236819
 0.60000000  1.45000000 -0.94176043
 0.60000000  1.50000000 -0.89574944
 0.60000000  1.55000000 -0.77308052
 0.60000000  1.60000000 -0.62015217
 0.60000000  1.65000000 -0.43592335
 0.60000000  1.70000000 -0.26087147
 0.60000000  1.75000000 -0.09694065
 0.60000000  1.80000000  0.04717134
 0.60000000  1.85000000  0.16990842
 0.60000000  1.90000000  0.27868387
 0.60000000  1.95000000  0.35832071
 0.60000000  2.00000000  0.41222823
 0.60000000  2.05000000  0.40458175
 0.60000000  2.10000000  0.31914037
 0.60000000  2.15000000  0.14102996
 0.60000000  2.20000000 -0.11242936
 0.65000000 -0.25000000  0.16774802
 0.65000000 -0.20000000  0.06374974
 0.65000000 -0.15000000 -0.12613877
 0.65000000 -0.10000000 -0.37740449
 0.65000000 -0.05000000 -0.70737409
 0.65000000  0.00000000 -1.06563929
 0.65000000  0.05000000 -1.43551703
 0.65000000  0.10000000 -1.77205198
 0.65000000  0.15000000 -2.03835732
 0.65000000  0.20000000 -2.23246489
 0.65000000  0.25000000 -2.35377985
 0.65000000  0.30000000 -2.40827706
 0.65000000  0.35000000 -2.42152885
 0.65000000  0.40000000 -2.41580957
 0.65000000  0.45000000 -2.39013576
 0.65000000  0.50000000 -2.33841291
 0.65000000  0.55000000 -2.27147401
 0.65000000  0.60000000 -2.17520654
 0.65000000  0.65000000 -2.06156188
 0.65000000  0.70000000 -1.90828177
 0.65000000  0.75000000 -1.73303946
 0.65000000  0.80000000 -1.54184062
 0.65000000  0.85000000 -1.32670861
 0.65000000  0.90000000 -1.12084303
 0.65000000  0.95000000 -0.92957371
 0.65000000  1.00000000 -0.76564921
 0.65000000  1.05000000 -0.65933259
 0.65000000  1.10000000 -0.59867482
 0.65000000  1.15000000 -0.59497121
 0.65000000  1.20000000 -0.64885059
 0.65000000  1.25000000 -0.73998154
 0.65000000  1.30000000 -0.84692587
 0.65000000  1.35000000 -0.93801973
 0.65000000  1.40000000 -1.00105010
 0.65000000  1.45000000 -1.01300046
 0.65000000  1.50000000 -0.95497541
 0.65000000  1.55000000 -0.85002903
 0.65000000  1.60000000 -0.70424849
 0.65000000  1.65000000 -0.55815836
 0.65000000  1.70000000 -0.42412996
 0.65000000  1.75000000 -0.30762669
 0.65000000  1.80000000 -0.18710490
 0.65000000  1.85000000 -0.06997506
 0.65000000  1.90000000  0.05601621
 0.65000000  1.95000000  0.20279301
 0.65000000  2.00000000  0.33370874
 0.65000000  2.05000000  0.41684952
 0.65000000  2.10000000  0.40656890
 0.65000000  2.15000000  0.28085798
 0.65000000  2.20000000  0.03688738
 0.70000000 -0.25000000  0.01232560
 0.70000000 -0.20000000 -0.02122001
 0.70000000 -0.15000000 -0.09837350
 0.70000000 -0.10000000 -0.25327253
 0.70000000 -0.05000000 -0.48203920
 0.70000000  0.00000000 -0.75465246
 0.70000000  0.05000000 -1.06344448
 0.70000000  0.10000000 -1.35867339
 0.70000000  0.15000000 -1.61601707
 0.70000000  0.20000000 -1.82744660
 0.70000000  0.25000000 -1.99863745
 0.70000000  0.30000000 -2.11405534
 0.70000000  0.35000000 -2.19459202
 0.70000000  0.40000000 -2.24491896
 0.70000000  0.45000000 -2.24757289
 0.70000000  0.50000000 -2.21623889
 0.70000000  0.55000000 -2.13572489
 0.70000000  0.60000000 -2.02416470
 0.70000000  0.65000000 -1.87692394
 0.70000000  0.70000000 -1.71724194
 0.70000000  0.75000000 -1.53160842
 0.70000000  0.80000000 -1.33990289
 0.70000000  0.85000000 -1.13863545
 0.70000000  0.90000000 -0.94152780
 0.70000000  0.95000000 -0.75239914
 0.70000000  1.00000000 -0.60177096
 0.70000000  1.05000000 -0.50394676
 0.70000000  1.10000000 -0.46055870
 0.70000000  1.15000000 -0.48718563
 0.70000000  1.20000000 -0.57510576
 0.70000000  1.25000000 -0.70466011
 0.70000000  1.30000000 -0.84602799
 0.70000000  1.35000000 -0.97602687
 0.70000000  1.40000000 -1.04977094
 0.70000000  1.45000000 -1.07122345
 0.70000000  1.50000000 -1.02201083
 0.70000000  1.55000000 -0.92924579
 0.70000000  1.60000000 -0.80890802
 0.70000000  1.65000000 -0.69370776
 0.70000000  1.70000000 -0.59020237
 0.70000000  1.75000000 -0.48579798
 0.70000000  1.80000000 -0.39249892
 0.70000000  1.85000000 -0.27173513
 0.70000000  1.90000000 -0.11190680
 0.70000000  1.95000000  0.07441313
 0.70000000  2.00000000  0.27201839
 0.70000000  2.05000000  0.42071456
 0.70000000  2.10000000  0.46654067
 0.70000000  2.15000000  0.37979761
 0.70000000  2.20000000  0.13994947
 0.75000000 -0.25000000 -0.18641446
 0.75000000 -0.20000000 -0.12126340
 0.75000000 -0.15000000 -0.09868797
 0.75000000 -0.10000000 -0.13059506
 0.75000000 -0.05000000 -0.24759922
 0.75000000  0.00000000 -0.42977612
 0.75000000  0.05000000 -0.66203148
 0.75000000  0.10000000 -0.91154284
 0.75000000  0.15000000 -1.16536092
 0.75000000  0.20000000 -1.40359366
 0.75000000  0.25000000 -1.60777577
 0.75000000  0.30000000 -1.78476576
 0.75000000  0.35000000 -1.92809470
 0.75000000  0.40000000 -2.03144434
 0.75000000  0.45000000 -2.07621750
 0.75000000  0.50000000 -2.05310865
 0.75000000  0.55000000 -1.97464865
 0.75000000  0.60000000 -1.84523333
 0.75000000  0.65000000 -1.67970187
 0.75000000  0.70000000 -1.51715442
 0.75000000  0.75000000 -1.33621499
 0.75000000  0.80000000 -1.15976774
 0.75000000  0.85000000 -0.97642437
 0.75000000  0.90000000 -0.78674190
 0.75000000  0.95000000 -0.60646886
 0.75000000  1.00000000 -0.45963510
 0.75000000  1.05000000 -0.35845237
 0.75000000  1.10000000 -0.31617160
 0.75000000  1.15000000 -0.35345559
 0.75000000  1.20000000 -0.46328167
 0.75000000  1.25000000 -0.61935102
 0.75000000  1.30000000 -0.78819144
 0.75000000  1.35000000 -0.95171399
 0.75000000  1.40000000 -1.06950847
 0.75000000  1.45000000 -1.11546807
 0.75000000  1.50000000 -1.10888782
 0.75000000  1.55000000 -1.03289384
 0.75000000  1.60000000 -0.92843939
 0.75000000  1.65000000 -0.83199857
 0.75000000  1.70000000 -0.73259935
 0.75000000  1.75000000 -0.64092879
 0.75000000  1.80000000 -0.54257790
 0.75000000  1.85000000 -0.41253202
 0.75000000  1.90000000 -0.23982487
 0.75000000  1.95000000 -0.01740202
 0.75000000  2.00000000  0.21150064
 0.75000000  2.05000000  0.40952572
 0.75000000  2.10000000  0.49339728
 0.75000000  2.15000000  0.41548489
 0.75000000  2.20000000  0.16495485
 0.80000000 -0.25000000 -0.39572766
 0.80000000 -0.20000000 -0.23481697
 0.80000000 -0.15000000 -0.10079435
 0.80000000 -0.10000000 -0.02497133
 0.80000000 -0.05000000 -0.03949963
 0.80000000  0.00000000 -0.13554274
 0.80000000  0.05000000 -0.29567445
 0.80000000  0.10000000 -0.50411967
 0.80000000  0.15000000 -0.74521374
 0.80000000  0.20000000 -0.99939426
 0.80000000  0.25000000 -1.24557437
 0.80000000  0.30000000 -1.48130138
 0.80000000  0.35000000 -1.66381216
 0.80000000  0.40000000 -1.80340652
 0.80000000  0.45000000 -1.87264181
 0.80000000  0.50000000 -1.86353450
 0.80000000  0.55000000 -1.77252703
 0.80000000  0.60000000 -1.64661932
 0.80000000  0.65000000 -1.48939350
 0.80000000  0.70000000 -1.32583642
 0.80000000  0.75000000 -1.17773609
 0.80000000  0.80000000 -1.03444497
 0.80000000  0.85000000 -0.87558749
 0.80000000  0.90000000 -0.71609303
 0.80000000  0.95000000 -0.53960115
 0.80000000  1.00000000 -0.37796566
 0.80000000  1.05000000 -0.25637401
 0.80000000  1.10000000 -0.19781839
 0.80000000  1.15000000 -0.22107059
 0.80000000  1.20000000 -0.31489522
 0.80000000  1.25000000 -0.48197774
 0.80000000  1.30000000 -0.67957744
 0.80000000  1.35000000 -0.88328413
 0.80000000  1.40000000 -1.04420808
 0.80000000  1.45000000 -1.14415440
 0.80000000  1.50000000 -1.17129537
 0.80000000  1.55000000 -1.13702197
 0.80000000  1.60000000 -1.05528621
 0.80000000  1.65000000 -0.95642073
 0.80000000  1.70000000 -0.85743018
 0.80000000  1.75000000 -0.74841985
 0.80000000  1.80000000 -0.63789084
 0.80000000  1.85000000 -0.49629567
 0.80000000  1.90000000 -0.30220750
 0.80000000  1.95000000 -0.07719727
 0.80000000  2.00000000  0.16983875
 0.80000000  2.05000000  0.37032215
 0.80000000  2.10000000  0.46036497
 0.80000000  2.15000000  0.38043990
 0.80000000  2.20000000  0.12445599
 0.85000000 -0.25000000 -0.57095125
 0.85000000 -0.20000000 -0.34043987
 0.85000000 -0.15000000 -0.10808918
 0.85000000 -0.10000000  0.04695904
 0.85000000 -0.05000000  0.12604811
 0.85000000  0.00000000  0.10587799
 0.85000000  0.05000000 -0.00873264
 0.85000000  0.10000000 -0.18906213
 0.85000000  0.15000000 -0.42289338
 0.85000000  0.20000000 -0.68220958
 0.85000000  0.25000000 -0.95043222
 0.85000000  0.30000000 -1.21356586
 0.85000000  0.35000000 -1.43850042
 0.85000000  0.40000000 -1.59067868
 0.85000000  0.45000000 -1.67196424
 0.85000000  0.50000000 -1.66095593
 0.85000000  0.55000000 -1.57418132
 0.85000000  0.60000000 -1.45135131
 0.85000000  0.65000000 -1.31577664
 0.85000000  0.70000000 -1.19732684
 0.85000000  0.75000000 -1.09166925
 0.85000000  0.80000000 -0.99671049
 0.85000000  0.85000000 -0.88079045
 0.85000000  0.90000000 -0.73119978
 0.85000000  0.95000000 -0.54911792
 0.85000000  1.00000000 -0.36494512
 0.85000000  1.05000000 -0.20495745
 0.85000000  1.10000000 -0.10162171
 0.85000000  1.15000000 -0.07892716
 0.85000000  1.20000000 -0.15887076
 0.85000000  1.25000000 -0.31669291
 0.85000000  1.30000000 -0.53482449
 0.85000000  1.35000000 -0.76007936
 0.85000000  1.40000000 -0.97680289
 0.85000000  1.45000000 -1.12697696
 0.85000000  1.50000000 -1.21420189
 0.85000000  1.55000000 -1.21134297
 0.85000000  1.60000000 -1.14672309
 0.85000000  1.65000000 -1.04565305
 0.85000000  1.70000000 -0.92839123
 0.85000000  1.75000000 -0.80676886
 0.85000000  1.80000000 -0.68441980
 0.85000000  1.85000000 -0.52571595
 0.85000000  1.90000000 -0.33171516
 0.85000000  1.95000000 -0.10573408
 0.85000000  2.00000000  0.12305817
 0.85000000  2.05000000  0.30400990
 0.85000000  2.10000000  0.38696201
 0.85000000  2.15000000  0.29367699
 0.85000000  2.20000000  0.03221632
 0.90000000 -0.25000000 -0.66008309
 0.90000000 -0.20000000 -0.37768106
 0.90000000 -0.15000000 -0.10206672
 0.90000000 -0.10000000  0.12726907
 0.90000000 -0.05000000  0.25209096
 0.90000000  0.00000000  0.27462187
 0.90000000  0.05000000  0.19305858
 0.90000000  0.10000000  0.01895359
 0.90000000  0.15000000 -0.20425639
 0.90000000  0.20000000 -0.47570473
 0.90000000  0.25000000 -0.76315290
 0.90000000  0.30000000 -1.03325413
 0.90000000  0.35000000 -1.25533087
 0.90000000  0.40000000 -1.41845402
 0.90000000  0.45000000 -1.49174942
 0.90000000  0.50000000 -1.47264966
 0.90000000  0.55000000 -1.40180787
 0.90000000  0.60000000 -1.29215602
 0.90000000  0.65000000 -1.20000882
 0.90000000  0.70000000 -1.13726419
 0.90000000  0.75000000 -1.09520500
 0.90000000  0.80000000 -1.05141657
 0.90000000  0.85000000 -0.98628954
 0.90000000  0.90000000 -0.85059863
 0.90000000  0.95000000 -0.65727389
 0.90000000  1.00000000 -0.42768897
 0.90000000  1.05000000 -0.20347134
 0.90000000  1.10000000 -0.03617154
 0.90000000  1.15000000  0.04110831
 0.90000000  1.20000000  0.00982765
 0.90000000  1.25000000 -0.12609180
 0.90000000  1.30000000 -0.33982795
 0.90000000  1.35000000 -0.59665979
 0.90000000  1.40000000 -0.84925956
 0.90000000  1.45000000 -1.05332821
 0.90000000  1.50000000 -1.18646271
 0.90000000  1.55000000 -1.22099164
 0.90000000  1.60000000 -1.17966028
 0.90000000  1.65000000 -1.08382677
 0.90000000  1.70000000 -0.95074356
 0.90000000  1.75000000 -0.81430669
 0.90000000  1.80000000 -0.66043285
 0.90000000  1.85000000 -0.50352917
 0.90000000  1.90000000 -0.32537912
 0.90000000  1.95000000 -0.13014673
 0.90000000  2.00000000  0.07542243
 0.90000000  2.05000000  0.21848430
 0.90000000  2.10000000  0.26876730
 0.90000000  2.15000000  0.17415287
 0.90000000  2.20000000 -0.08844657
 0.95000000 -0.25000000 -0.61863987
 0.95000000 -0.20000000 -0.32655163
 0.95000000 -0.15000000 -0.01773323
 0.95000000 -0.10000000  0.22794053
 0.95000000 -0.05000000  0.37030936
 0.95000000  0.00000000  0.40673647
 0.95000000  0.05000000  0.32843188
 0.95000000  0.10000000  0.15375957
 0.95000000  0.15000000 -0.09284486
 0.95000000  0.20000000 -0.37880274
 0.95000000  0.25000000 -0.67047714
 0.95000000  0.30000000 -0.93799315
 0.95000000  0.35000000 -1.16671190
 0.95000000  0.40000000 -1.30224340
 0.95000000  0.45000000 -1.35995217
 0.95000000  0.50000000 -1.33999849
 0.95000000  0.55000000 -1.27273320
 0.95000000  0.60000000 -1.20695428
 0.95000000  0.65000000 -1.16674280
 0.95000000  0.70000000 -1.15979064
 0.95000000  0.75000000 -1.19346546
 0.95000000  0.80000000 -1.21230191
 0.95000000  0.85000000 -1.17438298
 0.95000000  0.90000000 -1.05004048
 0.95000000  0.95000000 -0.82244606
 0.95000000  1.00000000 -0.53623913
 0.95000000  1.05000000 -0.25362390
 0.95000000  1.10000000 -0.00941159
 0.95000000  1.15000000  0.13893742
 0.95000000  1.20000000  0.16562752
 0.95000000  1.25000000  0.05947924
 0.95000000  1.30000000 -0.13745124
 0.95000000  1.35000000 -0.40494734
 0.95000000  1.40000000 -0.67640187
 0.95000000  1.45000000 -0.92100154
 0.95000000  1.50000000 -1.08849229
 0.95000000  1.55000000 -1.16036147
 0.95000000  1.60000000 -1.13846229
 0.95000000  1.65000000 -1.03826152
 0.95000000  1.70000000 -0.89948702
 0.95000000  1.75000000 -0.74451802
 0.95000000  1.80000000 -0.59640488
 0.95000000  1.85000000 -0.45149498
 0.95000000  1.90000000 -0.30197703
 0.95000000  1.95000000 -0.14053212
 0.95000000  2.00000000  0.00859020
 0.95000000  2.05000000  0.12347765
 0.95000000  2.10000000  0.14518960
 0.95000000  2.15000000  0.03927608
 0.95000000  2.20000000 -0.20617351
 1.00000000 -0.25000000 -0.41083319
 1.00000000 -0.20000000 -0.11792469
 1.00000000 -0.15000000  0.17094378
 1.00000000 -0.10000000  0.39653048
 1.00000000 -0.05000000  0.52715540
 1.00000000  0.00000000  0.53453752
 1.00000000  0.05000000  0.43040677
 1.00000000  0.10000000  0.22732193
 1.00000000  0.15000000 -0.05352633
 1.00000000  0.20000000 -0.36532920
 1.00000000  0.25000000 -0.67127133
 1.00000000  0.30000000 -0.95033993
 1.00000000  0.35000000 -1.15171016
 1.00000000  0.40000000 -1.28082498
 1.00000000  0.45000000 -1.32068755
 1.00000000  0.50000000 -1.29587562
 1.00000000  0.55000000 -1.24446623
 1.00000000  0.60000000 -1.20251362
 1.00000000  0.65000000 -1.22286384
 1.00000000  0.70000000 -1.29071180
 1.00000000  0.75000000 -1.38125397
 1.00000000  0.80000000 -1.44687512
 1.00000000  0.85000000 -1.43217451
 1.00000000  0.90000000 -1.28718118
 1.00000000  0.95000000 -1.03283308
 1.00000000  1.00000000 -0.69234348
 1.00000000  1.05000000 -0.33168191
 1.00000000  1.10000000 -0.01520321
 1.00000000  1.15000000  0.19777339
 1.00000000  1.20000000  0.27016341
 1.00000000  1.25000000  0.21747577
 1.00000000  1.30000000  0.04118877
 1.00000000  1.35000000 -0.20514890
 1.00000000  1.40000000 -0.48367605
 1.00000000  1.45000000 -0.74944268
 1.00000000  1.50000000 -0.92848493
 1.00000000  1.55000000 -1.01536815
 1.00000000  1.60000000 -1.00895073
 1.00000000  1.65000000 -0.91189665
 1.00000000  1.70000000 -0.77137891
 1.00000000  1.75000000 -0.62820450
 1.00000000  1.80000000 -0.49137452
 1.00000000  1.85000000 -0.37159117
 1.00000000  1.90000000 -0.25823054
 1.00000000  1.95000000 -0.14407752
 1.00000000  2.00000000 -0.04064271
 1.00000000  2.05000000  0.03201876
 1.00000000  2.10000000  0.03247230
 1.00000000  2.15000000 -0.06854719
 1.00000000  2.20000000 -0.29562737
 1.05000000 -0.25000000 -0.01782200
 1.05000000 -0.20000000  0.23584702
 1.05000000 -0.15000000  0.49219738
 1.05000000 -0.10000000  0.66872294
 1.05000000 -0.05000000  0.74882605
 1.05000000  0.00000000  0.71079101
 1.05000000  0.05000000  0.53927602
 1.05000000  0.10000000  0.28151481
 1.05000000  0.15000000 -0.05354216
 1.05000000  0.20000000 -0.40340439
 1.05000000  0.25000000 -0.73631992
 1.05000000  0.30000000 -1.01919383
 1.05000000  0.35000000 -1.23021009
 1.05000000  0.40000000 -1.33550070
 1.05000000  0.45000000 -1.37732584
 1.05000000  0.50000000 -1.35279988
 1.05000000  0.55000000 -1.32042648
 1.05000000  0.60000000 -1.32645664
 1.05000000  0.65000000 -1.38880596
 1.05000000  0.70000000 -1.50568271
 1.05000000  0.75000000 -1.64031679
 1.05000000  0.80000000 -1.72153179
 1.05000000  0.85000000 -1.70684736
 1.05000000  0.90000000 -1.54823629
 1.05000000  0.95000000 -1.24633423
 1.05000000  1.00000000 -0.85620705
 1.05000000  1.05000000 -0.43403774
 1.05000000  1.10000000 -0.06911052
 1.05000000  1.15000000  0.19673181
 1.05000000  1.20000000  0.32200653
 1.05000000  1.25000000  0.30439568
 1.05000000  1.30000000  0.16677533
 1.05000000  1.35000000 -0.05306697
 1.05000000  1.40000000 -0.30913907
 1.05000000  1.45000000 -0.55261824
 1.05000000  1.50000000 -0.72635858
 1.05000000  1.55000000 -0.82222169
 1.05000000  1.60000000 -0.80578390
 1.05000000  1.65000000 -0.72351253
 1.05000000  1.70000000 -0.59860256
 1.05000000  1.75000000 -0.46231978
 1.05000000  1.80000000 -0.35455685
 1.05000000  1.85000000 -0.27047759
 1.05000000  1.90000000 -0.20478257
 1.05000000  1.95000000 -0.13652295
 1.05000000  2.00000000 -0.07882842
 1.05000000  2.05000000 -0.03837691
 1.05000000  2.10000000 -0.05161861
 1.05000000  2.15000000 -0.14307248
 1.05000000  2.20000000 -0.31496223
 1.10000000 -0.25000000  0.49820873
 1.10000000 -0.20000000  0.73058662
 1.10000000 -0.15000000  0.91788018
 1.10000000 -0.10000000  1.04210907
 1.10000000 -0.05000000  1.04914863
 1.10000000  0.00000000  0.93202506
 1.10000000  0.05000000  0.69129316
 1.10000000  0.10000000  0.35229320
 1.10000000  0.15000000 -0.04807965
 1.10000000  0.20000000 -0.45394074
 1.10000000  0.25000000 -0.82920729
 1.10000000  0.30000000 -1.14047202
 1.10000000  0.35000000 -1.36245448
 1.10000000  0.40000000 -1.48412853
 1.10000000  0.45000000 -1.52448144
 1.10000000  0.50000000 -1.51965487
 1.10000000  0.55000000 -1.51434368
 1.10000000  0.60000000 -1.55038413
 1.10000000  0.65000000 -1.64836349
 1.10000000  0.70000000 -1.78248264
 1.10000000  0.75000000 -1.93116828
 1.10000000  0.80000000 -2.00944416
 1.10000000  0.85000000 -1.97184031
 1.10000000  0.90000000 -1.77732642
 1.10000000  0.95000000 -1.44596698
 1.10000000  1.00000000 -1.00924442
 1.10000000  1.05000000 -0.55874472
 1.10000000  1.10000000 -0.15921666
 1.10000000  1.15000000  0.13076653
 1.10000000  1.20000000  0.28693971
 1.10000000  1.25000000  0.30506281
 1.10000000  1.30000000  0.20228340
 1.10000000  1.35000000  0.03148275
 1.10000000  1.40000000 -0.18367190
 1.10000000  1.45000000 -0.38723934
 1.10000000  1.50000000 -0.53772428
 1.10000000  1.55000000 -0.61027378
 1.10000000  1.60000000 -0.59888954
 1.10000000  1.65000000 -0.51013743
 1.10000000  1.70000000 -0.40235397
 1.10000000  1.75000000 -0.29229812
 1.10000000  1.80000000 -0.21724480
 1.10000000  1.85000000 -0.17191756
 1.10000000  1.90000000 -0.14652288
 1.10000000  1.95000000 -0.12306541
 1.10000000  2.00000000 -0.09768195
 1.10000000  2.05000000 -0.07146700
 1.10000000  2.10000000 -0.08398440
 1.10000000  2.15000000 -0.15495667
 1.10000000  2.20000000 -0.28736970
 1.15000000 -0.25000000  1.08982703
 1.15000000 -0.20000000  1.28200202
 1.15000000 -0.15000000  1.41692735
 1.15000000 -0.10000000  1.47706011
 1.15000000 -0.05000000  1.41177612
 1.15000000  0.00000000  1.20891116
 1.15000000  0.05000000  0.88468481
 1.15000000  0.10000000  0.45443310
 1.15000000  0.15000000 -0.01055002
 1.15000000  0.20000000 -0.49229429
 1.15000000  0.25000000 -0.92595100
 1.15000000  0.30000000 -1.27551268
 1.15000000  0.35000000 -1.52745240
 1.15000000  0.40000000 -1.68099220
 1.15000000  0.45000000 -1.74808491
 1.15000000  0.50000000 -1.77185452
 1.15000000  0.55000000 -1.79538367
 1.15000000  0.60000000 -1.85139418
 1.15000000  0.65000000 -1.95402049
 1.15000000  0.70000000 -2.10157240
 1.15000000  0.75000000 -2.22619337
 1.15000000  0.80000000 -2.27907990
 1.15000000  0.85000000 -2.19816805
 1.15000000  0.90000000 -1.97011133
 1.15000000  0.95000000 -1.61026933
 1.15000000  1.00000000 -1.15548257
 1.15000000  1.05000000 -0.70848105
 1.15000000  1.10000000 -0.29813701
 1.15000000  1.15000000 -0.00363295
 1.15000000  1.20000000  0.16197320
 1.15000000  1.25000000  0.20331321
 1.15000000  1.30000000  0.14591556
 1.15000000  1.35000000  0.01948425
 1.15000000  1.40000000 -0.14399148
 1.15000000  1.45000000 -0.28941783
 1.15000000  1.50000000 -0.39480562
 1.15000000  1.55000000 -0.44045192
 1.15000000  1.60000000 -0.41794416
 1.15000000  1.65000000 -0.33294599
 1.15000000  1.70000000 -0.22812117
 1.15000000  1.75000000 -0.14297459
 1.15000000  1.80000000 -0.08851074
 1.15000000  1.85000000 -0.07093921
 1.15000000  1.90000000 -0.06461936
 1.15000000  1.95000000 -0.07190436
 1.15000000  2.00000000 -0.06324061
 1.15000000  2.05000000 -0.06067225
 1.15000000  2.10000000 -0.06755090
 1.15000000  2.15000000 -0.12154222
 1.15000000  2.20000000 -0.21799600
 1.20000000 -0.25000000  1.65755092
 1.20000000 -0.20000000  1.82184026
 1.20000000 -0.15000000  1.91080145
 1.20000000 -0.10000000  1.91124018
 1.20000000 -0.05000000  1.77472229
 1.20000000  0.00000000  1.50195265
 1.20000000  0.05000000  1.09100821
 1.20000000  0.10000000  0.59391674
 1.20000000  0.15000000  0.04291374
 1.20000000  0.20000000 -0.50170787
 1.20000000  0.25000000 -0.98964989
 1.20000000  0.30000000 -1.38364565
 1.20000000  0.35000000 -1.68796927
 1.20000000  0.40000000 -1.87810909
 1.20000000  0.45000000 -1.99144682
 1.20000000  0.50000000 -2.05899780
 1.20000000  0.55000000 -2.10598842
 1.20000000  0.60000000 -2.17965829
 1.20000000  0.65000000 -2.28146815
 1.20000000  0.70000000 -2.39388028
 1.20000000  0.75000000 -2.47847623
 1.20000000  0.80000000 -2.48290951
 1.20000000  0.85000000 -2.36187718
 1.20000000  0.90000000 -2.10974922
 1.20000000  0.95000000 -1.73368340
 1.20000000  1.00000000 -1.29351746
 1.20000000  1.05000000 -0.85844905
 1.20000000  1.10000000 -0.48635314
 1.20000000  1.15000000 -0.20250118
 1.20000000  1.20000000 -0.03663360
 1.20000000  1.25000000  0.01333564
 1.20000000  1.30000000 -0.00014744
 1.20000000  1.35000000 -0.08401462
 1.20000000  1.40000000 -0.17947325
 1.20000000  1.45000000 -0.26707031
 1.20000000  1.50000000 -0.33207093
 1.20000000  1.55000000 -0.34195919
 1.20000000  1.60000000 -0.30278932
 1.20000000  1.65000000 -0.21983816
 1.20000000  1.70000000 -0.12276456
 1.20000000  1.75000000 -0.04148051
 1.20000000  1.80000000  0.00758570
 1.20000000  1.85000000  0.02048888
 1.20000000  1.90000000  0.00942105
 1.20000000  1.95000000 -0.00142037
 1.20000000  2.00000000 -0.01003831
 1.20000000  2.05000000  0.00578230
 1.20000000  2.10000000 -0.00588698
 1.20000000  2.15000000 -0.03656643
 1.20000000  2.20000000 -0.11831421
 1.25000000 -0.25000000  2.11033040
 1.25000000 -0.20000000  2.26817159
 1.25000000 -0.15000000  2.32812502
 1.25000000 -0.10000000  2.27135806
 1.25000000 -0.05000000  2.07430046
 1.25000000  0.00000000  1.74340840
 1.25000000  0.05000000  1.28481470
 1.25000000  0.10000000  0.71655072
 1.25000000  0.15000000  0.10358878
 1.25000000  0.20000000 -0.48594616
 1.25000000  0.25000000 -1.02472607
 1.25000000  0.30000000 -1.46553531
 1.25000000  0.35000000 -1.79695647
 1.25000000  0.40000000 -2.03950123
 1.25000000  0.45000000 -2.20486765
 1.25000000  0.50000000 -2.30199480
 1.25000000  0.55000000 -2.39477717
 1.25000000  0.60000000 -2.47679956
 1.25000000  0.65000000 -2.56468405
 1.25000000  0.70000000 -2.64265218
 1.25000000  0.75000000 -2.67091070
 1.25000000  0.80000000 -2.62253418
 1.25000000  0.85000000 -2.46228315
 1.25000000  0.90000000 -2.19304866
 1.25000000  0.95000000 -1.83395724
 1.25000000  1.00000000 -1.42493753
 1.25000000  1.05000000 -1.03137668
 1.25000000  1.10000000 -0.69664615
 1.25000000  1.15000000 -0.44351284
 1.25000000  1.20000000 -0.28341040
 1.25000000  1.25000000 -0.21237031
 1.25000000  1.30000000 -0.19650118
 1.25000000  1.35000000 -0.22486829
 1.25000000  1.40000000 -0.27442099
 1.25000000  1.45000000 -0.31563383
 1.25000000  1.50000000 -0.33934236
 1.25000000  1.55000000 -0.32609409
 1.25000000  1.60000000 -0.27027195
 1.25000000  1.65000000 -0.18229604
 1.25000000  1.70000000 -0.08584751
 1.25000000  1.75000000 -0.00630700
 1.25000000  1.80000000  0.04128904
 1.25000000  1.85000000  0.07077373
 1.25000000  1.90000000  0.07149428
 1.25000000  1.95000000  0.07487092
 1.25000000  2.00000000  0.08494912
 1.25000000  2.05000000  0.08754124
 1.25000000  2.10000000  0.08608077
 1.25000000  2.15000000  0.04654726
 1.25000000  2.20000000 -0.00352303
 1.30000000 -0.25000000  2.41181611
 1.30000000 -0.20000000  2.55677425
 1.30000000 -0.15000000  2.59619171
 1.30000000 -0.10000000  2.50977334
 1.30000000 -0.05000000  2.27621874
 1.30000000  0.00000000  1.90156540
 1.30000000  0.05000000  1.39197126
 1.30000000  0.10000000  0.78705683
 1.30000000  0.15000000  0.15775669
 1.30000000  0.20000000 -0.45423843
 1.30000000  0.25000000 -1.01918601
 1.30000000  0.30000000 -1.48528807
 1.30000000  0.35000000 -1.84595164
 1.30000000  0.40000000 -2.12238229
 1.30000000  0.45000000 -2.32370609
 1.30000000  0.50000000 -2.46615454
 1.30000000  0.55000000 -2.58618362
 1.30000000  0.60000000 -2.68045654
 1.30000000  0.65000000 -2.74937102
 1.30000000  0.70000000 -2.78650474
 1.30000000  0.75000000 -2.76485165
 1.30000000  0.80000000 -2.67816735
 1.30000000  0.85000000 -2.48620984
 1.30000000  0.90000000 -2.21932645
 1.30000000  0.95000000 -1.89375064
 1.30000000  1.00000000 -1.54914991
 1.30000000  1.05000000 -1.20738091
 1.30000000  1.10000000 -0.91514350
 1.30000000  1.15000000 -0.69540590
 1.30000000  1.20000000 -0.54333397
 1.30000000  1.25000000 -0.44280899
 1.30000000  1.30000000 -0.39409814
 1.30000000  1.35000000 -0.37960170
 1.30000000  1.40000000 -0.38521702
 1.30000000  1.45000000 -0.39315358
 1.30000000  1.50000000 -0.38675157
 1.30000000  1.55000000 -0.36519903
 1.30000000  1.60000000 -0.31041179
 1.30000000  1.65000000 -0.22059736
 1.30000000  1.70000000 -0.12535882
 1.30000000  1.75000000 -0.04849806
 1.30000000  1.80000000  0.02256936
 1.30000000  1.85000000  0.07126864
 1.30000000  1.90000000  0.10035234
 1.30000000  1.95000000  0.12109341
 1.30000000  2.00000000  0.15001811
 1.30000000  2.05000000  0.16954878
 1.30000000  2.10000000  0.17384791
 1.30000000  2.15000000  0.14403884
 1.30000000  2.20000000  0.09428632
 1.35000000 -0.25000000  2.50312781
 1.35000000 -0.20000000  2.65425801
 1.35000000 -0.15000000  2.69127820
 1.35000000 -0.10000000  2.58301529
 1.35000000 -0.05000000  2.32850347
 1.35000000  0.00000000  1.93298873
 1.35000000  0.05000000  1.40749353
 1.35000000  0.10000000  0.80477507
 1.35000000  0.15000000  0.17079823
 1.35000000  0.20000000 -0.43124942
 1.35000000  0.25000000 -0.97688726
 1.35000000  0.30000000 -1.42946799
 1.35000000  0.35000000 -1.78842759
 1.35000000  0.40000000 -2.07644478
 1.35000000  0.45000000 -2.30440532
 1.35000000  0.50000000 -2.49555634
 1.35000000  0.55000000 -2.64030456
 1.35000000  0.60000000 -2.74588318
 1.35000000  0.65000000 -2.80939447
 1.35000000  0.70000000 -2.82177925
 1.35000000  0.75000000 -2.76515609
 1.35000000  0.80000000 -2.64598122
 1.35000000  0.85000000 -2.46287635
 1.35000000  0.90000000 -2.21519196
 1.35000000  0.95000000 -1.94008019
 1.35000000  1.00000000 -1.64704391
 1.35000000  1.05000000 -1.37306404
 1.35000000  1.10000000 -1.13011649
 1.35000000  1.15000000 -0.91850205
 1.35000000  1.20000000 -0.75927186
 1.35000000  1.25000000 -0.64319462
 1.35000000  1.30000000 -0.55552876
 1.35000000  1.35000000 -0.50408887
 1.35000000  1.40000000 -0.46250431
 1.35000000  1.45000000 -0.44400983
 1.35000000  1.50000000 -0.43600607
 1.35000000  1.55000000 -0.41567987
 1.35000000  1.60000000 -0.37932032
 1.35000000  1.65000000 -0.31214618
 1.35000000  1.70000000 -0.23510301
 1.35000000  1.75000000 -0.14645611
 1.35000000  1.80000000 -0.06395926
 1.35000000  1.85000000  0.00704213
 1.35000000  1.90000000  0.07833379
 1.35000000  1.95000000  0.13867505
 1.35000000  2.00000000  0.18573702
 1.35000000  2.05000000  0.22311989
 1.35000000  2.10000000  0.22998288
 1.35000000  2.15000000  0.20394916
 1.35000000  2.20000000  0.14771636
 1.40000000 -0.25000000  2.43221068
 1.40000000 -0.20000000  2.58600408
 1.40000000 -0.15000000  2.61380139
 1.40000000 -0.10000000  2.50387460
 1.40000000 -0.05000000  2.24849033
 1.40000000  0.00000000  1.84480725
 1.40000000  0.05000000  1.33710073
 1.40000000  0.10000000  0.75604612
 1.40000000  0.15000000  0.16382297
 1.40000000  0.20000000 -0.39598432
 1.40000000  0.25000000 -0.89383425
 1.40000000  0.30000000 -1.29920810
 1.40000000  0.35000000 -1.64381142
 1.40000000  0.40000000 -1.91576530
 1.40000000  0.45000000 -2.15574429
 1.40000000  0.50000000 -2.36255284
 1.40000000  0.55000000 -2.53703537
 1.40000000  0.60000000 -2.66240179
 1.40000000  0.65000000 -2.73584470
 1.40000000  0.70000000 -2.74187973
 1.40000000  0.75000000 -2.68016019
 1.40000000  0.80000000 -2.55351680
 1.40000000  0.85000000 -2.37449136
 1.40000000  0.90000000 -2.17312335
 1.40000000  0.95000000 -1.95457123
 1.40000000  1.00000000 -1.73710733
 1.40000000  1.05000000 -1.51905590
 1.40000000  1.10000000 -1.30748942
 1.40000000  1.15000000 -1.11916884
 1.40000000  1.20000000 -0.93925109
 1.40000000  1.25000000 -0.78324595
 1.40000000  1.30000000 -0.64322187
 1.40000000  1.35000000 -0.54229051
 1.40000000  1.40000000 -0.47158403
 1.40000000  1.45000000 -0.45049188
 1.40000000  1.50000000 -0.44160290
 1.40000000  1.55000000 -0.45353220
 1.40000000  1.60000000 -0.45586809
 1.40000000  1.65000000 -0.42474765
 1.40000000  1.70000000 -0.37641077
 1.40000000  1.75000000 -0.29669291
 1.40000000  1.80000000 -0.20151382
 1.40000000  1.85000000 -0.10471286
 1.40000000  1.90000000 -0.01061898
 1.40000000  1.95000000  0.08602586
 1.40000000  2.00000000  0.17002902
 1.40000000  2.05000000  0.22053815
 1.40000000  2.10000000  0.24957510
 1.40000000  2.15000000  0.22114146
 1.40000000  2.20000000  0.16377914
 1.45000000 -0.25000000  2.21712662
 1.45000000 -0.20000000  2.38070102
 1.45000000 -0.15000000  2.41161956
 1.45000000 -0.10000000  2.29548919
 1.45000000 -0.05000000  2.04628029
 1.45000000  0.00000000  1.66938063
 1.45000000  0.05000000  1.19451587
 1.45000000  0.10000000  0.66243342
 1.45000000  0.15000000  0.13112515
 1.45000000  0.20000000 -0.35675909
 1.45000000  0.25000000 -0.77758755
 1.45000000  0.30000000 -1.12836016
 1.45000000  0.35000000 -1.40073373
 1.45000000  0.40000000 -1.64593527
 1.45000000  0.45000000 -1.87229283
 1.45000000  0.50000000 -2.09477363
 1.45000000  0.55000000 -2.29129663
 1.45000000  0.60000000 -2.45177213
 1.45000000  0.65000000 -2.53951847
 1.45000000  0.70000000 -2.55590876
 1.45000000  0.75000000 -2.50705101
 1.45000000  0.80000000 -2.38802971
 1.45000000  0.85000000 -2.26050089
 1.45000000  0.90000000 -2.10687072
 1.45000000  0.95000000 -1.95221085
 1.45000000  1.00000000 -1.78406910
 1.45000000  1.05000000 -1.61122442
 1.45000000  1.10000000 -1.43857912
 1.45000000  1.15000000 -1.24165214
 1.45000000  1.20000000 -1.03996406
 1.45000000  1.25000000 -0.83359323
 1.45000000  1.30000000 -0.65212172
 1.45000000  1.35000000 -0.50586703
 1.45000000  1.40000000 -0.40744179
 1.45000000  1.45000000 -0.37674823
 1.45000000  1.50000000 -0.39415298
 1.45000000  1.55000000 -0.44235655
 1.45000000  1.60000000 -0.49932122
 1.45000000  1.65000000 -0.52688357
 1.45000000  1.70000000 -0.51630581
 1.45000000  1.75000000 -0.46841368
 1.45000000  1.80000000 -0.37143058
 1.45000000  1.85000000 -0.26297134
 1.45000000  1.90000000 -0.14033200
 1.45000000  1.95000000 -0.02443149
 1.45000000  2.00000000  0.07634855
 1.45000000  2.05000000  0.15975876
 1.45000000  2.10000000  0.19682965
 1.45000000  2.15000000  0.19676641
 1.45000000  2.20000000  0.14243640
 1.50000000 -0.25000000  1.89802862
 1.50000000 -0.20000000  2.06916721
 1.50000000 -0.15000000  2.10913345
 1.50000000 -0.10000000  2.00885637
 1.50000000 -0.05000000  1.77830038
 1.50000000  0.00000000  1.43337438
 1.50000000  0.05000000  1.01101500
 1.50000000  0.10000000  0.54473430
 1.50000000  0.15000000  0.08400848
 1.50000000  0.20000000 -0.32588785
 1.50000000  0.25000000 -0.64829057
 1.50000000  0.30000000 -0.90751795
 1.50000000  0.35000000 -1.10457569
 1.50000000  0.40000000 -1.29844701
 1.50000000  0.45000000 -1.50001549
 1.50000000  0.50000000 -1.71975244
 1.50000000  0.55000000 -1.93703263
 1.50000000  0.60000000 -2.12686228
 1.50000000  0.65000000 -2.25157362
 1.50000000  0.70000000 -2.30143501
 1.50000000  0.75000000 -2.27356025
 1.50000000  0.80000000 -2.19611454
 1.50000000  0.85000000 -2.10097561
 1.50000000  0.90000000 -1.99462707
 1.50000000  0.95000000 -1.89245365
 1.50000000  1.00000000 -1.78338622
 1.50000000  1.05000000 -1.65689714
 1.50000000  1.10000000 -1.48825180
 1.50000000  1.15000000 -1.28911397
 1.50000000  1.20000000 -1.05240442
 1.50000000  1.25000000 -0.80285074
 1.50000000  1.30000000 -0.57752857
 1.50000000  1.35000000 -0.39118169
 1.50000000  1.40000000 -0.28261858
 1.50000000  1.45000000 -0.25045809
 1.50000000  1.50000000 -0.29864524
 1.50000000  1.55000000 -0.39839305
 1.50000000  1.60000000 -0.51121723
 1.50000000  1.65000000 -0.60057502
 1.50000000  1.70000000 -0.65069349
 1.50000000  1.75000000 -0.62617855
 1.50000000  1.80000000 -0.55385714
 1.50000000  1.85000000 -0.44109928
 1.50000000  1.90000000 -0.31006446
 1.50000000  1.95000000 -0.17353284
 1.50000000  2.00000000 -0.05282198
 1.50000000  2.05000000  0.04953520
 1.50000000  2.10000000  0.10955058
 1.50000000  2.15000000  0.12156070
 1.50000000  2.20000000  0.10145181
 1.55000000 -0.25000000  1.51951438
 1.55000000 -0.20000000  1.70014338
 1.55000000 -0.15000000  1.74454476
 1.55000000 -0.10000000  1.66595928
 1.55000000 -0.05000000  1.46395912
 1.55000000  0.00000000  1.16674129
 1.55000000  0.05000000  0.79155714
 1.55000000  0.10000000  0.39663377
 1.55000000  0.15000000  0.02341023
 1.55000000  0.20000000 -0.29740725
 1.55000000  0.25000000 -0.53148738
 1.55000000  0.30000000 -0.68834852
 1.55000000  0.35000000 -0.81048985
 1.55000000  0.40000000 -0.93404710
 1.55000000  0.45000000 -1.08833486
 1.55000000  0.50000000 -1.29697463
 1.55000000  0.55000000 -1.53013231
 1.55000000  0.60000000 -1.74032603
 1.55000000  0.65000000 -1.89307763
 1.55000000  0.70000000 -1.97821575
 1.55000000  0.75000000 -1.98866296
 1.55000000  0.80000000 -1.95581192
 1.55000000  0.85000000 -1.90280476
 1.55000000  0.90000000 -1.83102751
 1.55000000  0.95000000 -1.77459681
 1.55000000  1.00000000 -1.70886462
 1.55000000  1.05000000 -1.60338251
 1.55000000  1.10000000 -1.44926217
 1.55000000  1.15000000 -1.23859992
 1.55000000  1.20000000 -0.97942528
 1.55000000  1.25000000 -0.70133721
 1.55000000  1.30000000 -0.43443537
 1.55000000  1.35000000 -0.22396553
 1.55000000  1.40000000 -0.09898797
 1.55000000  1.45000000 -0.08599013
 1.55000000  1.50000000 -0.17018279
 1.55000000  1.55000000 -0.31970835
 1.55000000  1.60000000 -0.50096493
 1.55000000  1.65000000 -0.65619965
 1.55000000  1.70000000 -0.74397277
 1.55000000  1.75000000 -0.77126776
 1.55000000  1.80000000 -0.71537352
 1.55000000  1.85000000 -0.60201001
 1.55000000  1.90000000 -0.47535778
 1.55000000  1.95000000 -0.33428361
 1.55000000  2.00000000 -0.20723564
 1.55000000  2.05000000 -0.09453138
 1.55000000  2.10000000 -0.01698114
 1.55000000  2.15000000  0.03188657
 1.55000000  2.20000000  0.02977364
 1.60000000 -0.25000000  1.11826623
 1.60000000 -0.20000000  1.30563771
 1.60000000 -0.15000000  1.36140944
 1.60000000 -0.10000000  1.30518042
 1.60000000 -0.05000000  1.13638269
 1.60000000  0.00000000  0.87484498
 1.60000000  0.05000000  0.55572280
 1.60000000  0.10000000  0.21415658
 1.60000000  0.15000000 -0.08395516
 1.60000000  0.20000000 -0.31644641
 1.60000000  0.25000000 -0.46223752
 1.60000000  0.30000000 -0.53384589
 1.60000000  0.35000000 -0.57830316
 1.60000000  0.40000000 -0.62737889
 1.60000000  0.45000000 -0.72466723
 1.60000000  0.50000000 -0.90349482
 1.60000000  0.55000000 -1.11844733
 1.60000000  0.60000000 -1.33560894
 1.60000000  0.65000000 -1.51101025
 1.60000000  0.70000000 -1.62571135
 1.60000000  0.75000000 -1.67224143
 1.60000000  0.80000000 -1.66054936
 1.60000000  0.85000000 -1.63950591
 1.60000000  0.90000000 -1.61045446
 1.60000000  0.95000000 -1.57761954
 1.60000000  1.00000000 -1.54021926
 1.60000000  1.05000000 -1.45099532
 1.60000000  1.10000000 -1.30781572
 1.60000000  1.15000000 -1.09516370
 1.60000000  1.20000000 -0.81868896
 1.60000000  1.25000000 -0.52079492
 1.60000000  1.30000000 -0.24179424
 1.60000000  1.35000000 -0.02254308
 1.60000000  1.40000000  0.08905713
 1.60000000  1.45000000  0.08169711
 1.60000000  1.50000000 -0.04367391
 1.60000000  1.55000000 -0.25676872
 1.60000000  1.60000000 -0.48940909
 1.60000000  1.65000000 -0.68804667
 1.60000000  1.70000000 -0.82684381
 1.60000000  1.75000000 -0.87830920
 1.60000000  1.80000000 -0.83004557
 1.60000000  1.85000000 -0.73527884
 1.60000000  1.90000000 -0.61608894
 1.60000000  1.95000000 -0.47469030
 1.60000000  2.00000000 -0.34583758
 1.60000000  2.05000000 -0.23334995
 1.60000000  2.10000000 -0.14109262
 1.60000000  2.15000000 -0.07521309
 1.60000000  2.20000000 -0.03922190
 1.65000000 -0.25000000  0.74071744
 1.65000000 -0.20000000  0.93491395
 1.65000000 -0.15000000  1.00097526
 1.65000000 -0.10000000  0.95979114
 1.65000000 -0.05000000  0.81069673
 1.65000000  0.00000000  0.57950376
 1.65000000  0.05000000  0.30162780
 1.65000000  0.10000000  0.01131546
 1.65000000  0.15000000 -0.23684180
 1.65000000  0.20000000 -0.40725519
 1.65000000  0.25000000 -0.48587507
 1.65000000  0.30000000 -0.47887166
 1.65000000  0.35000000 -0.44155826
 1.65000000  0.40000000 -0.41753164
 1.65000000  0.45000000 -0.45521913
 1.65000000  0.50000000 -0.57659335
 1.65000000  0.55000000 -0.75206135
 1.65000000  0.60000000 -0.94359103
 1.65000000  0.65000000 -1.12989214
 1.65000000  0.70000000 -1.24406168
 1.65000000  0.75000000 -1.30547980
 1.65000000  0.80000000 -1.32096474
 1.65000000  0.85000000 -1.31385623
 1.65000000  0.90000000 -1.30971943
 1.65000000  0.95000000 -1.30024220
 1.65000000  1.00000000 -1.27288290
 1.65000000  1.05000000 -1.20667478
 1.65000000  1.10000000 -1.06721042
 1.65000000  1.15000000 -0.86352825
 1.65000000  1.20000000 -0.59555596
 1.65000000  1.25000000 -0.30058835
 1.65000000  1.30000000 -0.02581718
 1.65000000  1.35000000  0.18942696
 1.65000000  1.40000000  0.27669492
 1.65000000  1.45000000  0.23193914
 1.65000000  1.50000000  0.05963088
 1.65000000  1.55000000 -0.20275821
 1.65000000  1.60000000 -0.48798479
 1.65000000  1.65000000 -0.73402422
 1.65000000  1.70000000 -0.89583226
 1.65000000  1.75000000 -0.94863225
 1.65000000  1.80000000 -0.90857690
 1.65000000  1.85000000 -0.81304377
 1.65000000  1.90000000 -0.68931361
 1.65000000  1.95000000 -0.55943477
 1.65000000  2.00000000 -0.44963227
 1.65000000  2.05000000 -0.34324764
 1.65000000  2.10000000 -0.24691493
 1.65000000  2.15000000 -0.16395644
 1.65000000  2.20000000 -0.10022566
 1.70000000 -0.25000000  0.40920187
 1.70000000 -0.20000000  0.61005687
 1.70000000 -0.15000000  0.68312114
 1.70000000 -0.10000000  0.64296428
 1.70000000 -0.05000000  0.50184126
 1.70000000  0.00000000  0.28291744
 1.70000000  0.05000000  0.02528195
 1.70000000  0.10000000 -0.23697275
 1.70000000  0.15000000 -0.45679068
 1.70000000  0.20000000 -0.58858760
 1.70000000  0.25000000 -0.60786542
 1.70000000  0.30000000 -0.55383524
 1.70000000  0.35000000 -0.43820641
 1.70000000  0.40000000 -0.35175847
 1.70000000  0.45000000 -0.30899842
 1.70000000  0.50000000 -0.34263869
 1.70000000  0.55000000 -0.45657246
 1.70000000  0.60000000 -0.60176468
 1.70000000  0.65000000 -0.73775785
 1.70000000  0.70000000 -0.84421819
 1.70000000  0.75000000 -0.89902556
 1.70000000  0.80000000 -0.91291573
 1.70000000  0.85000000 -0.91630028
 1.70000000  0.90000000 -0.93011264
 1.70000000  0.95000000 -0.93019547
 1.70000000  1.00000000 -0.92447471
 1.70000000  1.05000000 -0.87090040
 1.70000000  1.10000000 -0.75816014
 1.70000000  1.15000000 -0.57188572
 1.70000000  1.20000000 -0.31976089
 1.70000000  1.25000000 -0.04533225
 1.70000000  1.30000000  0.20112557
 1.70000000  1.35000000  0.36627721
 1.70000000  1.40000000  0.42851302
 1.70000000  1.45000000  0.32869346
 1.70000000  1.50000000  0.10354947
 1.70000000  1.55000000 -0.20029636
 1.70000000  1.60000000 -0.52426886
 1.70000000  1.65000000 -0.79546190
 1.70000000  1.70000000 -0.95368813
 1.70000000  1.75000000 -1.00433236
 1.70000000  1.80000000 -0.95228426
 1.70000000  1.85000000 -0.84540746
 1.70000000  1.90000000 -0.71245214
 1.70000000  1.95000000 -0.59240362
 1.70000000  2.00000000 -0.49491469
 1.70000000  2.05000000 -0.40683419
 1.70000000  2.10000000 -0.31842438
 1.70000000  2.15000000 -0.22978281
 1.70000000  2.20000000 -0.14307931
 1.75000000 -0.25000000  0.18111634
 1.75000000 -0.20000000  0.38682603
 1.75000000 -0.15000000  0.44971667
 1.75000000 -0.10000000  0.38731191
 1.75000000 -0.05000000  0.23424693
 1.75000000  0.00000000 -0.00002787
 1.75000000  0.05000000 -0.26549251
 1.75000000  0.10000000 -0.53526051
 1.75000000  0.15000000 -0.74697320
 1.75000000  0.20000000 -0.85646809
 1.75000000  0.25000000 -0.84901497
 1.75000000  0.30000000 -0.75958332
 1.75000000  0.35000000 -0.58381137
 1.75000000  0.40000000 -0.40892365
 1.75000000  0.45000000 -0.27139533
 1.75000000  0.50000000 -0.22589956
 1.75000000  0.55000000 -0.24053979
 1.75000000  0.60000000 -0.30312002
 1.75000000  0.65000000 -0.37624284
 1.75000000  0.70000000 -0.42682395
 1.75000000  0.75000000 -0.45078958
 1.75000000  0.80000000 -0.46108180
 1.75000000  0.85000000 -0.46085657
 1.75000000  0.90000000 -0.47297668
 1.75000000  0.95000000 -0.48491312
 1.75000000  1.00000000 -0.50281039
 1.75000000  1.05000000 -0.47654212
 1.75000000  1.10000000 -0.39120293
 1.75000000  1.15000000 -0.23909193
 1.75000000  1.20000000 -0.03176010
 1.75000000  1.25000000  0.19535428
 1.75000000  1.30000000  0.40381005
 1.75000000  1.35000000  0.52862380
 1.75000000  1.40000000  0.51380133
 1.75000000  1.45000000  0.35870798
 1.75000000  1.50000000  0.07771665
 1.75000000  1.55000000 -0.27340984
 1.75000000  1.60000000 -0.61556065
 1.75000000  1.65000000 -0.89309247
 1.75000000  1.70000000 -1.04564845
 1.75000000  1.75000000 -1.05601433
 1.75000000  1.80000000 -0.97484095
 1.75000000  1.85000000 -0.83594670
 1.75000000  1.90000000 -0.68699937
 1.75000000  1.95000000 -0.56686654
 1.75000000  2.00000000 -0.47884918
 1.75000000  2.05000000 -0.41619060
 1.75000000  2.10000000 -0.33886375
 1.75000000  2.15000000 -0.25778223
 1.75000000  2.20000000 -0.16939094
 1.80000000 -0.25000000  0.07333723
 1.80000000 -0.20000000  0.26121723
 1.80000000 -0.15000000  0.30772530
 1.80000000 -0.10000000  0.21842111
 1.80000000 -0.05000000  0.01177162
 1.80000000  0.00000000 -0.26800954
 1.80000000  0.05000000 -0.57052342
 1.80000000  0.10000000 -0.85343085
 1.80000000  0.15000000 -1.06852647
 1.80000000  0.20000000 -1.18126638
 1.80000000  0.25000000 -1.16317716
 1.80000000  0.30000000 -1.02304810
 1.80000000  0.35000000 -0.81013379
 1.80000000  0.40000000 -0.56149452
 1.80000000  0.45000000 -0.33758690
 1.80000000  0.50000000 -0.18300707
 1.80000000  0.55000000 -0.09151399
 1.80000000  0.60000000 -0.05458076
 1.80000000  0.65000000 -0.03238724
 1.80000000  0.70000000 -0.01425689
 1.80000000  0.75000000  0.00988824
 1.80000000  0.80000000  0.03956730
 1.80000000  0.85000000  0.03714216
 1.80000000  0.90000000  0.01725091
 1.80000000  0.95000000 -0.01108082
 1.80000000  1.00000000 -0.04513188
 1.80000000  1.05000000 -0.04854860
 1.80000000  1.10000000  0.00218640
 1.80000000  1.15000000  0.11112491
 1.80000000  1.20000000  0.27090638
 1.80000000  1.25000000  0.43773198
 1.80000000  1.30000000  0.57528865
 1.80000000  1.35000000  0.61795811
 1.80000000  1.40000000  0.53926394
 1.80000000  1.45000000  0.32331171
 1.80000000  1.50000000 -0.01759140
 1.80000000  1.55000000 -0.40527036
 1.80000000  1.60000000 -0.76682096
 1.80000000  1.65000000 -1.03484551
 1.80000000  1.70000000 -1.15182900
 1.80000000  1.75000000 -1.12533146
 1.80000000  1.80000000 -0.99557726
 1.80000000  1.85000000 -0.80910288
 1.80000000  1.90000000 -0.63458627
 1.80000000  1.95000000 -0.50198712
 1.80000000  2.00000000 -0.41996330
 1.80000000  2.05000000 -0.37407362
 1.80000000  2.10000000 -0.32578586
 1.80000000  2.15000000 -0.26102946
 1.80000000  2.20000000 -0.17355950
 1.85000000 -0.25000000  0.09731096
 1.85000000 -0.20000000  0.26591471
 1.85000000 -0.15000000  0.27651889
 1.85000000 -0.10000000  0.12607955
 1.85000000 -0.05000000 -0.14540709
 1.85000000  0.00000000 -0.48532535
 1.85000000  0.05000000 -0.84934510
 1.85000000  0.10000000 -1.16339415
 1.85000000  0.15000000 -1.40227611
 1.85000000  0.20000000 -1.51249686
 1.85000000  0.25000000 -1.48632864
 1.85000000  0.30000000 -1.32009127
 1.85000000  0.35000000 -1.06216671
 1.85000000  0.40000000 -0.75647391
 1.85000000  0.45000000 -0.46656161
 1.85000000  0.50000000 -0.20070091
 1.85000000  0.55000000  0.00134144
 1.85000000  0.60000000  0.15273616
 1.85000000  0.65000000  0.27751702
 1.85000000  0.70000000  0.37642471
 1.85000000  0.75000000  0.46214926
 1.85000000  0.80000000  0.51595019
 1.85000000  0.85000000  0.53822773
 1.85000000  0.90000000  0.52342359
 1.85000000  0.95000000  0.47740988
 1.85000000  1.00000000  0.42278013
 1.85000000  1.05000000  0.38195426
 1.85000000  1.10000000  0.38865971
 1.85000000  1.15000000  0.45118763
 1.85000000  1.20000000  0.54107428
 1.85000000  1.25000000  0.63980332
 1.85000000  1.30000000  0.69788054
 1.85000000  1.35000000  0.66626850
 1.85000000  1.40000000  0.50947006
 1.85000000  1.45000000  0.21783386
 1.85000000  1.50000000 -0.17345558
 1.85000000  1.55000000 -0.59752734
 1.85000000  1.60000000 -0.96979067
 1.85000000  1.65000000 -1.21576559
 1.85000000  1.70000000 -1.29089772
 1.85000000  1.75000000 -1.21402059
 1.85000000  1.80000000 -1.02188553
 1.85000000  1.85000000 -0.78417796
 1.85000000  1.90000000 -0.56787668
 1.85000000  1.95000000 -0.41140615
 1.85000000  2.00000000 -0.31984187
 1.85000000  2.05000000 -0.28862765
 1.85000000  2.10000000 -0.26232679
 1.85000000  2.15000000 -0.21592996
 1.85000000  2.20000000 -0.14898845
 1.90000000 -0.25000000  0.21944352
 1.90000000 -0.20000000  0.36290483
 1.90000000 -0.15000000  0.32179485
 1.90000000 -0.10000000  0.10645484
 1.90000000 -0.05000000 -0.25147309
 1.90000000  0.00000000 -0.66044911
 1.90000000  0.05000000 -1.07681446
 1.90000000  0.10000000 -1.43951383
 1.90000000  0.15000000 -1.69051874
 1.90000000  0.20000000 -1.80609139
 1.90000000  0.25000000 -1.77333508
 1.90000000  0.30000000 -1.58639668
 1.90000000  0.35000000 -1.29356184
 1.90000000  0.40000000 -0.93900281
 1.90000000  0.45000000 -0.58467386
 1.90000000  0.50000000 -0.25214748
 1.90000000  0.55000000  0.05739292
 1.90000000  0.60000000  0.30481330
 1.90000000  0.65000000  0.52463170
 1.90000000  0.70000000  0.71206095
 1.90000000  0.75000000  0.85929084
 1.90000000  0.80000000  0.96031479
 1.90000000  0.85000000  1.00185901
 1.90000000  0.90000000  0.98202924
 1.90000000  0.95000000  0.93735010
 1.90000000  1.00000000  0.86342357
 1.90000000  1.05000000  0.79641730
 1.90000000  1.10000000  0.76501761
 1.90000000  1.15000000  0.75890834
 1.90000000  1.20000000  0.79176736
 1.90000000  1.25000000  0.81886231
 1.90000000  1.30000000  0.79168896
 1.90000000  1.35000000  0.66796118
 1.90000000  1.40000000  0.42422079
 1.90000000  1.45000000  0.06446607
 1.90000000  1.50000000 -0.37302801
 1.90000000  1.55000000 -0.81968553
 1.90000000  1.60000000 -1.18753001
 1.90000000  1.65000000 -1.40886333
 1.90000000  1.70000000 -1.44564847
 1.90000000  1.75000000 -1.31526560
 1.90000000  1.80000000 -1.06489579
 1.90000000  1.85000000 -0.76965390
 1.90000000  1.90000000 -0.50701293
 1.90000000  1.95000000 -0.31297115
 1.90000000  2.00000000 -0.20629968
 1.90000000  2.05000000 -0.16828670
 1.90000000  2.10000000 -0.14597057
 1.90000000  2.15000000 -0.13310786
 1.90000000  2.20000000 -0.07323806
 1.95000000 -0.25000000  0.41597126
 1.95000000 -0.20000000  0.51809069
 1.95000000 -0.15000000  0.41488923
 1.95000000 -0.10000000  0.11670401
 1.95000000 -0.05000000 -0.30594376
 1.95000000  0.00000000 -0.79208397
 1.95000000  0.05000000 -1.25734605
 1.95000000  0.10000000 -1.64869780
 1.95000000  0.15000000 -1.91100030
 1.95000000  0.20000000 -2.02473065
 1.95000000  0.25000000 -1.97343738
 1.95000000  0.30000000 -1.77523544
 1.95000000  0.35000000 -1.47313164
 1.95000000  0.40000000 -1.09562706
 1.95000000  0.45000000 -0.69071230
 1.95000000  0.50000000 -0.30179003
 1.95000000  0.55000000  0.05810504
 1.95000000  0.60000000  0.39954019
 1.95000000  0.65000000  0.69636584
 1.95000000  0.70000000  0.95845512
 1.95000000  0.75000000  1.15909267
 1.95000000  0.80000000  1.29738782
 1.95000000  0.85000000  1.36430966
 1.95000000  0.90000000  1.37251771
 1.95000000  0.95000000  1.31462283
 1.95000000  1.00000000  1.23112174
 1.95000000  1.05000000  1.14698209
 1.95000000  1.10000000  1.08298587
 1.95000000  1.15000000  1.03943186
 1.95000000  1.20000000  1.00164216
 1.95000000  1.25000000  0.95508856
 1.95000000  1.30000000  0.84467962
 1.95000000  1.35000000  0.63891604
 1.95000000  1.40000000  0.31942089
 1.95000000  1.45000000 -0.09697235
 1.95000000  1.50000000 -0.57018657
 1.95000000  1.55000000 -1.03605758
 1.95000000  1.60000000 -1.40017191
 1.95000000  1.65000000 -1.59075443
 1.95000000  1.70000000 -1.59168946
 1.95000000  1.75000000 -1.41099228
 1.95000000  1.80000000 -1.10712587
 1.95000000  1.85000000 -0.76285526
 1.95000000  1.90000000 -0.44935526
 1.95000000  1.95000000 -0.21772093
 1.95000000  2.00000000 -0.08488891
 1.95000000  2.05000000 -0.03081215
 1.95000000  2.10000000 -0.00928213
 1.95000000  2.15000000  0.00559745
 1.95000000  2.20000000  0.05369892
 2.00000000 -0.25000000  0.61675095
 2.00000000 -0.20000000  0.66923642
 2.00000000 -0.15000000  0.50715667
 2.00000000 -0.10000000  0.14205686
 2.00000000 -0.05000000 -0.35092013
 2.00000000  0.00000000 -0.88281797
 2.00000000  0.05000000 -1.38746896
 2.00000000  0.10000000 -1.78889333
 2.00000000  0.15000000 -2.05125374
 2.00000000  0.20000000 -2.15522208
 2.00000000  0.25000000 -2.09696063
 2.00000000  0.30000000 -1.89318027
 2.00000000  0.35000000 -1.58397344
 2.00000000  0.40000000 -1.19868584
 2.00000000  0.45000000 -0.79230329
 2.00000000  0.50000000 -0.36790988
 2.00000000  0.55000000  0.03249510
 2.00000000  0.60000000  0.42335956
 2.00000000  0.65000000  0.77351621
 2.00000000  0.70000000  1.08159032
 2.00000000  0.75000000  1.32952631
 2.00000000  0.80000000  1.50018307
 2.00000000  0.85000000  1.59764835
 2.00000000  0.90000000  1.61602535
 2.00000000  0.95000000  1.57776270
 2.00000000  1.00000000  1.50069450
 2.00000000  1.05000000  1.42160767
 2.00000000  1.10000000  1.34075363
 2.00000000  1.15000000  1.26113776
 2.00000000  1.20000000  1.17318087
 2.00000000  1.25000000  1.05263423
 2.00000000  1.30000000  0.86593785
 2.00000000  1.35000000  0.57862028
 2.00000000  1.40000000  0.18663162
 2.00000000  1.45000000 -0.27976905
 2.00000000  1.50000000 -0.77663616
 2.00000000  1.55000000 -1.23811708
 2.00000000  1.60000000 -1.58179712
 2.00000000  1.65000000 -1.74006988
 2.00000000  1.70000000 -1.70424048
 2.00000000  1.75000000 -1.48689403
 2.00000000  1.80000000 -1.14373030
 2.00000000  1.85000000 -0.75964241
 2.00000000  1.90000000 -0.40574748
 2.00000000  1.95000000 -0.11909844
 2.00000000  2.00000000  0.04834380
 2.00000000  2.05000000  0.13099662
 2.00000000  2.10000000  0.15777306
 2.00000000  2.15000000  0.19024911
 2.00000000  2.20000000  0.23891208
 2.05000000 -0.25000000  0.75701263
 2.05000000 -0.20000000  0.77065434
 2.05000000 -0.15000000  0.54456723
 2.05000000 -0.10000000  0.13523687
 2.05000000 -0.05000000 -0.39093948
 2.05000000  0.00000000 -0.94851013
 2.05000000  0.05000000 -1.47503314
 2.05000000  0.10000000 -1.87266325
 2.05000000  0.15000000 -2.13150508
 2.05000000  0.20000000 -2.22091364
 2.05000000  0.25000000 -2.16065942
 2.05000000  0.30000000 -1.95388727
 2.05000000  0.35000000 -1.65009945
 2.05000000  0.40000000 -1.27453599
 2.05000000  0.45000000 -0.86427964
 2.05000000  0.50000000 -0.44690613
 2.05000000  0.55000000 -0.03930932
 2.05000000  0.60000000  0.37315922
 2.05000000  0.65000000  0.75551652
 2.05000000  0.70000000  1.08263490
 2.05000000  0.75000000  1.35915305
 2.05000000  0.80000000  1.56090228
 2.05000000  0.85000000  1.67463533
 2.05000000  0.90000000  1.71970215
 2.05000000  0.95000000  1.70713618
 2.05000000  1.00000000  1.65736312
 2.05000000  1.05000000  1.59341030
 2.05000000  1.10000000  1.51406959
 2.05000000  1.15000000  1.41389200
 2.05000000  1.20000000  1.28926705
 2.05000000  1.25000000  1.10197851
 2.05000000  1.30000000  0.83968300
 2.05000000  1.35000000  0.47776541
 2.05000000  1.40000000  0.03420686
 2.05000000  1.45000000 -0.47000270
 2.05000000  1.50000000 -0.98189218
 2.05000000  1.55000000 -1.41880951
 2.05000000  1.60000000 -1.72644864
 2.05000000  1.65000000 -1.84628062
 2.05000000  1.70000000 -1.77259351
 2.05000000  1.75000000 -1.51833394
 2.05000000  1.80000000 -1.15109363
 2.05000000  1.85000000 -0.73812874
 2.05000000  1.90000000 -0.33977256
 2.05000000  1.95000000 -0.03933835
 2.05000000  2.00000000  0.16965017
 2.05000000  2.05000000  0.28994075
 2.05000000  2.10000000  0.34489705
 2.05000000  2.15000000  0.38444804
 2.05000000  2.20000000  0.44699237
 2.10000000 -0.25000000  0.81291857
 2.10000000 -0.20000000  0.77149519
 2.10000000 -0.15000000  0.52332229
 2.10000000 -0.10000000  0.08941991
 2.10000000 -0.05000000 -0.45273267
 2.10000000  0.00000000 -1.01897838
 2.10000000  0.05000000 -1.53036056
 2.10000000  0.10000000 -1.92399467
 2.10000000  0.15000000 -2.17363934
 2.10000000  0.20000000 -2.26671694
 2.10000000  0.25000000 -2.19487552
 2.10000000  0.30000000 -1.99877739
 2.10000000  0.35000000 -1.70441615
 2.10000000  0.40000000 -1.34336828
 2.10000000  0.45000000 -0.95706177
 2.10000000  0.50000000 -0.54725386
 2.10000000  0.55000000 -0.14549834
 2.10000000  0.60000000  0.26592813
 2.10000000  0.65000000  0.65127774
 2.10000000  0.70000000  0.99093155
 2.10000000  0.75000000  1.27371350
 2.10000000  0.80000000  1.48190280
 2.10000000  0.85000000  1.62217212
 2.10000000  0.90000000  1.68048432
 2.10000000  0.95000000  1.70209927
 2.10000000  1.00000000  1.69458191
 2.10000000  1.05000000  1.66097849
 2.10000000  1.10000000  1.59505691
 2.10000000  1.15000000  1.49059933
 2.10000000  1.20000000  1.32231021
 2.10000000  1.25000000  1.08032546
 2.10000000  1.30000000  0.74332788
 2.10000000  1.35000000  0.31920863
 2.10000000  1.40000000 -0.17014511
 2.10000000  1.45000000 -0.68416597
 2.10000000  1.50000000 -1.18027049
 2.10000000  1.55000000 -1.58486777
 2.10000000  1.60000000 -1.83172857
 2.10000000  1.65000000 -1.91091923
 2.10000000  1.70000000 -1.79644069
 2.10000000  1.75000000 -1.52746241
 2.10000000  1.80000000 -1.13937905
 2.10000000  1.85000000 -0.70385602
 2.10000000  1.90000000 -0.30324720
 2.10000000  1.95000000  0.03116772
 2.10000000  2.00000000  0.26293995
 2.10000000  2.05000000  0.41495875
 2.10000000  2.10000000  0.50251609
 2.10000000  2.15000000  0.57132903
 2.10000000  2.20000000  0.65924639
 2.15000000 -0.25000000  0.77152126
 2.15000000 -0.20000000  0.69623931
 2.15000000 -0.15000000  0.43573113
 2.15000000 -0.10000000  0.00437075
 2.15000000 -0.05000000 -0.52053383
 2.15000000  0.00000000 -1.06755041
 2.15000000  0.05000000 -1.56695960
 2.15000000  0.10000000 -1.95796016
 2.15000000  0.15000000 -2.21579265
 2.15000000  0.20000000 -2.30863847
 2.15000000  0.25000000 -2.24989676
 2.15000000  0.30000000 -2.06882168
 2.15000000  0.35000000 -1.78181767
 2.15000000  0.40000000 -1.43565225
 2.15000000  0.45000000 -1.05676163
 2.15000000  0.50000000 -0.66552133
 2.15000000  0.55000000 -0.25977048
 2.15000000  0.60000000  0.13191164
 2.15000000  0.65000000  0.50646708
 2.15000000  0.70000000  0.83831190
 2.15000000  0.75000000  1.10831152
 2.15000000  0.80000000  1.31866779
 2.15000000  0.85000000  1.46121536
 2.15000000  0.90000000  1.54676704
 2.15000000  0.95000000  1.60685140
 2.15000000  1.00000000  1.63352557
 2.15000000  1.05000000  1.63052387
 2.15000000  1.10000000  1.58726403
 2.15000000  1.15000000  1.48031731
 2.15000000  1.20000000  1.27842807
 2.15000000  1.25000000  0.97933338
 2.15000000  1.30000000  0.58744634
 2.15000000  1.35000000  0.10965302
 2.15000000  1.40000000 -0.40883511
 2.15000000  1.45000000 -0.92919938
 2.15000000  1.50000000 -1.37932060
 2.15000000  1.55000000 -1.72948708
 2.15000000  1.60000000 -1.91747439
 2.15000000  1.65000000 -1.94384477
 2.15000000  1.70000000 -1.79222530
 2.15000000  1.75000000 -1.49320445
 2.15000000  1.80000000 -1.10501416
 2.15000000  1.85000000 -0.67966121
 2.15000000  1.90000000 -0.26768288
 2.15000000  1.95000000  0.06279098
 2.15000000  2.00000000  0.31799780
 2.15000000  2.05000000  0.48833849
 2.15000000  2.10000000  0.60611288
 2.15000000  2.15000000  0.71189620
 2.15000000  2.20000000  0.81986787
 2.20000000 -0.25000000  0.67409259
 2.20000000 -0.20000000  0.59036059
 2.20000000 -0.15000000  0.32510472
 2.20000000 -0.10000000 -0.07610784
 2.20000000 -0.05000000 -0.57937637
 2.20000000  0.00000000 -1.10153200
 2.20000000  0.05000000 -1.57747148
 2.20000000  0.10000000 -1.96965055
 2.20000000  0.15000000 -2.23394793
 2.20000000  0.20000000 -2.34883115
 2.20000000  0.25000000 -2.30486672
 2.20000000  0.30000000 -2.14134933
 2.20000000  0.35000000 -1.86967254
 2.20000000  0.40000000 -1.51939816
 2.20000000  0.45000000 -1.14292123
 2.20000000  0.50000000 -0.74856420
 2.20000000  0.55000000 -0.36451746
 2.20000000  0.60000000  0.01346500
 2.20000000  0.65000000  0.37008984
 2.20000000  0.70000000  0.67470626
 2.20000000  0.75000000  0.92493049
 2.20000000  0.80000000  1.11489862
 2.20000000  0.85000000  1.26306484
 2.20000000  0.90000000  1.35984462
 2.20000000  0.95000000  1.43623543
 2.20000000  1.00000000  1.49781503
 2.20000000  1.05000000  1.52699001
 2.20000000  1.10000000  1.50027529
 2.20000000  1.15000000  1.38078955
 2.20000000  1.20000000  1.15388610
 2.20000000  1.25000000  0.80607531
 2.20000000  1.30000000  0.36177336
 2.20000000  1.35000000 -0.16046058
 2.20000000  1.40000000 -0.69033473
 2.20000000  1.45000000 -1.17539483
 2.20000000  1.50000000 -1.57918388
 2.20000000  1.55000000 -1.85568213
 2.20000000  1.60000000 -1.97958677
 2.20000000  1.65000000 -1.94034593
 2.20000000  1.70000000 -1.75646901
 2.20000000  1.75000000 -1.44056681
 2.20000000  1.80000000 -1.05884742
 2.20000000  1.85000000 -0.66241883
 2.20000000  1.90000000 -0.27235139
 2.20000000  1.95000000  0.04684840
 2.20000000  2.00000000  0.29721384
 2.20000000  2.05000000  0.47790887
 2.20000000  2.10000000  0.61285206
 2.20000000  2.15000000  0.74388375
 2.20000000  2.20000000  0.88616914
