LP
[-3.8815722422218113, -7.6614238302519952, -11.485786555610851, -13.306945529124226, -16.043600278972221]
myqEI
[-3.8815722422218113, -6.8589545227561297, -8.0507102040928817, -9.4848833797680427, -11.010148992522605]
PE
[1.4385433346640217, 2.4577241795027271, 0.68616844033825819, -0.98248027688965056, 0.65869042277323397]
BUCB
[-3.8815722422218113, -11.057045953140431, -19.073037252428591, -23.686294182675269, -27.965883464400989]
MLE H=4
[1.4385433346640217, 2.4577241795027271, 4.0619636572966682, 6.1137411499058762, 8.4723156477902748]
H=1
[1.4385433346640217, 2.4577241795027271, 4.0619636572966682, 6.1137411499058762, 8.4723156477902748]
H=2
[1.4385433346640217, 3.49032082727323, 5.8488953251576294, 7.9006728177668375, 10.259247315651237]
H=3
[-3.8815722422218113, -7.0086128461442065, -5.5700695114801846, -4.5508886666414794, -2.9466491888475383]
