-0.25000000 -0.25000000 -0.44857124
-0.25000000 -0.20000000 -0.35876548
-0.25000000 -0.15000000 -0.18259093
-0.25000000 -0.10000000  0.01379497
-0.25000000 -0.05000000  0.17545983
-0.25000000  0.00000000  0.26781887
-0.25000000  0.05000000  0.27242247
-0.25000000  0.10000000  0.19231151
-0.25000000  0.15000000  0.06246830
-0.25000000  0.20000000 -0.06987305
-0.25000000  0.25000000 -0.16262978
-0.25000000  0.30000000 -0.19743523
-0.25000000  0.35000000 -0.17129716
-0.25000000  0.40000000 -0.05205480
-0.25000000  0.45000000  0.12934907
-0.25000000  0.50000000  0.35402248
-0.25000000  0.55000000  0.60631398
-0.25000000  0.60000000  0.83504587
-0.25000000  0.65000000  1.01241012
-0.25000000  0.70000000  1.11083679
-0.25000000  0.75000000  1.10144571
-0.25000000  0.80000000  0.96658411
-0.25000000  0.85000000  0.73429221
-0.25000000  0.90000000  0.40718222
-0.25000000  0.95000000  0.02131941
-0.25000000  1.00000000 -0.40653269
-0.25000000  1.05000000 -0.80456091
-0.25000000  1.10000000 -1.14441925
-0.25000000  1.15000000 -1.37232888
-0.25000000  1.20000000 -1.46270455
-0.25000000  1.25000000 -1.41049240
-0.25000000  1.30000000 -1.23804027
-0.25000000  1.35000000 -0.97598441
-0.25000000  1.40000000 -0.66354560
-0.25000000  1.45000000 -0.37436836
-0.25000000  1.50000000 -0.11235982
-0.25000000  1.55000000  0.06780017
-0.25000000  1.60000000  0.17243524
-0.25000000  1.65000000  0.20461757
-0.25000000  1.70000000  0.20235382
-0.25000000  1.75000000  0.19119673
-0.25000000  1.80000000  0.21385191
-0.25000000  1.85000000  0.31986137
-0.25000000  1.90000000  0.50772643
-0.25000000  1.95000000  0.75837325
-0.25000000  2.00000000  1.04872343
-0.25000000  2.05000000  1.30788568
-0.25000000  2.10000000  1.46948092
-0.25000000  2.15000000  1.48893304
-0.25000000  2.20000000  1.35895841
-0.20000000 -0.25000000 -0.46956243
-0.20000000 -0.20000000 -0.38208074
-0.20000000 -0.15000000 -0.21426353
-0.20000000 -0.10000000 -0.01456743
-0.20000000 -0.05000000  0.16283664
-0.20000000  0.00000000  0.28038033
-0.20000000  0.05000000  0.31540247
-0.20000000  0.10000000  0.27213881
-0.20000000  0.15000000  0.18313968
-0.20000000  0.20000000  0.06998836
-0.20000000  0.25000000 -0.02936343
-0.20000000  0.30000000 -0.08910912
-0.20000000  0.35000000 -0.08801155
-0.20000000  0.40000000 -0.03080146
-0.20000000  0.45000000  0.09007009
-0.20000000  0.50000000  0.27384058
-0.20000000  0.55000000  0.47863935
-0.20000000  0.60000000  0.67567635
-0.20000000  0.65000000  0.84373327
-0.20000000  0.70000000  0.92689070
-0.20000000  0.75000000  0.91966934
-0.20000000  0.80000000  0.79602892
-0.20000000  0.85000000  0.56219251
-0.20000000  0.90000000  0.23823403
-0.20000000  0.95000000 -0.13379809
-0.20000000  1.00000000 -0.51947534
-0.20000000  1.05000000 -0.86652044
-0.20000000  1.10000000 -1.13110005
-0.20000000  1.15000000 -1.26935355
-0.20000000  1.20000000 -1.25728526
-0.20000000  1.25000000 -1.11863878
-0.20000000  1.30000000 -0.86600447
-0.20000000  1.35000000 -0.56193755
-0.20000000  1.40000000 -0.24401515
-0.20000000  1.45000000  0.02589853
-0.20000000  1.50000000  0.23267082
-0.20000000  1.55000000  0.34128840
-0.20000000  1.60000000  0.37050322
-0.20000000  1.65000000  0.34904189
-0.20000000  1.70000000  0.28047574
-0.20000000  1.75000000  0.22751754
-0.20000000  1.80000000  0.22763831
-0.20000000  1.85000000  0.32726908
-0.20000000  1.90000000  0.51589076
-0.20000000  1.95000000  0.78770861
-0.20000000  2.00000000  1.10073536
-0.20000000  2.05000000  1.38562408
-0.20000000  2.10000000  1.57485959
-0.20000000  2.15000000  1.61166516
-0.20000000  2.20000000  1.48181584
-0.15000000 -0.25000000 -0.51559667
-0.15000000 -0.20000000 -0.43973177
-0.15000000 -0.15000000 -0.29905271
-0.15000000 -0.10000000 -0.11227782
-0.15000000 -0.05000000  0.06707786
-0.15000000  0.00000000  0.20171005
-0.15000000  0.05000000  0.27414403
-0.15000000  0.10000000  0.27351861
-0.15000000  0.15000000  0.21630557
-0.15000000  0.20000000  0.14183405
-0.15000000  0.25000000  0.06342248
-0.15000000  0.30000000 -0.01155479
-0.15000000  0.35000000 -0.03166061
-0.15000000  0.40000000 -0.00832442
-0.15000000  0.45000000  0.06976130
-0.15000000  0.50000000  0.20199060
-0.15000000  0.55000000  0.36867279
-0.15000000  0.60000000  0.55310027
-0.15000000  0.65000000  0.69116310
-0.15000000  0.70000000  0.77698740
-0.15000000  0.75000000  0.75158976
-0.15000000  0.80000000  0.62102582
-0.15000000  0.85000000  0.38760714
-0.15000000  0.90000000  0.08360390
-0.15000000  0.95000000 -0.27263669
-0.15000000  1.00000000 -0.60516762
-0.15000000  1.05000000 -0.88230560
-0.15000000  1.10000000 -1.04847629
-0.15000000  1.15000000 -1.07423626
-0.15000000  1.20000000 -0.96895540
-0.15000000  1.25000000 -0.72397133
-0.15000000  1.30000000 -0.41417392
-0.15000000  1.35000000 -0.07601169
-0.15000000  1.40000000  0.22365373
-0.15000000  1.45000000  0.45572844
-0.15000000  1.50000000  0.59175386
-0.15000000  1.55000000  0.63152160
-0.15000000  1.60000000  0.59246590
-0.15000000  1.65000000  0.48797610
-0.15000000  1.70000000  0.36401707
-0.15000000  1.75000000  0.26121102
-0.15000000  1.80000000  0.21241778
-0.15000000  1.85000000  0.27335961
-0.15000000  1.90000000  0.45375642
-0.15000000  1.95000000  0.71755316
-0.15000000  2.00000000  1.04098172
-0.15000000  2.05000000  1.33470770
-0.15000000  2.10000000  1.55026142
-0.15000000  2.15000000  1.60579854
-0.15000000  2.20000000  1.50225247
-0.10000000 -0.25000000 -0.59810942
-0.10000000 -0.20000000 -0.54450743
-0.10000000 -0.15000000 -0.42896506
-0.10000000 -0.10000000 -0.26868572
-0.10000000 -0.05000000 -0.09422253
-0.10000000  0.00000000  0.04815005
-0.10000000  0.05000000  0.15636136
-0.10000000  0.10000000  0.20501887
-0.10000000  0.15000000  0.20452883
-0.10000000  0.20000000  0.15854875
-0.10000000  0.25000000  0.09506815
-0.10000000  0.30000000  0.03883870
-0.10000000  0.35000000  0.00104620
-0.10000000  0.40000000 -0.00231006
-0.10000000  0.45000000  0.05106887
-0.10000000  0.50000000  0.15549868
-0.10000000  0.55000000  0.30929409
-0.10000000  0.60000000  0.46397181
-0.10000000  0.65000000  0.59212743
-0.10000000  0.70000000  0.64723390
-0.10000000  0.75000000  0.60980527
-0.10000000  0.80000000  0.47726306
-0.10000000  0.85000000  0.25357949
-0.10000000  0.90000000 -0.04832601
-0.10000000  0.95000000 -0.35594778
-0.10000000  1.00000000 -0.63425944
-0.10000000  1.05000000 -0.81980781
-0.10000000  1.10000000 -0.88299937
-0.10000000  1.15000000 -0.80098575
-0.10000000  1.20000000 -0.58154125
-0.10000000  1.25000000 -0.27736597
-0.10000000  1.30000000  0.07609406
-0.10000000  1.35000000  0.41467243
-0.10000000  1.40000000  0.68239678
-0.10000000  1.45000000  0.85768225
-0.10000000  1.50000000  0.92515056
-0.10000000  1.55000000  0.89295661
-0.10000000  1.60000000  0.79088985
-0.10000000  1.65000000  0.61774295
-0.10000000  1.70000000  0.43897233
-0.10000000  1.75000000  0.29006904
-0.10000000  1.80000000  0.19096023
-0.10000000  1.85000000  0.20552091
-0.10000000  1.90000000  0.34924921
-0.10000000  1.95000000  0.59945498
-0.10000000  2.00000000  0.90186092
-0.10000000  2.05000000  1.19652422
-0.10000000  2.10000000  1.40384070
-0.10000000  2.15000000  1.49181954
-0.10000000  2.20000000  1.40582884
-0.05000000 -0.25000000 -0.69842200
-0.05000000 -0.20000000 -0.67791729
-0.05000000 -0.15000000 -0.58708159
-0.05000000 -0.10000000 -0.45742370
-0.05000000 -0.05000000 -0.28491205
-0.05000000  0.00000000 -0.12173050
-0.05000000  0.05000000  0.01050929
-0.05000000  0.10000000  0.10748928
-0.05000000  0.15000000  0.15738649
-0.05000000  0.20000000  0.14354728
-0.05000000  0.25000000  0.10993028
-0.05000000  0.30000000  0.06018600
-0.05000000  0.35000000  0.01704490
-0.05000000  0.40000000  0.01128349
-0.05000000  0.45000000  0.05012536
-0.05000000  0.50000000  0.14529902
-0.05000000  0.55000000  0.28333706
-0.05000000  0.60000000  0.42968835
-0.05000000  0.65000000  0.53923087
-0.05000000  0.70000000  0.57878137
-0.05000000  0.75000000  0.52341009
-0.05000000  0.80000000  0.38170626
-0.05000000  0.85000000  0.15131229
-0.05000000  0.90000000 -0.11305176
-0.05000000  0.95000000 -0.37888982
-0.05000000  1.00000000 -0.57596806
-0.05000000  1.05000000 -0.67952745
-0.05000000  1.10000000 -0.63793380
-0.05000000  1.15000000 -0.45987470
-0.05000000  1.20000000 -0.17002691
-0.05000000  1.25000000  0.18584814
-0.05000000  1.30000000  0.54597946
-0.05000000  1.35000000  0.85607134
-0.05000000  1.40000000  1.07497645
-0.05000000  1.45000000  1.19012799
-0.05000000  1.50000000  1.19135595
-0.05000000  1.55000000  1.09735004
-0.05000000  1.60000000  0.93916631
-0.05000000  1.65000000  0.73785562
-0.05000000  1.70000000  0.52177161
-0.05000000  1.75000000  0.32401145
-0.05000000  1.80000000  0.20239139
-0.05000000  1.85000000  0.16728752
-0.05000000  1.90000000  0.26273893
-0.05000000  1.95000000  0.45932087
-0.05000000  2.00000000  0.73974963
-0.05000000  2.05000000  1.00239263
-0.05000000  2.10000000  1.20432063
-0.05000000  2.15000000  1.28487875
-0.05000000  2.20000000  1.23178803
 0.00000000 -0.25000000 -0.82005304
 0.00000000 -0.20000000 -0.81409590
 0.00000000 -0.15000000 -0.74139037
 0.00000000 -0.10000000 -0.62751726
 0.00000000 -0.05000000 -0.46289206
 0.00000000  0.00000000 -0.27980453
 0.00000000  0.05000000 -0.12241523
 0.00000000  0.10000000  0.01805400
 0.00000000  0.15000000  0.10365279
 0.00000000  0.20000000  0.13150214
 0.00000000  0.25000000  0.12003592
 0.00000000  0.30000000  0.07600665
 0.00000000  0.35000000  0.04602864
 0.00000000  0.40000000  0.03816476
 0.00000000  0.45000000  0.07869370
 0.00000000  0.50000000  0.16819089
 0.00000000  0.55000000  0.30357961
 0.00000000  0.60000000  0.43583429
 0.00000000  0.65000000  0.53648032
 0.00000000  0.70000000  0.56134231
 0.00000000  0.75000000  0.49859585
 0.00000000  0.80000000  0.33583606
 0.00000000  0.85000000  0.11805177
 0.00000000  0.90000000 -0.11862012
 0.00000000  0.95000000 -0.32747535
 0.00000000  1.00000000 -0.45250387
 0.00000000  1.05000000 -0.46721832
 0.00000000  1.10000000 -0.33767816
 0.00000000  1.15000000 -0.08275218
 0.00000000  1.20000000  0.24520920
 0.00000000  1.25000000  0.60785019
 0.00000000  1.30000000  0.94910714
 0.00000000  1.35000000  1.20712107
 0.00000000  1.40000000  1.35766739
 0.00000000  1.45000000  1.40531652
 0.00000000  1.50000000  1.35751599
 0.00000000  1.55000000  1.22876343
 0.00000000  1.60000000  1.04499800
 0.00000000  1.65000000  0.82560145
 0.00000000  1.70000000  0.59367039
 0.00000000  1.75000000  0.38260192
 0.00000000  1.80000000  0.24012061
 0.00000000  1.85000000  0.17176071
 0.00000000  1.90000000  0.22975989
 0.00000000  1.95000000  0.37072047
 0.00000000  2.00000000  0.58349225
 0.00000000  2.05000000  0.80066779
 0.00000000  2.10000000  0.96422818
 0.00000000  2.15000000  1.04074489
 0.00000000  2.20000000  1.00542400
 0.05000000 -0.25000000 -0.94449588
 0.05000000 -0.20000000 -0.93368965
 0.05000000 -0.15000000 -0.87464886
 0.05000000 -0.10000000 -0.75471342
 0.05000000 -0.05000000 -0.58863022
 0.05000000  0.00000000 -0.39171632
 0.05000000  0.05000000 -0.18723127
 0.05000000  0.10000000 -0.03198378
 0.05000000  0.15000000  0.08511671
 0.05000000  0.20000000  0.13508565
 0.05000000  0.25000000  0.14634338
 0.05000000  0.30000000  0.12104912
 0.05000000  0.35000000  0.09200416
 0.05000000  0.40000000  0.08685070
 0.05000000  0.45000000  0.13064370
 0.05000000  0.50000000  0.22454178
 0.05000000  0.55000000  0.35269902
 0.05000000  0.60000000  0.48841800
 0.05000000  0.65000000  0.57894404
 0.05000000  0.70000000  0.59236736
 0.05000000  0.75000000  0.50956642
 0.05000000  0.80000000  0.35126067
 0.05000000  0.85000000  0.14613507
 0.05000000  0.90000000 -0.06320362
 0.05000000  0.95000000 -0.21556646
 0.05000000  1.00000000 -0.26328389
 0.05000000  1.05000000 -0.20002080
 0.05000000  1.10000000 -0.01550745
 0.05000000  1.15000000  0.27055644
 0.05000000  1.20000000  0.60999250
 0.05000000  1.25000000  0.94908475
 0.05000000  1.30000000  1.23723969
 0.05000000  1.35000000  1.42450334
 0.05000000  1.40000000  1.51349440
 0.05000000  1.45000000  1.50796058
 0.05000000  1.50000000  1.42323145
 0.05000000  1.55000000  1.28235573
 0.05000000  1.60000000  1.09993166
 0.05000000  1.65000000  0.89112772
 0.05000000  1.70000000  0.67148676
 0.05000000  1.75000000  0.47410702
 0.05000000  1.80000000  0.31764732
 0.05000000  1.85000000  0.23547907
 0.05000000  1.90000000  0.24849315
 0.05000000  1.95000000  0.33561814
 0.05000000  2.00000000  0.47537599
 0.05000000  2.05000000  0.61892250
 0.05000000  2.10000000  0.73370458
 0.05000000  2.15000000  0.78434285
 0.05000000  2.20000000  0.76383252
 0.10000000 -0.25000000 -1.04946405
 0.10000000 -0.20000000 -1.02636164
 0.10000000 -0.15000000 -0.95918167
 0.10000000 -0.10000000 -0.82830945
 0.10000000 -0.05000000 -0.64864841
 0.10000000  0.00000000 -0.43349650
 0.10000000  0.05000000 -0.21942453
 0.10000000  0.10000000 -0.02829210
 0.10000000  0.15000000  0.10831550
 0.10000000  0.20000000  0.18116388
 0.10000000  0.25000000  0.20697827
 0.10000000  0.30000000  0.19845684
 0.10000000  0.35000000  0.16764652
 0.10000000  0.40000000  0.17311376
 0.10000000  0.45000000  0.21350931
 0.10000000  0.50000000  0.30932133
 0.10000000  0.55000000  0.44305636
 0.10000000  0.60000000  0.57156789
 0.10000000  0.65000000  0.65410920
 0.10000000  0.70000000  0.66432596
 0.10000000  0.75000000  0.56754550
 0.10000000  0.80000000  0.41851702
 0.10000000  0.85000000  0.22103692
 0.10000000  0.90000000  0.05093075
 0.10000000  0.95000000 -0.05913064
 0.10000000  1.00000000 -0.06362437
 0.10000000  1.05000000  0.05218309
 0.10000000  1.10000000  0.28088661
 0.10000000  1.15000000  0.57156325
 0.10000000  1.20000000  0.88620422
 0.10000000  1.25000000  1.18117504
 0.10000000  1.30000000  1.40021186
 0.10000000  1.35000000  1.52223408
 0.10000000  1.40000000  1.55473978
 0.10000000  1.45000000  1.50997265
 0.10000000  1.50000000  1.40628258
 0.10000000  1.55000000  1.26326909
 0.10000000  1.60000000  1.10856995
 0.10000000  1.65000000  0.92315857
 0.10000000  1.70000000  0.74289526
 0.10000000  1.75000000  0.56445155
 0.10000000  1.80000000  0.42727585
 0.10000000  1.85000000  0.33942326
 0.10000000  1.90000000  0.30987869
 0.10000000  1.95000000  0.33427103
 0.10000000  2.00000000  0.40277926
 0.10000000  2.05000000  0.46972805
 0.10000000  2.10000000  0.52527789
 0.10000000  2.15000000  0.54763874
 0.10000000  2.20000000  0.52784516
 0.15000000 -0.25000000 -1.11689196
 0.15000000 -0.20000000 -1.09147082
 0.15000000 -0.15000000 -1.00726132
 0.15000000 -0.10000000 -0.87138143
 0.15000000 -0.05000000 -0.67353429
 0.15000000  0.00000000 -0.44362871
 0.15000000  0.05000000 -0.21037449
 0.15000000  0.10000000 -0.00618983
 0.15000000  0.15000000  0.15152063
 0.15000000  0.20000000  0.24781375
 0.15000000  0.25000000  0.28798849
 0.15000000  0.30000000  0.28335718
 0.15000000  0.35000000  0.26801072
 0.15000000  0.40000000  0.26655411
 0.15000000  0.45000000  0.31753335
 0.15000000  0.50000000  0.41780168
 0.15000000  0.55000000  0.55690189
 0.15000000  0.60000000  0.68095165
 0.15000000  0.65000000  0.76955266
 0.15000000  0.70000000  0.76137342
 0.15000000  0.75000000  0.68472101
 0.15000000  0.80000000  0.51598251
 0.15000000  0.85000000  0.33276024
 0.15000000  0.90000000  0.18271364
 0.15000000  0.95000000  0.10930910
 0.15000000  1.00000000  0.13746038
 0.15000000  1.05000000  0.27641559
 0.15000000  1.10000000  0.50866476
 0.15000000  1.15000000  0.79303676
 0.15000000  1.20000000  1.06076064
 0.15000000  1.25000000  1.29470508
 0.15000000  1.30000000  1.44888433
 0.15000000  1.35000000  1.51841218
 0.15000000  1.40000000  1.50536908
 0.15000000  1.45000000  1.43086039
 0.15000000  1.50000000  1.32200278
 0.15000000  1.55000000  1.19752834
 0.15000000  1.60000000  1.06813917
 0.15000000  1.65000000  0.92779065
 0.15000000  1.70000000  0.79110725
 0.15000000  1.75000000  0.65586873
 0.15000000  1.80000000  0.53524296
 0.15000000  1.85000000  0.44733329
 0.15000000  1.90000000  0.38132914
 0.15000000  1.95000000  0.35824187
 0.15000000  2.00000000  0.34914149
 0.15000000  2.05000000  0.34498845
 0.15000000  2.10000000  0.35686816
 0.15000000  2.15000000  0.35354268
 0.15000000  2.20000000  0.32301811
 0.20000000 -0.25000000 -1.14955470
 0.20000000 -0.20000000 -1.11404038
 0.20000000 -0.15000000 -1.02795450
 0.20000000 -0.10000000 -0.87962815
 0.20000000 -0.05000000 -0.68151825
 0.20000000  0.00000000 -0.44503297
 0.20000000  0.05000000 -0.20027204
 0.20000000  0.10000000  0.01958839
 0.20000000  0.15000000  0.18901645
 0.20000000  0.20000000  0.30119226
 0.20000000  0.25000000  0.34767476
 0.20000000  0.30000000  0.36175412
 0.20000000  0.35000000  0.35456304
 0.20000000  0.40000000  0.36364611
 0.20000000  0.45000000  0.42274033
 0.20000000  0.50000000  0.53125964
 0.20000000  0.55000000  0.67773772
 0.20000000  0.60000000  0.82319607
 0.20000000  0.65000000  0.91533417
 0.20000000  0.70000000  0.91539833
 0.20000000  0.75000000  0.82636554
 0.20000000  0.80000000  0.66338904
 0.20000000  0.85000000  0.49335402
 0.20000000  0.90000000  0.34658910
 0.20000000  0.95000000  0.27604938
 0.20000000  1.00000000  0.31682690
 0.20000000  1.05000000  0.44920152
 0.20000000  1.10000000  0.66374448
 0.20000000  1.15000000  0.89900667
 0.20000000  1.20000000  1.13451856
 0.20000000  1.25000000  1.31573219
 0.20000000  1.30000000  1.41841745
 0.20000000  1.35000000  1.43183707
 0.20000000  1.40000000  1.38893690
 0.20000000  1.45000000  1.30171332
 0.20000000  1.50000000  1.19302362
 0.20000000  1.55000000  1.08487822
 0.20000000  1.60000000  0.98332382
 0.20000000  1.65000000  0.88428783
 0.20000000  1.70000000  0.79156644
 0.20000000  1.75000000  0.69432436
 0.20000000  1.80000000  0.60962876
 0.20000000  1.85000000  0.51906652
 0.20000000  1.90000000  0.43876776
 0.20000000  1.95000000  0.36293568
 0.20000000  2.00000000  0.29749534
 0.20000000  2.05000000  0.25207771
 0.20000000  2.10000000  0.21694122
 0.20000000  2.15000000  0.19258515
 0.20000000  2.20000000  0.17659974
 0.25000000 -0.25000000 -1.12808325
 0.25000000 -0.20000000 -1.10277832
 0.25000000 -0.15000000 -1.02810577
 0.25000000 -0.10000000 -0.89294419
 0.25000000 -0.05000000 -0.69942059
 0.25000000  0.00000000 -0.47247120
 0.25000000  0.05000000 -0.22431222
 0.25000000  0.10000000 -0.00201833
 0.25000000  0.15000000  0.18439381
 0.25000000  0.20000000  0.31694746
 0.25000000  0.25000000  0.37563755
 0.25000000  0.30000000  0.41032839
 0.25000000  0.35000000  0.42044519
 0.25000000  0.40000000  0.44950397
 0.25000000  0.45000000  0.52078108
 0.25000000  0.50000000  0.64705315
 0.25000000  0.55000000  0.80887067
 0.25000000  0.60000000  0.98034310
 0.25000000  0.65000000  1.09128213
 0.25000000  0.70000000  1.10833812
 0.25000000  0.75000000  1.02884596
 0.25000000  0.80000000  0.86862873
 0.25000000  0.85000000  0.68552481
 0.25000000  0.90000000  0.53631432
 0.25000000  0.95000000  0.45950800
 0.25000000  1.00000000  0.46955526
 0.25000000  1.05000000  0.57725534
 0.25000000  1.10000000  0.74847951
 0.25000000  1.15000000  0.94196420
 0.25000000  1.20000000  1.12312439
 0.25000000  1.25000000  1.26248397
 0.25000000  1.30000000  1.32434513
 0.25000000  1.35000000  1.30879803
 0.25000000  1.40000000  1.23726365
 0.25000000  1.45000000  1.13834254
 0.25000000  1.50000000  1.02428532
 0.25000000  1.55000000  0.92265885
 0.25000000  1.60000000  0.84267618
 0.25000000  1.65000000  0.78067502
 0.25000000  1.70000000  0.72886884
 0.25000000  1.75000000  0.67010409
 0.25000000  1.80000000  0.60544079
 0.25000000  1.85000000  0.52016752
 0.25000000  1.90000000  0.43036915
 0.25000000  1.95000000  0.32247124
 0.25000000  2.00000000  0.23527425
 0.25000000  2.05000000  0.15371965
 0.25000000  2.10000000  0.10451128
 0.25000000  2.15000000  0.07515781
 0.25000000  2.20000000  0.07670081
 0.30000000 -0.25000000 -1.04995294
 0.30000000 -0.20000000 -1.05517134
 0.30000000 -0.15000000 -1.01777232
 0.30000000 -0.10000000 -0.92041585
 0.30000000 -0.05000000 -0.75766568
 0.30000000  0.00000000 -0.55012961
 0.30000000  0.05000000 -0.30710181
 0.30000000  0.10000000 -0.08460754
 0.30000000  0.15000000  0.11486350
 0.30000000  0.20000000  0.25946956
 0.30000000  0.25000000  0.34920783
 0.30000000  0.30000000  0.40194963
 0.30000000  0.35000000  0.43782450
 0.30000000  0.40000000  0.49615070
 0.30000000  0.45000000  0.59415008
 0.30000000  0.50000000  0.74889474
 0.30000000  0.55000000  0.94346876
 0.30000000  0.60000000  1.15129650
 0.30000000  0.65000000  1.28863536
 0.30000000  0.70000000  1.33266747
 0.30000000  0.75000000  1.26944747
 0.30000000  0.80000000  1.11769028
 0.30000000  0.85000000  0.92659737
 0.30000000  0.90000000  0.75774695
 0.30000000  0.95000000  0.64077591
 0.30000000  1.00000000  0.60925213
 0.30000000  1.05000000  0.66719914
 0.30000000  1.10000000  0.77597637
 0.30000000  1.15000000  0.92737191
 0.30000000  1.20000000  1.06914918
 0.30000000  1.25000000  1.16129425
 0.30000000  1.30000000  1.19968390
 0.30000000  1.35000000  1.15771043
 0.30000000  1.40000000  1.07181606
 0.30000000  1.45000000  0.94955496
 0.30000000  1.50000000  0.81862519
 0.30000000  1.55000000  0.71856030
 0.30000000  1.60000000  0.64082192
 0.30000000  1.65000000  0.59767237
 0.30000000  1.70000000  0.57176987
 0.30000000  1.75000000  0.54719325
 0.30000000  1.80000000  0.50615211
 0.30000000  1.85000000  0.43166071
 0.30000000  1.90000000  0.33835694
 0.30000000  1.95000000  0.23021074
 0.30000000  2.00000000  0.12779815
 0.30000000  2.05000000  0.04807575
 0.30000000  2.10000000  0.01274172
 0.30000000  2.15000000  0.00786671
 0.30000000  2.20000000  0.03315953
 0.35000000 -0.25000000 -0.89654554
 0.35000000 -0.20000000 -0.94832851
 0.35000000 -0.15000000 -0.96767441
 0.35000000 -0.10000000 -0.93813793
 0.35000000 -0.05000000 -0.83179954
 0.35000000  0.00000000 -0.65518011
 0.35000000  0.05000000 -0.45294509
 0.35000000  0.10000000 -0.22374215
 0.35000000  0.15000000 -0.01809136
 0.35000000  0.20000000  0.14793374
 0.35000000  0.25000000  0.26720827
 0.35000000  0.30000000  0.34691218
 0.35000000  0.35000000  0.41102623
 0.35000000  0.40000000  0.49670852
 0.35000000  0.45000000  0.62372183
 0.35000000  0.50000000  0.82537806
 0.35000000  0.55000000  1.05868764
 0.35000000  0.60000000  1.30119694
 0.35000000  0.65000000  1.48933942
 0.35000000  0.70000000  1.56913184
 0.35000000  0.75000000  1.53890426
 0.35000000  0.80000000  1.39874981
 0.35000000  0.85000000  1.20447199
 0.35000000  0.90000000  0.99689684
 0.35000000  0.95000000  0.83692589
 0.35000000  1.00000000  0.74552258
 0.35000000  1.05000000  0.72503691
 0.35000000  1.10000000  0.78040950
 0.35000000  1.15000000  0.86899076
 0.35000000  1.20000000  0.97183852
 0.35000000  1.25000000  1.03706966
 0.35000000  1.30000000  1.05176881
 0.35000000  1.35000000  0.99935706
 0.35000000  1.40000000  0.87995476
 0.35000000  1.45000000  0.73418769
 0.35000000  1.50000000  0.58161365
 0.35000000  1.55000000  0.46163017
 0.35000000  1.60000000  0.38034786
 0.35000000  1.65000000  0.34234521
 0.35000000  1.70000000  0.33613540
 0.35000000  1.75000000  0.33487814
 0.35000000  1.80000000  0.31679049
 0.35000000  1.85000000  0.26245058
 0.35000000  1.90000000  0.17921695
 0.35000000  1.95000000  0.07868001
 0.35000000  2.00000000  0.00533318
 0.35000000  2.05000000 -0.05824924
 0.35000000  2.10000000 -0.06002304
 0.35000000  2.15000000 -0.03076613
 0.35000000  2.20000000  0.02596869
 0.40000000 -0.25000000 -0.66975445
 0.40000000 -0.20000000 -0.78404677
 0.40000000 -0.15000000 -0.88860408
 0.40000000 -0.10000000 -0.93627652
 0.40000000 -0.05000000 -0.89927561
 0.40000000  0.00000000 -0.78507320
 0.40000000  0.05000000 -0.59700307
 0.40000000  0.10000000 -0.37937787
 0.40000000  0.15000000 -0.17429079
 0.40000000  0.20000000  0.00595774
 0.40000000  0.25000000  0.15048394
 0.40000000  0.30000000  0.25440008
 0.40000000  0.35000000  0.33849795
 0.40000000  0.40000000  0.44766819
 0.40000000  0.45000000  0.61574140
 0.40000000  0.50000000  0.84513595
 0.40000000  0.55000000  1.12546340
 0.40000000  0.60000000  1.41758990
 0.40000000  0.65000000  1.66869593
 0.40000000  0.70000000  1.79058709
 0.40000000  0.75000000  1.80537125
 0.40000000  0.80000000  1.67685359
 0.40000000  0.85000000  1.48463149
 0.40000000  0.90000000  1.24625754
 0.40000000  0.95000000  1.03375579
 0.40000000  1.00000000  0.87063932
 0.40000000  1.05000000  0.79162514
 0.40000000  1.10000000  0.77018485
 0.40000000  1.15000000  0.80771803
 0.40000000  1.20000000  0.86054396
 0.40000000  1.25000000  0.90254272
 0.40000000  1.30000000  0.89548037
 0.40000000  1.35000000  0.82401135
 0.40000000  1.40000000  0.68528636
 0.40000000  1.45000000  0.49996645
 0.40000000  1.50000000  0.30929390
 0.40000000  1.55000000  0.17096095
 0.40000000  1.60000000  0.06736792
 0.40000000  1.65000000  0.03061862
 0.40000000  1.70000000  0.03016213
 0.40000000  1.75000000  0.04835997
 0.40000000  1.80000000  0.05289779
 0.40000000  1.85000000  0.02828279
 0.40000000  1.90000000 -0.02847510
 0.40000000  1.95000000 -0.09159593
 0.40000000  2.00000000 -0.14321818
 0.40000000  2.05000000 -0.14782365
 0.40000000  2.10000000 -0.11672430
 0.40000000  2.15000000 -0.03531751
 0.40000000  2.20000000  0.06337109
 0.45000000 -0.25000000 -0.39400893
 0.45000000 -0.20000000 -0.57275413
 0.45000000 -0.15000000 -0.75100409
 0.45000000 -0.10000000 -0.88275285
 0.45000000 -0.05000000 -0.92347292
 0.45000000  0.00000000 -0.85062332
 0.45000000  0.05000000 -0.70802732
 0.45000000  0.10000000 -0.50552789
 0.45000000  0.15000000 -0.30346689
 0.45000000  0.20000000 -0.11500067
 0.45000000  0.25000000  0.02070387
 0.45000000  0.30000000  0.13917684
 0.45000000  0.35000000  0.23869243
 0.45000000  0.40000000  0.35922998
 0.45000000  0.45000000  0.54264490
 0.45000000  0.50000000  0.80647404
 0.45000000  0.55000000  1.13202896
 0.45000000  0.60000000  1.47453762
 0.45000000  0.65000000  1.77808335
 0.45000000  0.70000000  1.96745990
 0.45000000  0.75000000  2.01741159
 0.45000000  0.80000000  1.92991642
 0.45000000  0.85000000  1.73230134
 0.45000000  0.90000000  1.47815079
 0.45000000  0.95000000  1.21872519
 0.45000000  1.00000000  0.99478490
 0.45000000  1.05000000  0.83636110
 0.45000000  1.10000000  0.75106206
 0.45000000  1.15000000  0.74389539
 0.45000000  1.20000000  0.75046444
 0.45000000  1.25000000  0.77018090
 0.45000000  1.30000000  0.74346497
 0.45000000  1.35000000  0.64530441
 0.45000000  1.40000000  0.47127721
 0.45000000  1.45000000  0.25990957
 0.45000000  1.50000000  0.03259287
 0.45000000  1.55000000 -0.15700659
 0.45000000  1.60000000 -0.27755501
 0.45000000  1.65000000 -0.32553520
 0.45000000  1.70000000 -0.31712367
 0.45000000  1.75000000 -0.27977430
 0.45000000  1.80000000 -0.24337464
 0.45000000  1.85000000 -0.23736621
 0.45000000  1.90000000 -0.24843441
 0.45000000  1.95000000 -0.27066176
 0.45000000  2.00000000 -0.27534161
 0.45000000  2.05000000 -0.23788980
 0.45000000  2.10000000 -0.14217198
 0.45000000  2.15000000 -0.01243696
 0.45000000  2.20000000  0.13546515
 0.50000000 -0.25000000 -0.07897280
 0.50000000 -0.20000000 -0.31620505
 0.50000000 -0.15000000 -0.56373813
 0.50000000 -0.10000000 -0.75928983
 0.50000000 -0.05000000 -0.86438162
 0.50000000  0.00000000 -0.84712510
 0.50000000  0.05000000 -0.73201202
 0.50000000  0.10000000 -0.55986409
 0.50000000  0.15000000 -0.36127792
 0.50000000  0.20000000 -0.18829019
 0.50000000  0.25000000 -0.05331628
 0.50000000  0.30000000  0.04066181
 0.50000000  0.35000000  0.13023164
 0.50000000  0.40000000  0.24627162
 0.50000000  0.45000000  0.43920243
 0.50000000  0.50000000  0.71172136
 0.50000000  0.55000000  1.07338408
 0.50000000  0.60000000  1.45662412
 0.50000000  0.65000000  1.80858607
 0.50000000  0.70000000  2.05285971
 0.50000000  0.75000000  2.15341261
 0.50000000  0.80000000  2.10579602
 0.50000000  0.85000000  1.93176074
 0.50000000  0.90000000  1.66591539
 0.50000000  0.95000000  1.37864938
 0.50000000  1.00000000  1.10631602
 0.50000000  1.05000000  0.89030648
 0.50000000  1.10000000  0.75548717
 0.50000000  1.15000000  0.69136795
 0.50000000  1.20000000  0.67755732
 0.50000000  1.25000000  0.66228318
 0.50000000  1.30000000  0.60235126
 0.50000000  1.35000000  0.47198802
 0.50000000  1.40000000  0.26763428
 0.50000000  1.45000000  0.00975537
 0.50000000  1.50000000 -0.25117404
 0.50000000  1.55000000 -0.47811709
 0.50000000  1.60000000 -0.63281560
 0.50000000  1.65000000 -0.68464188
 0.50000000  1.70000000 -0.66578402
 0.50000000  1.75000000 -0.61775469
 0.50000000  1.80000000 -0.54581602
 0.50000000  1.85000000 -0.49167370
 0.50000000  1.90000000 -0.45386577
 0.50000000  1.95000000 -0.41879460
 0.50000000  2.00000000 -0.36677173
 0.50000000  2.05000000 -0.26880515
 0.50000000  2.10000000 -0.12983886
 0.50000000  2.15000000  0.05361859
 0.50000000  2.20000000  0.24411356
 0.55000000 -0.25000000  0.22569715
 0.55000000 -0.20000000 -0.03426187
 0.55000000 -0.15000000 -0.32296759
 0.55000000 -0.10000000 -0.56328270
 0.55000000 -0.05000000 -0.71284321
 0.55000000  0.00000000 -0.73063862
 0.55000000  0.05000000 -0.63785010
 0.55000000  0.10000000 -0.48566246
 0.55000000  0.15000000 -0.31187479
 0.55000000  0.20000000 -0.16868175
 0.55000000  0.25000000 -0.06656897
 0.55000000  0.30000000 -0.00366372
 0.55000000  0.35000000  0.04730020
 0.55000000  0.40000000  0.14099502
 0.55000000  0.45000000  0.31431901
 0.55000000  0.50000000  0.58671757
 0.55000000  0.55000000  0.95111971
 0.55000000  0.60000000  1.35392536
 0.55000000  0.65000000  1.73411421
 0.55000000  0.70000000  2.03387984
 0.55000000  0.75000000  2.19540840
 0.55000000  0.80000000  2.18550159
 0.55000000  0.85000000  2.04065972
 0.55000000  0.90000000  1.78287259
 0.55000000  0.95000000  1.48043836
 0.55000000  1.00000000  1.18327394
 0.55000000  1.05000000  0.93894914
 0.55000000  1.10000000  0.77303512
 0.55000000  1.15000000  0.68407815
 0.55000000  1.20000000  0.64245715
 0.55000000  1.25000000  0.61324804
 0.55000000  1.30000000  0.52239086
 0.55000000  1.35000000  0.36085390
 0.55000000  1.40000000  0.11008982
 0.55000000  1.45000000 -0.20183773
 0.55000000  1.50000000 -0.52215157
 0.55000000  1.55000000 -0.79516927
 0.55000000  1.60000000 -0.96237807
 0.55000000  1.65000000 -1.02867150
 0.55000000  1.70000000 -0.99880762
 0.55000000  1.75000000 -0.92075276
 0.55000000  1.80000000 -0.81558468
 0.55000000  1.85000000 -0.71198048
 0.55000000  1.90000000 -0.61671743
 0.55000000  1.95000000 -0.52128955
 0.55000000  2.00000000 -0.40483251
 0.55000000  2.05000000 -0.24845383
 0.55000000  2.10000000 -0.05444213
 0.55000000  2.15000000  0.16155417
 0.55000000  2.20000000  0.39366110
 0.60000000 -0.25000000  0.48033994
 0.60000000 -0.20000000  0.21969879
 0.60000000 -0.15000000 -0.07960198
 0.60000000 -0.10000000 -0.34034403
 0.60000000 -0.05000000 -0.49785676
 0.60000000  0.00000000 -0.52365606
 0.60000000  0.05000000 -0.45150531
 0.60000000  0.10000000 -0.31057487
 0.60000000  0.15000000 -0.17149598
 0.60000000  0.20000000 -0.04636430
 0.60000000  0.25000000  0.00574002
 0.60000000  0.30000000  0.02331599
 0.60000000  0.35000000  0.03248937
 0.60000000  0.40000000  0.07703800
 0.60000000  0.45000000  0.19745391
 0.60000000  0.50000000  0.44357009
 0.60000000  0.55000000  0.78335418
 0.60000000  0.60000000  1.18745329
 0.60000000  0.65000000  1.59102844
 0.60000000  0.70000000  1.91929093
 0.60000000  0.75000000  2.11890401
 0.60000000  0.80000000  2.15583687
 0.60000000  0.85000000  2.04682198
 0.60000000  0.90000000  1.82892653
 0.60000000  0.95000000  1.53148529
 0.60000000  1.00000000  1.24021446
 0.60000000  1.05000000  0.98729564
 0.60000000  1.10000000  0.82023139
 0.60000000  1.15000000  0.72505448
 0.60000000  1.20000000  0.67710462
 0.60000000  1.25000000  0.63065116
 0.60000000  1.30000000  0.51424389
 0.60000000  1.35000000  0.31516452
 0.60000000  1.40000000  0.01334817
 0.60000000  1.45000000 -0.35413226
 0.60000000  1.50000000 -0.72572294
 0.60000000  1.55000000 -1.04133131
 0.60000000  1.60000000 -1.23680105
 0.60000000  1.65000000 -1.30931305
 0.60000000  1.70000000 -1.27890345
 0.60000000  1.75000000 -1.17018826
 0.60000000  1.80000000 -1.02019255
 0.60000000  1.85000000 -0.86910662
 0.60000000  1.90000000 -0.71663350
 0.60000000  1.95000000 -0.55422502
 0.60000000  2.00000000 -0.37694437
 0.60000000  2.05000000 -0.17077327
 0.60000000  2.10000000  0.05845992
 0.60000000  2.15000000  0.31662987
 0.60000000  2.20000000  0.57560420
 0.65000000 -0.25000000  0.66408735
 0.65000000 -0.20000000  0.41648823
 0.65000000 -0.15000000  0.13872068
 0.65000000 -0.10000000 -0.11267541
 0.65000000 -0.05000000 -0.25900341
 0.65000000  0.00000000 -0.28074628
 0.65000000  0.05000000 -0.19995005
 0.65000000  0.10000000 -0.07080217
 0.65000000  0.15000000  0.05816496
 0.65000000  0.20000000  0.14098676
 0.65000000  0.25000000  0.15249338
 0.65000000  0.30000000  0.12314733
 0.65000000  0.35000000  0.08224832
 0.65000000  0.40000000  0.06730609
 0.65000000  0.45000000  0.14268363
 0.65000000  0.50000000  0.32522590
 0.65000000  0.55000000  0.61087768
 0.65000000  0.60000000  0.99232006
 0.65000000  0.65000000  1.37732819
 0.65000000  0.70000000  1.71169968
 0.65000000  0.75000000  1.94104000
 0.65000000  0.80000000  2.03028853
 0.65000000  0.85000000  1.95511467
 0.65000000  0.90000000  1.76329750
 0.65000000  0.95000000  1.51347856
 0.65000000  1.00000000  1.25076996
 0.65000000  1.05000000  1.02913008
 0.65000000  1.10000000  0.88556608
 0.65000000  1.15000000  0.82192237
 0.65000000  1.20000000  0.78744321
 0.65000000  1.25000000  0.73205176
 0.65000000  1.30000000  0.60752788
 0.65000000  1.35000000  0.37212976
 0.65000000  1.40000000  0.02954988
 0.65000000  1.45000000 -0.40392421
 0.65000000  1.50000000 -0.82670709
 0.65000000  1.55000000 -1.18373479
 0.65000000  1.60000000 -1.41745998
 0.65000000  1.65000000 -1.50447615
 0.65000000  1.70000000 -1.45876201
 0.65000000  1.75000000 -1.33592069
 0.65000000  1.80000000 -1.15316928
 0.65000000  1.85000000 -0.94768039
 0.65000000  1.90000000 -0.74278110
 0.65000000  1.95000000 -0.52012320
 0.65000000  2.00000000 -0.29978843
 0.65000000  2.05000000 -0.05258661
 0.65000000  2.10000000  0.21833451
 0.65000000  2.15000000  0.49908611
 0.65000000  2.20000000  0.77460444
 0.70000000 -0.25000000  0.74691150
 0.70000000 -0.20000000  0.52546643
 0.70000000 -0.15000000  0.27080416
 0.70000000 -0.10000000  0.05209084
 0.70000000 -0.05000000 -0.05922322
 0.70000000  0.00000000 -0.05414002
 0.70000000  0.05000000  0.03073245
 0.70000000  0.10000000  0.16749765
 0.70000000  0.15000000  0.28683222
 0.70000000  0.20000000  0.35334184
 0.70000000  0.25000000  0.34355555
 0.70000000  0.30000000  0.28079556
 0.70000000  0.35000000  0.19520331
 0.70000000  0.40000000  0.12669238
 0.70000000  0.45000000  0.12771166
 0.70000000  0.50000000  0.23585363
 0.70000000  0.55000000  0.45572870
 0.70000000  0.60000000  0.76543165
 0.70000000  0.65000000  1.11342738
 0.70000000  0.70000000  1.43779905
 0.70000000  0.75000000  1.68259764
 0.70000000  0.80000000  1.79311034
 0.70000000  0.85000000  1.76587208
 0.70000000  0.90000000  1.63297146
 0.70000000  0.95000000  1.43136401
 0.70000000  1.00000000  1.22187128
 0.70000000  1.05000000  1.05598456
 0.70000000  1.10000000  0.96882975
 0.70000000  1.15000000  0.95031077
 0.70000000  1.20000000  0.95441770
 0.70000000  1.25000000  0.92890677
 0.70000000  1.30000000  0.79627106
 0.70000000  1.35000000  0.54276414
 0.70000000  1.40000000  0.13828792
 0.70000000  1.45000000 -0.34626286
 0.70000000  1.50000000 -0.83056927
 0.70000000  1.55000000 -1.22404640
 0.70000000  1.60000000 -1.47814876
 0.70000000  1.65000000 -1.58843284
 0.70000000  1.70000000 -1.54481738
 0.70000000  1.75000000 -1.40073340
 0.70000000  1.80000000 -1.18551015
 0.70000000  1.85000000 -0.94467655
 0.70000000  1.90000000 -0.70172330
 0.70000000  1.95000000 -0.44249289
 0.70000000  2.00000000 -0.17205737
 0.70000000  2.05000000  0.10701400
 0.70000000  2.10000000  0.39284425
 0.70000000  2.15000000  0.68448842
 0.70000000  2.20000000  0.96705625
 0.75000000 -0.25000000  0.74571826
 0.75000000 -0.20000000  0.52530518
 0.75000000 -0.15000000  0.30104777
 0.75000000 -0.10000000  0.11030579
 0.75000000 -0.05000000  0.03612197
 0.75000000  0.00000000  0.06663833
 0.75000000  0.05000000  0.18504719
 0.75000000  0.10000000  0.33847767
 0.75000000  0.15000000  0.47175234
 0.75000000  0.20000000  0.53940264
 0.75000000  0.25000000  0.52466572
 0.75000000  0.30000000  0.44208404
 0.75000000  0.35000000  0.32128954
 0.75000000  0.40000000  0.21225480
 0.75000000  0.45000000  0.15501729
 0.75000000  0.50000000  0.18771866
 0.75000000  0.55000000  0.32509886
 0.75000000  0.60000000  0.54818883
 0.75000000  0.65000000  0.83809946
 0.75000000  0.70000000  1.12414202
 0.75000000  0.75000000  1.36627528
 0.75000000  0.80000000  1.49803409
 0.75000000  0.85000000  1.51361057
 0.75000000  0.90000000  1.43275683
 0.75000000  0.95000000  1.28547338
 0.75000000  1.00000000  1.13791767
 0.75000000  1.05000000  1.04220048
 0.75000000  1.10000000  1.03103433
 0.75000000  1.15000000  1.08039504
 0.75000000  1.20000000  1.15008813
 0.75000000  1.25000000  1.17067303
 0.75000000  1.30000000  1.05404267
 0.75000000  1.35000000  0.78808058
 0.75000000  1.40000000  0.35795696
 0.75000000  1.45000000 -0.16506714
 0.75000000  1.50000000 -0.68945775
 0.75000000  1.55000000 -1.13535913
 0.75000000  1.60000000 -1.42281041
 0.75000000  1.65000000 -1.54440559
 0.75000000  1.70000000 -1.49951200
 0.75000000  1.75000000 -1.34960126
 0.75000000  1.80000000 -1.12172471
 0.75000000  1.85000000 -0.86249289
 0.75000000  1.90000000 -0.59219724
 0.75000000  1.95000000 -0.30994110
 0.75000000  2.00000000 -0.01977391
 0.75000000  2.05000000  0.27001632
 0.75000000  2.10000000  0.56253163
 0.75000000  2.15000000  0.85308700
 0.75000000  2.20000000  1.13814261
 0.80000000 -0.25000000  0.66647830
 0.80000000 -0.20000000  0.44459886
 0.80000000 -0.15000000  0.21986172
 0.80000000 -0.10000000  0.06155143
 0.80000000 -0.05000000  0.00812066
 0.80000000  0.00000000  0.05958762
 0.80000000  0.05000000  0.20362014
 0.80000000  0.10000000  0.39172411
 0.80000000  0.15000000  0.54124736
 0.80000000  0.20000000  0.63084677
 0.80000000  0.25000000  0.63859523
 0.80000000  0.30000000  0.56751310
 0.80000000  0.35000000  0.44321215
 0.80000000  0.40000000  0.29895760
 0.80000000  0.45000000  0.19382292
 0.80000000  0.50000000  0.15269521
 0.80000000  0.55000000  0.19914044
 0.80000000  0.60000000  0.33938135
 0.80000000  0.65000000  0.55145958
 0.80000000  0.70000000  0.79686954
 0.80000000  0.75000000  1.01059042
 0.80000000  0.80000000  1.15952193
 0.80000000  0.85000000  1.20246030
 0.80000000  0.90000000  1.16823119
 0.80000000  0.95000000  1.07498269
 0.80000000  1.00000000  0.99913956
 0.80000000  1.05000000  0.98746216
 0.80000000  1.10000000  1.05152560
 0.80000000  1.15000000  1.18424989
 0.80000000  1.20000000  1.32998256
 0.80000000  1.25000000  1.40519645
 0.80000000  1.30000000  1.34077378
 0.80000000  1.35000000  1.08753417
 0.80000000  1.40000000  0.65829204
 0.80000000  1.45000000  0.11201892
 0.80000000  1.50000000 -0.43979282
 0.80000000  1.55000000 -0.90864439
 0.80000000  1.60000000 -1.22839756
 0.80000000  1.65000000 -1.36285454
 0.80000000  1.70000000 -1.32961754
 0.80000000  1.75000000 -1.17600006
 0.80000000  1.80000000 -0.94191832
 0.80000000  1.85000000 -0.68620054
 0.80000000  1.90000000 -0.40313616
 0.80000000  1.95000000 -0.13512722
 0.80000000  2.00000000  0.15351222
 0.80000000  2.05000000  0.43915117
 0.80000000  2.10000000  0.72621091
 0.80000000  2.15000000  1.00703848
 0.80000000  2.20000000  1.25041381
 0.85000000 -0.25000000  0.54932927
 0.85000000 -0.20000000  0.29809575
 0.85000000 -0.15000000  0.06681917
 0.85000000 -0.10000000 -0.08798728
 0.85000000 -0.05000000 -0.13667493
 0.85000000  0.00000000 -0.05609141
 0.85000000  0.05000000  0.11271850
 0.85000000  0.10000000  0.32014240
 0.85000000  0.15000000  0.50437281
 0.85000000  0.20000000  0.62393157
 0.85000000  0.25000000  0.65897670
 0.85000000  0.30000000  0.61149885
 0.85000000  0.35000000  0.50528528
 0.85000000  0.40000000  0.35096235
 0.85000000  0.45000000  0.21068376
 0.85000000  0.50000000  0.11535412
 0.85000000  0.55000000  0.09332105
 0.85000000  0.60000000  0.14745496
 0.85000000  0.65000000  0.29704904
 0.85000000  0.70000000  0.48330681
 0.85000000  0.75000000  0.66985809
 0.85000000  0.80000000  0.80592494
 0.85000000  0.85000000  0.86997065
 0.85000000  0.90000000  0.86099940
 0.85000000  0.95000000  0.82924918
 0.85000000  1.00000000  0.80555830
 0.85000000  1.05000000  0.85786964
 0.85000000  1.10000000  1.00516330
 0.85000000  1.15000000  1.22764819
 0.85000000  1.20000000  1.45671051
 0.85000000  1.25000000  1.61184553
 0.85000000  1.30000000  1.60536789
 0.85000000  1.35000000  1.40053463
 0.85000000  1.40000000  0.99553002
 0.85000000  1.45000000  0.46585629
 0.85000000  1.50000000 -0.09578399
 0.85000000  1.55000000 -0.57156102
 0.85000000  1.60000000 -0.89684919
 0.85000000  1.65000000 -1.04488010
 0.85000000  1.70000000 -1.02736420
 0.85000000  1.75000000 -0.88464926
 0.85000000  1.80000000 -0.67232050
 0.85000000  1.85000000 -0.42300378
 0.85000000  1.90000000 -0.16422258
 0.85000000  1.95000000  0.08398896
 0.85000000  2.00000000  0.34901930
 0.85000000  2.05000000  0.60870662
 0.85000000  2.10000000  0.86775949
 0.85000000  2.15000000  1.10945594
 0.85000000  2.20000000  1.33433124
 0.90000000 -0.25000000  0.41972661
 0.90000000 -0.20000000  0.11928518
 0.90000000 -0.15000000 -0.14494008
 0.90000000 -0.10000000 -0.30671697
 0.90000000 -0.05000000 -0.34986923
 0.90000000  0.00000000 -0.26348831
 0.90000000  0.05000000 -0.07093761
 0.90000000  0.10000000  0.15419384
 0.90000000  0.15000000  0.36357369
 0.90000000  0.20000000  0.51228283
 0.90000000  0.25000000  0.58571711
 0.90000000  0.30000000  0.56971406
 0.90000000  0.35000000  0.48578947
 0.90000000  0.40000000  0.35097796
 0.90000000  0.45000000  0.19148227
 0.90000000  0.50000000  0.06182274
 0.90000000  0.55000000 -0.02181099
 0.90000000  0.60000000 -0.01568190
 0.90000000  0.65000000  0.06769287
 0.90000000  0.70000000  0.20714685
 0.90000000  0.75000000  0.35307654
 0.90000000  0.80000000  0.47746442
 0.90000000  0.85000000  0.54170197
 0.90000000  0.90000000  0.55333700
 0.90000000  0.95000000  0.54506258
 0.90000000  1.00000000  0.56187706
 0.90000000  1.05000000  0.67124392
 0.90000000  1.10000000  0.87859223
 0.90000000  1.15000000  1.18060032
 0.90000000  1.20000000  1.48988769
 0.90000000  1.25000000  1.73379199
 0.90000000  1.30000000  1.81766299
 0.90000000  1.35000000  1.68632764
 0.90000000  1.40000000  1.34430581
 0.90000000  1.45000000  0.85505006
 0.90000000  1.50000000  0.33070682
 0.90000000  1.55000000 -0.13743976
 0.90000000  1.60000000 -0.46717497
 0.90000000  1.65000000 -0.62582438
 0.90000000  1.70000000 -0.62238395
 0.90000000  1.75000000 -0.50468738
 0.90000000  1.80000000 -0.31656984
 0.90000000  1.85000000 -0.10443968
 0.90000000  1.90000000  0.12782182
 0.90000000  1.95000000  0.35200796
 0.90000000  2.00000000  0.57054115
 0.90000000  2.05000000  0.79067137
 0.90000000  2.10000000  1.00164033
 0.90000000  2.15000000  1.20819254
 0.90000000  2.20000000  1.38686572
 0.95000000 -0.25000000  0.29887157
 0.95000000 -0.20000000 -0.05137181
 0.95000000 -0.15000000 -0.34896447
 0.95000000 -0.10000000 -0.53247351
 0.95000000 -0.05000000 -0.57787505
 0.95000000  0.00000000 -0.47700875
 0.95000000  0.05000000 -0.27790443
 0.95000000  0.10000000 -0.04758798
 0.95000000  0.15000000  0.18375250
 0.95000000  0.20000000  0.35647895
 0.95000000  0.25000000  0.45595248
 0.95000000  0.30000000  0.47557421
 0.95000000  0.35000000  0.41022658
 0.95000000  0.40000000  0.29217475
 0.95000000  0.45000000  0.14099247
 0.95000000  0.50000000  0.00347355
 0.95000000  0.55000000 -0.10594579
 0.95000000  0.60000000 -0.13945553
 0.95000000  0.65000000 -0.10020549
 0.95000000  0.70000000 -0.00497022
 0.95000000  0.75000000  0.10036935
 0.95000000  0.80000000  0.19492957
 0.95000000  0.85000000  0.24381196
 0.95000000  0.90000000  0.24424835
 0.95000000  0.95000000  0.24114745
 0.95000000  1.00000000  0.28967170
 0.95000000  1.05000000  0.42604727
 0.95000000  1.10000000  0.69092590
 0.95000000  1.15000000  1.05213364
 0.95000000  1.20000000  1.44713093
 0.95000000  1.25000000  1.77856444
 0.95000000  1.30000000  1.95200606
 0.95000000  1.35000000  1.91482234
 0.95000000  1.40000000  1.66137051
 0.95000000  1.45000000  1.24570541
 0.95000000  1.50000000  0.77767022
 0.95000000  1.55000000  0.33333929
 0.95000000  1.60000000  0.01684445
 0.95000000  1.65000000 -0.15583097
 0.95000000  1.70000000 -0.16989625
 0.95000000  1.75000000 -0.07010840
 0.95000000  1.80000000  0.09392317
 0.95000000  1.85000000  0.27806945
 0.95000000  1.90000000  0.46720731
 0.95000000  1.95000000  0.64699901
 0.95000000  2.00000000  0.81917446
 0.95000000  2.05000000  0.99679916
 0.95000000  2.10000000  1.15460370
 0.95000000  2.15000000  1.31351809
 0.95000000  2.20000000  1.44631656
 1.00000000 -0.25000000  0.19953854
 1.00000000 -0.20000000 -0.19473454
 1.00000000 -0.15000000 -0.51210417
 1.00000000 -0.10000000 -0.70979514
 1.00000000 -0.05000000 -0.74397667
 1.00000000  0.00000000 -0.64336923
 1.00000000  0.05000000 -0.44870986
 1.00000000  0.10000000 -0.19713266
 1.00000000  0.15000000  0.04164212
 1.00000000  0.20000000  0.22813473
 1.00000000  0.25000000  0.34467749
 1.00000000  0.30000000  0.37763896
 1.00000000  0.35000000  0.33864720
 1.00000000  0.40000000  0.23550422
 1.00000000  0.45000000  0.10862864
 1.00000000  0.50000000 -0.02945554
 1.00000000  0.55000000 -0.13357922
 1.00000000  0.60000000 -0.18204887
 1.00000000  0.65000000 -0.17750947
 1.00000000  0.70000000 -0.11743076
 1.00000000  0.75000000 -0.05844009
 1.00000000  0.80000000 -0.00973111
 1.00000000  0.85000000  0.00560686
 1.00000000  0.90000000 -0.02201263
 1.00000000  0.95000000 -0.04805828
 1.00000000  1.00000000 -0.00123181
 1.00000000  1.05000000  0.15149314
 1.00000000  1.10000000  0.44555609
 1.00000000  1.15000000  0.85687329
 1.00000000  1.20000000  1.32461607
 1.00000000  1.25000000  1.73928006
 1.00000000  1.30000000  2.01194726
 1.00000000  1.35000000  2.07533303
 1.00000000  1.40000000  1.92434741
 1.00000000  1.45000000  1.60777535
 1.00000000  1.50000000  1.20886305
 1.00000000  1.55000000  0.81115736
 1.00000000  1.60000000  0.50526990
 1.00000000  1.65000000  0.33519628
 1.00000000  1.70000000  0.29772224
 1.00000000  1.75000000  0.36867613
 1.00000000  1.80000000  0.50702361
 1.00000000  1.85000000  0.66148015
 1.00000000  1.90000000  0.82232756
 1.00000000  1.95000000  0.96256520
 1.00000000  2.00000000  1.09382705
 1.00000000  2.05000000  1.22002990
 1.00000000  2.10000000  1.34012206
 1.00000000  2.15000000  1.45055618
 1.00000000  2.20000000  1.54516257
 1.05000000 -0.25000000  0.13083504
 1.05000000 -0.20000000 -0.29191128
 1.05000000 -0.15000000 -0.60655156
 1.05000000 -0.10000000 -0.80233685
 1.05000000 -0.05000000 -0.82219419
 1.05000000  0.00000000 -0.70957688
 1.05000000  0.05000000 -0.49843394
 1.05000000  0.10000000 -0.23899658
 1.05000000  0.15000000 -0.00722744
 1.05000000  0.20000000  0.17954517
 1.05000000  0.25000000  0.29915826
 1.05000000  0.30000000  0.33819285
 1.05000000  0.35000000  0.30973004
 1.05000000  0.40000000  0.23168035
 1.05000000  0.45000000  0.12045741
 1.05000000  0.50000000  0.01356867
 1.05000000  0.55000000 -0.08611130
 1.05000000  0.60000000 -0.13641212
 1.05000000  0.65000000 -0.15444439
 1.05000000  0.70000000 -0.12985785
 1.05000000  0.75000000 -0.10303057
 1.05000000  0.80000000 -0.11125045
 1.05000000  0.85000000 -0.15802237
 1.05000000  0.90000000 -0.23449951
 1.05000000  0.95000000 -0.28223827
 1.05000000  1.00000000 -0.26791519
 1.05000000  1.05000000 -0.11040326
 1.05000000  1.10000000  0.20313241
 1.05000000  1.15000000  0.64230473
 1.05000000  1.20000000  1.15603989
 1.05000000  1.25000000  1.64129146
 1.05000000  1.30000000  2.00568416
 1.05000000  1.35000000  2.16785939
 1.05000000  1.40000000  2.12982963
 1.05000000  1.45000000  1.90966260
 1.05000000  1.50000000  1.59016934
 1.05000000  1.55000000  1.23880954
 1.05000000  1.60000000  0.94679794
 1.05000000  1.65000000  0.76798021
 1.05000000  1.70000000  0.71816391
 1.05000000  1.75000000  0.75821662
 1.05000000  1.80000000  0.86675155
 1.05000000  1.85000000  1.00826356
 1.05000000  1.90000000  1.14536946
 1.05000000  1.95000000  1.26306810
 1.05000000  2.00000000  1.35950624
 1.05000000  2.05000000  1.44806808
 1.05000000  2.10000000  1.52447113
 1.05000000  2.15000000  1.59909181
 1.05000000  2.20000000  1.66444654
 1.10000000 -0.25000000  0.08480152
 1.10000000 -0.20000000 -0.32380113
 1.10000000 -0.15000000 -0.63387388
 1.10000000 -0.10000000 -0.78609100
 1.10000000 -0.05000000 -0.78028488
 1.10000000  0.00000000 -0.63903358
 1.10000000  0.05000000 -0.41441331
 1.10000000  0.10000000 -0.15660031
 1.10000000  0.15000000  0.07819245
 1.10000000  0.20000000  0.26083168
 1.10000000  0.25000000  0.36670820
 1.10000000  0.30000000  0.40570519
 1.10000000  0.35000000  0.38664141
 1.10000000  0.40000000  0.32134450
 1.10000000  0.45000000  0.22392256
 1.10000000  0.50000000  0.13432909
 1.10000000  0.55000000  0.05093293
 1.10000000  0.60000000  0.00481835
 1.10000000  0.65000000 -0.01714745
 1.10000000  0.70000000 -0.03126508
 1.10000000  0.75000000 -0.05460767
 1.10000000  0.80000000 -0.11771416
 1.10000000  0.85000000 -0.21983790
 1.10000000  0.90000000 -0.33519984
 1.10000000  0.95000000 -0.43717417
 1.10000000  1.00000000 -0.44761883
 1.10000000  1.05000000 -0.30994672
 1.10000000  1.10000000 -0.00873579
 1.10000000  1.15000000  0.44400097
 1.10000000  1.20000000  0.97895484
 1.10000000  1.25000000  1.50335830
 1.10000000  1.30000000  1.92190057
 1.10000000  1.35000000  2.17619199
 1.10000000  1.40000000  2.23879344
 1.10000000  1.45000000  2.11321710
 1.10000000  1.50000000  1.87012022
 1.10000000  1.55000000  1.57100284
 1.10000000  1.60000000  1.29307873
 1.10000000  1.65000000  1.10439755
 1.10000000  1.70000000  1.02539430
 1.10000000  1.75000000  1.04568250
 1.10000000  1.80000000  1.13966132
 1.10000000  1.85000000  1.25684826
 1.10000000  1.90000000  1.38595434
 1.10000000  1.95000000  1.48744666
 1.10000000  2.00000000  1.58126967
 1.10000000  2.05000000  1.65567046
 1.10000000  2.10000000  1.71364887
 1.10000000  2.15000000  1.76779545
 1.10000000  2.20000000  1.82015315
 1.15000000 -0.25000000  0.05094346
 1.15000000 -0.20000000 -0.31812019
 1.15000000 -0.15000000 -0.57960595
 1.15000000 -0.10000000 -0.69020312
 1.15000000 -0.05000000 -0.64487099
 1.15000000  0.00000000 -0.47310453
 1.15000000  0.05000000 -0.22113672
 1.15000000  0.10000000  0.04395010
 1.15000000  0.15000000  0.27966577
 1.15000000  0.20000000  0.46002425
 1.15000000  0.25000000  0.55951979
 1.15000000  0.30000000  0.59174820
 1.15000000  0.35000000  0.56951920
 1.15000000  0.40000000  0.50642919
 1.15000000  0.45000000  0.42211584
 1.15000000  0.50000000  0.34215833
 1.15000000  0.55000000  0.27171231
 1.15000000  0.60000000  0.21920804
 1.15000000  0.65000000  0.19023966
 1.15000000  0.70000000  0.15419758
 1.15000000  0.75000000  0.09106550
 1.15000000  0.80000000 -0.01196857
 1.15000000  0.85000000 -0.16697516
 1.15000000  0.90000000 -0.33392077
 1.15000000  0.95000000 -0.47267314
 1.15000000  1.00000000 -0.51423809
 1.15000000  1.05000000 -0.40632268
 1.15000000  1.10000000 -0.12457215
 1.15000000  1.15000000  0.30174430
 1.15000000  1.20000000  0.81955351
 1.15000000  1.25000000  1.35683060
 1.15000000  1.30000000  1.80843972
 1.15000000  1.35000000  2.11787831
 1.15000000  1.40000000  2.24859633
 1.15000000  1.45000000  2.20778969
 1.15000000  1.50000000  2.02398744
 1.15000000  1.55000000  1.77165611
 1.15000000  1.60000000  1.50331842
 1.15000000  1.65000000  1.30294454
 1.15000000  1.70000000  1.19594533
 1.15000000  1.75000000  1.18904982
 1.15000000  1.80000000  1.26222298
 1.15000000  1.85000000  1.38023008
 1.15000000  1.90000000  1.50110546
 1.15000000  1.95000000  1.61417945
 1.15000000  2.00000000  1.71317578
 1.15000000  2.05000000  1.77701849
 1.15000000  2.10000000  1.84330007
 1.15000000  2.15000000  1.90289505
 1.15000000  2.20000000  1.95693768
 1.20000000 -0.25000000  0.02258152
 1.20000000 -0.20000000 -0.27951890
 1.20000000 -0.15000000 -0.47474620
 1.20000000 -0.10000000 -0.53268063
 1.20000000 -0.05000000 -0.43649122
 1.20000000  0.00000000 -0.22513995
 1.20000000  0.05000000  0.04845149
 1.20000000  0.10000000  0.32652834
 1.20000000  0.15000000  0.56533565
 1.20000000  0.20000000  0.73482512
 1.20000000  0.25000000  0.83298101
 1.20000000  0.30000000  0.85767292
 1.20000000  0.35000000  0.82275100
 1.20000000  0.40000000  0.75855828
 1.20000000  0.45000000  0.67243937
 1.20000000  0.50000000  0.59008812
 1.20000000  0.55000000  0.52168773
 1.20000000  0.60000000  0.46921015
 1.20000000  0.65000000  0.43629723
 1.20000000  0.70000000  0.38491097
 1.20000000  0.75000000  0.29734034
 1.20000000  0.80000000  0.16632301
 1.20000000  0.85000000 -0.01319885
 1.20000000  0.90000000 -0.20953009
 1.20000000  0.95000000 -0.36159344
 1.20000000  1.00000000 -0.42894904
 1.20000000  1.05000000 -0.35419899
 1.20000000  1.10000000 -0.11306065
 1.20000000  1.15000000  0.25995054
 1.20000000  1.20000000  0.73125439
 1.20000000  1.25000000  1.22540170
 1.20000000  1.30000000  1.66614595
 1.20000000  1.35000000  1.99511761
 1.20000000  1.40000000  2.17788343
 1.20000000  1.45000000  2.19195185
 1.20000000  1.50000000  2.06167808
 1.20000000  1.55000000  1.83680092
 1.20000000  1.60000000  1.57362827
 1.20000000  1.65000000  1.35196368
 1.20000000  1.70000000  1.21929228
 1.20000000  1.75000000  1.17637184
 1.20000000  1.80000000  1.23178694
 1.20000000  1.85000000  1.33880681
 1.20000000  1.90000000  1.47067895
 1.20000000  1.95000000  1.59501710
 1.20000000  2.00000000  1.70397740
 1.20000000  2.05000000  1.79860313
 1.20000000  2.10000000  1.88570588
 1.20000000  2.15000000  1.95614233
 1.20000000  2.20000000  2.03773299
 1.25000000 -0.25000000 -0.00508827
 1.25000000 -0.20000000 -0.24099968
 1.25000000 -0.15000000 -0.36701807
 1.25000000 -0.10000000 -0.35326043
 1.25000000 -0.05000000 -0.19970506
 1.25000000  0.00000000  0.04510259
 1.25000000  0.05000000  0.33269780
 1.25000000  0.10000000  0.62161039
 1.25000000  0.15000000  0.86204802
 1.25000000  0.20000000  1.03090105
 1.25000000  0.25000000  1.11246044
 1.25000000  0.30000000  1.12700499
 1.25000000  0.35000000  1.08637334
 1.25000000  0.40000000  1.01396232
 1.25000000  0.45000000  0.91542104
 1.25000000  0.50000000  0.82346859
 1.25000000  0.55000000  0.74663520
 1.25000000  0.60000000  0.70107940
 1.25000000  0.65000000  0.66034573
 1.25000000  0.70000000  0.60358595
 1.25000000  0.75000000  0.51737972
 1.25000000  0.80000000  0.38567092
 1.25000000  0.85000000  0.21014861
 1.25000000  0.90000000  0.02245966
 1.25000000  0.95000000 -0.13661179
 1.25000000  1.00000000 -0.21444119
 1.25000000  1.05000000 -0.16467748
 1.25000000  1.10000000  0.01330310
 1.25000000  1.15000000  0.32781047
 1.25000000  1.20000000  0.71298530
 1.25000000  1.25000000  1.14094575
 1.25000000  1.30000000  1.54116631
 1.25000000  1.35000000  1.85796150
 1.25000000  1.40000000  2.04972416
 1.25000000  1.45000000  2.09624336
 1.25000000  1.50000000  1.99411753
 1.25000000  1.55000000  1.78505389
 1.25000000  1.60000000  1.52623070
 1.25000000  1.65000000  1.28345385
 1.25000000  1.70000000  1.10352460
 1.25000000  1.75000000  1.03097000
 1.25000000  1.80000000  1.05904435
 1.25000000  1.85000000  1.16093553
 1.25000000  1.90000000  1.29207016
 1.25000000  1.95000000  1.44151736
 1.25000000  2.00000000  1.58429026
 1.25000000  2.05000000  1.70585090
 1.25000000  2.10000000  1.82201375
 1.25000000  2.15000000  1.93008840
 1.25000000  2.20000000  2.05385658
 1.30000000 -0.25000000 -0.05635077
 1.30000000 -0.20000000 -0.22055353
 1.30000000 -0.15000000 -0.27298673
 1.30000000 -0.10000000 -0.19957154
 1.30000000 -0.05000000 -0.01048682
 1.30000000  0.00000000  0.26043432
 1.30000000  0.05000000  0.56869694
 1.30000000  0.10000000  0.86537171
 1.30000000  0.15000000  1.09717337
 1.30000000  0.20000000  1.25448838
 1.30000000  0.25000000  1.32993823
 1.30000000  0.30000000  1.32946730
 1.30000000  0.35000000  1.27764786
 1.30000000  0.40000000  1.18034905
 1.30000000  0.45000000  1.07480141
 1.30000000  0.50000000  0.97104941
 1.30000000  0.55000000  0.89281834
 1.30000000  0.60000000  0.84553178
 1.30000000  0.65000000  0.81278584
 1.30000000  0.70000000  0.77453303
 1.30000000  0.75000000  0.70800117
 1.30000000  0.80000000  0.60821160
 1.30000000  0.85000000  0.45655685
 1.30000000  0.90000000  0.30322714
 1.30000000  0.95000000  0.16736557
 1.30000000  1.00000000  0.09202031
 1.30000000  1.05000000  0.12969425
 1.30000000  1.10000000  0.24974849
 1.30000000  1.15000000  0.47144152
 1.30000000  1.20000000  0.78210244
 1.30000000  1.25000000  1.11129149
 1.30000000  1.30000000  1.43971642
 1.30000000  1.35000000  1.72015254
 1.30000000  1.40000000  1.90698044
 1.30000000  1.45000000  1.95714357
 1.30000000  1.50000000  1.87532954
 1.30000000  1.55000000  1.66479130
 1.30000000  1.60000000  1.40242335
 1.30000000  1.65000000  1.12554693
 1.30000000  1.70000000  0.91366838
 1.30000000  1.75000000  0.80080407
 1.30000000  1.80000000  0.79880191
 1.30000000  1.85000000  0.88248278
 1.30000000  1.90000000  1.03081099
 1.30000000  1.95000000  1.18908172
 1.30000000  2.00000000  1.35655130
 1.30000000  2.05000000  1.51481018
 1.30000000  2.10000000  1.66647763
 1.30000000  2.15000000  1.82289029
 1.30000000  2.20000000  1.98058008
 1.35000000 -0.25000000 -0.14884950
 1.35000000 -0.20000000 -0.24572640
 1.35000000 -0.15000000 -0.23792608
 1.35000000 -0.10000000 -0.11659450
 1.35000000 -0.05000000  0.11078171
 1.35000000  0.00000000  0.40037775
 1.35000000  0.05000000  0.71741045
 1.35000000  0.10000000  1.00310612
 1.35000000  0.15000000  1.22850689
 1.35000000  0.20000000  1.36794120
 1.35000000  0.25000000  1.42956225
 1.35000000  0.30000000  1.41468514
 1.35000000  0.35000000  1.33160621
 1.35000000  0.40000000  1.22902809
 1.35000000  0.45000000  1.11283604
 1.35000000  0.50000000  1.00557561
 1.35000000  0.55000000  0.92337022
 1.35000000  0.60000000  0.88867956
 1.35000000  0.65000000  0.87511433
 1.35000000  0.70000000  0.86764603
 1.35000000  0.75000000  0.83891595
 1.35000000  0.80000000  0.77741594
 1.35000000  0.85000000  0.68436506
 1.35000000  0.90000000  0.57848377
 1.35000000  0.95000000  0.48648779
 1.35000000  1.00000000  0.43329578
 1.35000000  1.05000000  0.44920392
 1.35000000  1.10000000  0.52987891
 1.35000000  1.15000000  0.68095610
 1.35000000  1.20000000  0.89137682
 1.35000000  1.25000000  1.14126798
 1.35000000  1.30000000  1.39756624
 1.35000000  1.35000000  1.62308900
 1.35000000  1.40000000  1.78316155
 1.35000000  1.45000000  1.82912118
 1.35000000  1.50000000  1.74317301
 1.35000000  1.55000000  1.53983880
 1.35000000  1.60000000  1.25134395
 1.35000000  1.65000000  0.95750194
 1.35000000  1.70000000  0.70058022
 1.35000000  1.75000000  0.54742806
 1.35000000  1.80000000  0.51574293
 1.35000000  1.85000000  0.58743786
 1.35000000  1.90000000  0.72935881
 1.35000000  1.95000000  0.90625719
 1.35000000  2.00000000  1.08981252
 1.35000000  2.05000000  1.28180560
 1.35000000  2.10000000  1.46700341
 1.35000000  2.15000000  1.65758353
 1.35000000  2.20000000  1.85434164
 1.40000000 -0.25000000 -0.29135817
 1.40000000 -0.20000000 -0.32802356
 1.40000000 -0.15000000 -0.27440969
 1.40000000 -0.10000000 -0.11585661
 1.40000000 -0.05000000  0.13336852
 1.40000000  0.00000000  0.44472853
 1.40000000  0.05000000  0.75981665
 1.40000000  0.10000000  1.03636465
 1.40000000  0.15000000  1.23763414
 1.40000000  0.20000000  1.36333154
 1.40000000  0.25000000  1.39018271
 1.40000000  0.30000000  1.34599807
 1.40000000  0.35000000  1.25586228
 1.40000000  0.40000000  1.13209183
 1.40000000  0.45000000  1.00670060
 1.40000000  0.50000000  0.90600962
 1.40000000  0.55000000  0.83624200
 1.40000000  0.60000000  0.81702749
 1.40000000  0.65000000  0.83520367
 1.40000000  0.70000000  0.86187739
 1.40000000  0.75000000  0.86918107
 1.40000000  0.80000000  0.87427550
 1.40000000  0.85000000  0.83875463
 1.40000000  0.90000000  0.79426591
 1.40000000  0.95000000  0.75923365
 1.40000000  1.00000000  0.74065477
 1.40000000  1.05000000  0.74926934
 1.40000000  1.10000000  0.79678910
 1.40000000  1.15000000  0.88121322
 1.40000000  1.20000000  1.01202874
 1.40000000  1.25000000  1.18161303
 1.40000000  1.30000000  1.37713187
 1.40000000  1.35000000  1.57225398
 1.40000000  1.40000000  1.70472119
 1.40000000  1.45000000  1.75046818
 1.40000000  1.50000000  1.66868309
 1.40000000  1.55000000  1.45802207
 1.40000000  1.60000000  1.15191926
 1.40000000  1.65000000  0.82377676
 1.40000000  1.70000000  0.53537367
 1.40000000  1.75000000  0.35786249
 1.40000000  1.80000000  0.29433130
 1.40000000  1.85000000  0.34495238
 1.40000000  1.90000000  0.47529457
 1.40000000  1.95000000  0.65377211
 1.40000000  2.00000000  0.85782411
 1.40000000  2.05000000  1.05969357
 1.40000000  2.10000000  1.25923479
 1.40000000  2.15000000  1.47031760
 1.40000000  2.20000000  1.68416443
 1.45000000 -0.25000000 -0.44943863
 1.45000000 -0.20000000 -0.45290912
 1.45000000 -0.15000000 -0.36713524
 1.45000000 -0.10000000 -0.19300804
 1.45000000 -0.05000000  0.07568896
 1.45000000  0.00000000  0.38083464
 1.45000000  0.05000000  0.69630081
 1.45000000  0.10000000  0.95513577
 1.45000000  0.15000000  1.14414607
 1.45000000  0.20000000  1.23755665
 1.45000000  0.25000000  1.24118098
 1.45000000  0.30000000  1.17502991
 1.45000000  0.35000000  1.06018172
 1.45000000  0.40000000  0.92598491
 1.45000000  0.45000000  0.79180194
 1.45000000  0.50000000  0.69632460
 1.45000000  0.55000000  0.64829292
 1.45000000  0.60000000  0.64912647
 1.45000000  0.65000000  0.70051890
 1.45000000  0.70000000  0.76212370
 1.45000000  0.75000000  0.82241912
 1.45000000  0.80000000  0.86834714
 1.45000000  0.85000000  0.89659383
 1.45000000  0.90000000  0.91076136
 1.45000000  0.95000000  0.91909768
 1.45000000  1.00000000  0.92834007
 1.45000000  1.05000000  0.94449679
 1.45000000  1.10000000  0.96674688
 1.45000000  1.15000000  1.01769912
 1.45000000  1.20000000  1.09758068
 1.45000000  1.25000000  1.22120507
 1.45000000  1.30000000  1.38226439
 1.45000000  1.35000000  1.55585064
 1.45000000  1.40000000  1.69131063
 1.45000000  1.45000000  1.74885276
 1.45000000  1.50000000  1.67396368
 1.45000000  1.55000000  1.45873162
 1.45000000  1.60000000  1.15226996
 1.45000000  1.65000000  0.79445723
 1.45000000  1.70000000  0.48634278
 1.45000000  1.75000000  0.26738668
 1.45000000  1.80000000  0.16632958
 1.45000000  1.85000000  0.20167735
 1.45000000  1.90000000  0.32810911
 1.45000000  1.95000000  0.49418531
 1.45000000  2.00000000  0.68846491
 1.45000000  2.05000000  0.88399070
 1.45000000  2.10000000  1.08882201
 1.45000000  2.15000000  1.29707800
 1.45000000  2.20000000  1.50026451
 1.50000000 -0.25000000 -0.59908478
 1.50000000 -0.20000000 -0.58704327
 1.50000000 -0.15000000 -0.49796565
 1.50000000 -0.10000000 -0.30853812
 1.50000000 -0.05000000 -0.05079910
 1.50000000  0.00000000  0.26658402
 1.50000000  0.05000000  0.57525453
 1.50000000  0.10000000  0.83378827
 1.50000000  0.15000000  0.99789231
 1.50000000  0.20000000  1.06801664
 1.50000000  0.25000000  1.03638109
 1.50000000  0.30000000  0.94165014
 1.50000000  0.35000000  0.79453377
 1.50000000  0.40000000  0.64929338
 1.50000000  0.45000000  0.51970670
 1.50000000  0.50000000  0.43405385
 1.50000000  0.55000000  0.39584968
 1.50000000  0.60000000  0.42458242
 1.50000000  0.65000000  0.49895490
 1.50000000  0.70000000  0.58685156
 1.50000000  0.75000000  0.69038439
 1.50000000  0.80000000  0.77708547
 1.50000000  0.85000000  0.85028324
 1.50000000  0.90000000  0.90978262
 1.50000000  0.95000000  0.95435681
 1.50000000  1.00000000  0.98756971
 1.50000000  1.05000000  1.01170827
 1.50000000  1.10000000  1.01769756
 1.50000000  1.15000000  1.04811517
 1.50000000  1.20000000  1.10417829
 1.50000000  1.25000000  1.21585545
 1.50000000  1.30000000  1.38129923
 1.50000000  1.35000000  1.56720862
 1.50000000  1.40000000  1.74004033
 1.50000000  1.45000000  1.81771295
 1.50000000  1.50000000  1.77181552
 1.50000000  1.55000000  1.56595595
 1.50000000  1.60000000  1.26103423
 1.50000000  1.65000000  0.89021129
 1.50000000  1.70000000  0.55506714
 1.50000000  1.75000000  0.30166147
 1.50000000  1.80000000  0.18317598
 1.50000000  1.85000000  0.18629234
 1.50000000  1.90000000  0.28045621
 1.50000000  1.95000000  0.42647204
 1.50000000  2.00000000  0.60358879
 1.50000000  2.05000000  0.77678549
 1.50000000  2.10000000  0.95388003
 1.50000000  2.15000000  1.13244671
 1.50000000  2.20000000  1.31157935
 1.55000000 -0.25000000 -0.69403864
 1.55000000 -0.20000000 -0.69099817
 1.55000000 -0.15000000 -0.60406142
 1.55000000 -0.10000000 -0.43447971
 1.55000000 -0.05000000 -0.17625984
 1.55000000  0.00000000  0.13207904
 1.55000000  0.05000000  0.44334085
 1.55000000  0.10000000  0.69106847
 1.55000000  0.15000000  0.84011430
 1.55000000  0.20000000  0.88881490
 1.55000000  0.25000000  0.84091355
 1.55000000  0.30000000  0.71242656
 1.55000000  0.35000000  0.54944380
 1.55000000  0.40000000  0.38050523
 1.55000000  0.45000000  0.23093864
 1.55000000  0.50000000  0.15366201
 1.55000000  0.55000000  0.12517371
 1.55000000  0.60000000  0.16309464
 1.55000000  0.65000000  0.24857495
 1.55000000  0.70000000  0.36359132
 1.55000000  0.75000000  0.49349167
 1.55000000  0.80000000  0.61063385
 1.55000000  0.85000000  0.71628957
 1.55000000  0.90000000  0.80304825
 1.55000000  0.95000000  0.86513073
 1.55000000  1.00000000  0.90868099
 1.55000000  1.05000000  0.93169570
 1.55000000  1.10000000  0.93336510
 1.55000000  1.15000000  0.95215768
 1.55000000  1.20000000  1.01673037
 1.55000000  1.25000000  1.14897396
 1.55000000  1.30000000  1.35397581
 1.55000000  1.35000000  1.59837954
 1.55000000  1.40000000  1.81515860
 1.55000000  1.45000000  1.94794194
 1.55000000  1.50000000  1.93816128
 1.55000000  1.55000000  1.76822877
 1.55000000  1.60000000  1.46467434
 1.55000000  1.65000000  1.09533162
 1.55000000  1.70000000  0.73888698
 1.55000000  1.75000000  0.46591927
 1.55000000  1.80000000  0.31226110
 1.55000000  1.85000000  0.27597112
 1.55000000  1.90000000  0.32989322
 1.55000000  1.95000000  0.45319269
 1.55000000  2.00000000  0.58746753
 1.55000000  2.05000000  0.71676556
 1.55000000  2.10000000  0.84378412
 1.55000000  2.15000000  0.97437088
 1.55000000  2.20000000  1.10083708
 1.60000000 -0.25000000 -0.68415612
 1.60000000 -0.20000000 -0.70130182
 1.60000000 -0.15000000 -0.66104090
 1.60000000 -0.10000000 -0.50447998
 1.60000000 -0.05000000 -0.26485556
 1.60000000  0.00000000  0.02948199
 1.60000000  0.05000000  0.33710588
 1.60000000  0.10000000  0.57794094
 1.60000000  0.15000000  0.72988511
 1.60000000  0.20000000  0.76764197
 1.60000000  0.25000000  0.69588447
 1.60000000  0.30000000  0.54523675
 1.60000000  0.35000000  0.35376098
 1.60000000  0.40000000  0.15721079
 1.60000000  0.45000000 -0.01220253
 1.60000000  0.50000000 -0.11541835
 1.60000000  0.55000000 -0.15079113
 1.60000000  0.60000000 -0.10840139
 1.60000000  0.65000000 -0.02406459
 1.60000000  0.70000000  0.11637081
 1.60000000  0.75000000  0.25605860
 1.60000000  0.80000000  0.39231030
 1.60000000  0.85000000  0.51038737
 1.60000000  0.90000000  0.61124893
 1.60000000  0.95000000  0.67480641
 1.60000000  1.00000000  0.70925859
 1.60000000  1.05000000  0.71794470
 1.60000000  1.10000000  0.72624636
 1.60000000  1.15000000  0.74656117
 1.60000000  1.20000000  0.84459966
 1.60000000  1.25000000  1.01970901
 1.60000000  1.30000000  1.28664006
 1.60000000  1.35000000  1.60620150
 1.60000000  1.40000000  1.89452902
 1.60000000  1.45000000  2.09472594
 1.60000000  1.50000000  2.13472840
 1.60000000  1.55000000  1.99720149
 1.60000000  1.60000000  1.71175004
 1.60000000  1.65000000  1.34577316
 1.60000000  1.70000000  0.98074970
 1.60000000  1.75000000  0.68686567
 1.60000000  1.80000000  0.49617662
 1.60000000  1.85000000  0.42753609
 1.60000000  1.90000000  0.44118105
 1.60000000  1.95000000  0.50436266
 1.60000000  2.00000000  0.58851341
 1.60000000  2.05000000  0.67258470
 1.60000000  2.10000000  0.73638718
 1.60000000  2.15000000  0.79773100
 1.60000000  2.20000000  0.87132422
 1.65000000 -0.25000000 -0.55793509
 1.65000000 -0.20000000 -0.61885897
 1.65000000 -0.15000000 -0.61027362
 1.65000000 -0.10000000 -0.49754445
 1.65000000 -0.05000000 -0.28995965
 1.65000000  0.00000000 -0.00421968
 1.65000000  0.05000000  0.28926788
 1.65000000  0.10000000  0.54820124
 1.65000000  0.15000000  0.69388986
 1.65000000  0.20000000  0.72400835
 1.65000000  0.25000000  0.63433122
 1.65000000  0.30000000  0.45453385
 1.65000000  0.35000000  0.23057866
 1.65000000  0.40000000 -0.00390145
 1.65000000  0.45000000 -0.20655939
 1.65000000  0.50000000 -0.34660569
 1.65000000  0.55000000 -0.40634881
 1.65000000  0.60000000 -0.37354897
 1.65000000  0.65000000 -0.28407685
 1.65000000  0.70000000 -0.15110810
 1.65000000  0.75000000  0.00367214
 1.65000000  0.80000000  0.15650782
 1.65000000  0.85000000  0.27761143
 1.65000000  0.90000000  0.37169959
 1.65000000  0.95000000  0.43279506
 1.65000000  1.00000000  0.45520237
 1.65000000  1.05000000  0.44778179
 1.65000000  1.10000000  0.44118370
 1.65000000  1.15000000  0.48161772
 1.65000000  1.20000000  0.60422714
 1.65000000  1.25000000  0.83891930
 1.65000000  1.30000000  1.17321711
 1.65000000  1.35000000  1.55853340
 1.65000000  1.40000000  1.93103052
 1.65000000  1.45000000  2.18822128
 1.65000000  1.50000000  2.28588993
 1.65000000  1.55000000  2.18897379
 1.65000000  1.60000000  1.92621619
 1.65000000  1.65000000  1.57042293
 1.65000000  1.70000000  1.20990599
 1.65000000  1.75000000  0.89542863
 1.65000000  1.80000000  0.67808939
 1.65000000  1.85000000  0.57452522
 1.65000000  1.90000000  0.53432229
 1.65000000  1.95000000  0.55378501
 1.65000000  2.00000000  0.58278903
 1.65000000  2.05000000  0.59380365
 1.65000000  2.10000000  0.59180620
 1.65000000  2.15000000  0.59721080
 1.65000000  2.20000000  0.59733126
 1.70000000 -0.25000000 -0.35277285
 1.70000000 -0.20000000 -0.44198692
 1.70000000 -0.15000000 -0.46704604
 1.70000000 -0.10000000 -0.39950717
 1.70000000 -0.05000000 -0.22166846
 1.70000000  0.00000000  0.03756287
 1.70000000  0.05000000  0.32430444
 1.70000000  0.10000000  0.57498634
 1.70000000  0.15000000  0.73188535
 1.70000000  0.20000000  0.75980370
 1.70000000  0.25000000  0.66219898
 1.70000000  0.30000000  0.45023514
 1.70000000  0.35000000  0.18832043
 1.70000000  0.40000000 -0.09423486
 1.70000000  0.45000000 -0.34239390
 1.70000000  0.50000000 -0.53787062
 1.70000000  0.55000000 -0.63151722
 1.70000000  0.60000000 -0.63279376
 1.70000000  0.65000000 -0.55298681
 1.70000000  0.70000000 -0.41653833
 1.70000000  0.75000000 -0.24413222
 1.70000000  0.80000000 -0.08913939
 1.70000000  0.85000000  0.04339177
 1.70000000  0.90000000  0.13880503
 1.70000000  0.95000000  0.17974491
 1.70000000  1.00000000  0.17509075
 1.70000000  1.05000000  0.14575612
 1.70000000  1.10000000  0.13287610
 1.70000000  1.15000000  0.17783792
 1.70000000  1.20000000  0.33103819
 1.70000000  1.25000000  0.61372255
 1.70000000  1.30000000  0.99281263
 1.70000000  1.35000000  1.44744918
 1.70000000  1.40000000  1.85997985
 1.70000000  1.45000000  2.17023050
 1.70000000  1.50000000  2.31555855
 1.70000000  1.55000000  2.25062276
 1.70000000  1.60000000  2.01805810
 1.70000000  1.65000000  1.69523271
 1.70000000  1.70000000  1.32775987
 1.70000000  1.75000000  1.01601545
 1.70000000  1.80000000  0.79318827
 1.70000000  1.85000000  0.65020043
 1.70000000  1.90000000  0.58040003
 1.70000000  1.95000000  0.54320374
 1.70000000  2.00000000  0.51585503
 1.70000000  2.05000000  0.46710598
 1.70000000  2.10000000  0.40751134
 1.70000000  2.15000000  0.33914721
 1.70000000  2.20000000  0.29904327
 1.75000000 -0.25000000 -0.09807389
 1.75000000 -0.20000000 -0.20186036
 1.75000000 -0.15000000 -0.25216321
 1.75000000 -0.10000000 -0.21425717
 1.75000000 -0.05000000 -0.06966080
 1.75000000  0.00000000  0.16907530
 1.75000000  0.05000000  0.43901728
 1.75000000  0.10000000  0.67884352
 1.75000000  0.15000000  0.83829710
 1.75000000  0.20000000  0.85443922
 1.75000000  0.25000000  0.74987000
 1.75000000  0.30000000  0.51298535
 1.75000000  0.35000000  0.19760059
 1.75000000  0.40000000 -0.14148346
 1.75000000  0.45000000 -0.45347333
 1.75000000  0.50000000 -0.69672467
 1.75000000  0.55000000 -0.83512912
 1.75000000  0.60000000 -0.87928494
 1.75000000  0.65000000 -0.79870346
 1.75000000  0.70000000 -0.66348905
 1.75000000  0.75000000 -0.48103744
 1.75000000  0.80000000 -0.30814533
 1.75000000  0.85000000 -0.16029468
 1.75000000  0.90000000 -0.07938021
 1.75000000  0.95000000 -0.05959922
 1.75000000  1.00000000 -0.08845775
 1.75000000  1.05000000 -0.14346276
 1.75000000  1.10000000 -0.16692556
 1.75000000  1.15000000 -0.11780326
 1.75000000  1.20000000  0.04745386
 1.75000000  1.25000000  0.34775320
 1.75000000  1.30000000  0.76408703
 1.75000000  1.35000000  1.23428794
 1.75000000  1.40000000  1.67396657
 1.75000000  1.45000000  2.00125079
 1.75000000  1.50000000  2.15656406
 1.75000000  1.55000000  2.11489783
 1.75000000  1.60000000  1.91448971
 1.75000000  1.65000000  1.61765841
 1.75000000  1.70000000  1.28444112
 1.75000000  1.75000000  1.00891406
 1.75000000  1.80000000  0.79331242
 1.75000000  1.85000000  0.64567320
 1.75000000  1.90000000  0.55109823
 1.75000000  1.95000000  0.47196568
 1.75000000  2.00000000  0.39258918
 1.75000000  2.05000000  0.29251128
 1.75000000  2.10000000  0.18101569
 1.75000000  2.15000000  0.06380320
 1.75000000  2.20000000 -0.02409406
 1.80000000 -0.25000000  0.13753024
 1.80000000 -0.20000000  0.04560444
 1.80000000 -0.15000000  0.00013051
 1.80000000 -0.10000000  0.03426705
 1.80000000 -0.05000000  0.15575559
 1.80000000  0.00000000  0.35753852
 1.80000000  0.05000000  0.61475719
 1.80000000  0.10000000  0.84392876
 1.80000000  0.15000000  0.98371437
 1.80000000  0.20000000  0.99118193
 1.80000000  0.25000000  0.86551702
 1.80000000  0.30000000  0.59525955
 1.80000000  0.35000000  0.23484579
 1.80000000  0.40000000 -0.16124802
 1.80000000  0.45000000 -0.53394835
 1.80000000  0.50000000 -0.83378306
 1.80000000  0.55000000 -1.02214597
 1.80000000  0.60000000 -1.08695730
 1.80000000  0.65000000 -1.02363493
 1.80000000  0.70000000 -0.87985145
 1.80000000  0.75000000 -0.69183793
 1.80000000  0.80000000 -0.49847056
 1.80000000  0.85000000 -0.34637365
 1.80000000  0.90000000 -0.26577302
 1.80000000  0.95000000 -0.26556676
 1.80000000  1.00000000 -0.31929510
 1.80000000  1.05000000 -0.39046952
 1.80000000  1.10000000 -0.43159740
 1.80000000  1.15000000 -0.39632332
 1.80000000  1.20000000 -0.22961456
 1.80000000  1.25000000  0.07146043
 1.80000000  1.30000000  0.47237301
 1.80000000  1.35000000  0.92685582
 1.80000000  1.40000000  1.34523588
 1.80000000  1.45000000  1.64979857
 1.80000000  1.50000000  1.80755447
 1.80000000  1.55000000  1.77959892
 1.80000000  1.60000000  1.61266428
 1.80000000  1.65000000  1.35186896
 1.80000000  1.70000000  1.08098583
 1.80000000  1.75000000  0.83979348
 1.80000000  1.80000000  0.66179249
 1.80000000  1.85000000  0.53977952
 1.80000000  1.90000000  0.44731792
 1.80000000  1.95000000  0.35178414
 1.80000000  2.00000000  0.23547906
 1.80000000  2.05000000  0.09243015
 1.80000000  2.10000000 -0.06326501
 1.80000000  2.15000000 -0.21241834
 1.80000000  2.20000000 -0.33363007
 1.85000000 -0.25000000  0.31698039
 1.85000000 -0.20000000  0.27474833
 1.85000000 -0.15000000  0.25780241
 1.85000000 -0.10000000  0.29261564
 1.85000000 -0.05000000  0.41865953
 1.85000000  0.00000000  0.60896019
 1.85000000  0.05000000  0.83731149
 1.85000000  0.10000000  1.03552534
 1.85000000  0.15000000  1.15869709
 1.85000000  0.20000000  1.14767165
 1.85000000  0.25000000  0.99740568
 1.85000000  0.30000000  0.69618874
 1.85000000  0.35000000  0.30164355
 1.85000000  0.40000000 -0.15274494
 1.85000000  0.45000000 -0.57124640
 1.85000000  0.50000000 -0.91531609
 1.85000000  0.55000000 -1.15567425
 1.85000000  0.60000000 -1.25103690
 1.85000000  0.65000000 -1.21224929
 1.85000000  0.70000000 -1.06792159
 1.85000000  0.75000000 -0.86383009
 1.85000000  0.80000000 -0.66352757
 1.85000000  0.85000000 -0.51120249
 1.85000000  0.90000000 -0.42464677
 1.85000000  0.95000000 -0.44022521
 1.85000000  1.00000000 -0.51015330
 1.85000000  1.05000000 -0.59513295
 1.85000000  1.10000000 -0.65009229
 1.85000000  1.15000000 -0.62901437
 1.85000000  1.20000000 -0.48189380
 1.85000000  1.25000000 -0.21283194
 1.85000000  1.30000000  0.15377078
 1.85000000  1.35000000  0.55486728
 1.85000000  1.40000000  0.92202624
 1.85000000  1.45000000  1.18510297
 1.85000000  1.50000000  1.31212000
 1.85000000  1.55000000  1.27574837
 1.85000000  1.60000000  1.13348401
 1.85000000  1.65000000  0.92229630
 1.85000000  1.70000000  0.71187604
 1.85000000  1.75000000  0.55360824
 1.85000000  1.80000000  0.44761936
 1.85000000  1.85000000  0.37088980
 1.85000000  1.90000000  0.30394145
 1.85000000  1.95000000  0.21658271
 1.85000000  2.00000000  0.08494400
 1.85000000  2.05000000 -0.08924911
 1.85000000  2.10000000 -0.27939204
 1.85000000  2.15000000 -0.45495533
 1.85000000  2.20000000 -0.58982362
 1.90000000 -0.25000000  0.41559084
 1.90000000 -0.20000000  0.43922564
 1.90000000 -0.15000000  0.47687790
 1.90000000 -0.10000000  0.55425704
 1.90000000 -0.05000000  0.68081571
 1.90000000  0.00000000  0.85426518
 1.90000000  0.05000000  1.06207454
 1.90000000  0.10000000  1.23348455
 1.90000000  0.15000000  1.32908341
 1.90000000  0.20000000  1.29959460
 1.90000000  0.25000000  1.11295892
 1.90000000  0.30000000  0.78850606
 1.90000000  0.35000000  0.36970999
 1.90000000  0.40000000 -0.11962021
 1.90000000  0.45000000 -0.57426692
 1.90000000  0.50000000 -0.95940821
 1.90000000  0.55000000 -1.22877372
 1.90000000  0.60000000 -1.35098020
 1.90000000  0.65000000 -1.33181093
 1.90000000  0.70000000 -1.20143112
 1.90000000  0.75000000 -1.01010558
 1.90000000  0.80000000 -0.80433427
 1.90000000  0.85000000 -0.65200224
 1.90000000  0.90000000 -0.57195347
 1.90000000  0.95000000 -0.58079959
 1.90000000  1.00000000 -0.66123779
 1.90000000  1.05000000 -0.76123812
 1.90000000  1.10000000 -0.82915000
 1.90000000  1.15000000 -0.81353544
 1.90000000  1.20000000 -0.69544774
 1.90000000  1.25000000 -0.46252864
 1.90000000  1.30000000 -0.15196460
 1.90000000  1.35000000  0.17657832
 1.90000000  1.40000000  0.47336164
 1.90000000  1.45000000  0.67462023
 1.90000000  1.50000000  0.75221761
 1.90000000  1.55000000  0.70806233
 1.90000000  1.60000000  0.57556977
 1.90000000  1.65000000  0.41768220
 1.90000000  1.70000000  0.27907202
 1.90000000  1.75000000  0.20786450
 1.90000000  1.80000000  0.18572441
 1.90000000  1.85000000  0.18822191
 1.90000000  1.90000000  0.17017815
 1.90000000  1.95000000  0.11124078
 1.90000000  2.00000000 -0.02335863
 1.90000000  2.05000000 -0.20921482
 1.90000000  2.10000000 -0.41301322
 1.90000000  2.15000000 -0.61016676
 1.90000000  2.20000000 -0.75562257
 1.95000000 -0.25000000  0.42413720
 1.95000000 -0.20000000  0.53682738
 1.95000000 -0.15000000  0.64263720
 1.95000000 -0.10000000  0.76102414
 1.95000000 -0.05000000  0.91537563
 1.95000000  0.00000000  1.09040838
 1.95000000  0.05000000  1.27450820
 1.95000000  0.10000000  1.41042217
 1.95000000  0.15000000  1.48089503
 1.95000000  0.20000000  1.42363445
 1.95000000  0.25000000  1.22483841
 1.95000000  0.30000000  0.88679746
 1.95000000  0.35000000  0.44191143
 1.95000000  0.40000000 -0.04468202
 1.95000000  0.45000000 -0.51369073
 1.95000000  0.50000000 -0.92146294
 1.95000000  0.55000000 -1.21353350
 1.95000000  0.60000000 -1.36035756
 1.95000000  0.65000000 -1.37019483
 1.95000000  0.70000000 -1.25977120
 1.95000000  0.75000000 -1.08544378
 1.95000000  0.80000000 -0.90446114
 1.95000000  0.85000000 -0.75713292
 1.95000000  0.90000000 -0.68746840
 1.95000000  0.95000000 -0.69982124
 1.95000000  1.00000000 -0.77030065
 1.95000000  1.05000000 -0.86980136
 1.95000000  1.10000000 -0.93063634
 1.95000000  1.15000000 -0.92828177
 1.95000000  1.20000000 -0.83250760
 1.95000000  1.25000000 -0.63294387
 1.95000000  1.30000000 -0.38251711
 1.95000000  1.35000000 -0.12814984
 1.95000000  1.40000000  0.09734011
 1.95000000  1.45000000  0.21680950
 1.95000000  1.50000000  0.24857230
 1.95000000  1.55000000  0.16284708
 1.95000000  1.60000000  0.03910024
 1.95000000  1.65000000 -0.07401223
 1.95000000  1.70000000 -0.13400405
 1.95000000  1.75000000 -0.12148135
 1.95000000  1.80000000 -0.04598038
 1.95000000  1.85000000  0.03500644
 1.95000000  1.90000000  0.08054546
 1.95000000  1.95000000  0.05894362
 1.95000000  2.00000000 -0.05784586
 1.95000000  2.05000000 -0.23788759
 1.95000000  2.10000000 -0.45466328
 1.95000000  2.15000000 -0.66306226
 1.95000000  2.20000000 -0.83445097
 2.00000000 -0.25000000  0.38767461
 2.00000000 -0.20000000  0.57100513
 2.00000000 -0.15000000  0.73768697
 2.00000000 -0.10000000  0.91255746
 2.00000000 -0.05000000  1.07935632
 2.00000000  0.00000000  1.25632322
 2.00000000  0.05000000  1.42005353
 2.00000000  0.10000000  1.53823944
 2.00000000  0.15000000  1.58454480
 2.00000000  0.20000000  1.50869906
 2.00000000  0.25000000  1.31367076
 2.00000000  0.30000000  0.98770268
 2.00000000  0.35000000  0.55414197
 2.00000000  0.40000000  0.07396882
 2.00000000  0.45000000 -0.39355443
 2.00000000  0.50000000 -0.79901197
 2.00000000  0.55000000 -1.09681037
 2.00000000  0.60000000 -1.26579546
 2.00000000  0.65000000 -1.29573218
 2.00000000  0.70000000 -1.22618206
 2.00000000  0.75000000 -1.08832367
 2.00000000  0.80000000 -0.93863355
 2.00000000  0.85000000 -0.80811956
 2.00000000  0.90000000 -0.75825091
 2.00000000  0.95000000 -0.76715384
 2.00000000  1.00000000 -0.82723497
 2.00000000  1.05000000 -0.90740848
 2.00000000  1.10000000 -0.95837901
 2.00000000  1.15000000 -0.94161871
 2.00000000  1.20000000 -0.85075364
 2.00000000  1.25000000 -0.68297844
 2.00000000  1.30000000 -0.47900863
 2.00000000  1.35000000 -0.28922771
 2.00000000  1.40000000 -0.14083052
 2.00000000  1.45000000 -0.08873956
 2.00000000  1.50000000 -0.12233617
 2.00000000  1.55000000 -0.23362703
 2.00000000  1.60000000 -0.37043906
 2.00000000  1.65000000 -0.45259816
 2.00000000  1.70000000 -0.45080217
 2.00000000  1.75000000 -0.36510893
 2.00000000  1.80000000 -0.21245848
 2.00000000  1.85000000 -0.04653081
 2.00000000  1.90000000  0.05841705
 2.00000000  1.95000000  0.07570203
 2.00000000  2.00000000 -0.01981491
 2.00000000  2.05000000 -0.18533116
 2.00000000  2.10000000 -0.39329413
 2.00000000  2.15000000 -0.61878720
 2.00000000  2.20000000 -0.82025335
 2.05000000 -0.25000000  0.30053322
 2.05000000 -0.20000000  0.53830227
 2.05000000 -0.15000000  0.76577397
 2.05000000 -0.10000000  0.96382699
 2.05000000 -0.05000000  1.15568870
 2.05000000  0.00000000  1.32486327
 2.05000000  0.05000000  1.48636790
 2.05000000  0.10000000  1.58658550
 2.05000000  0.15000000  1.62889566
 2.05000000  0.20000000  1.56300610
 2.05000000  0.25000000  1.38546798
 2.05000000  0.30000000  1.08243461
 2.05000000  0.35000000  0.68868669
 2.05000000  0.40000000  0.25710382
 2.05000000  0.45000000 -0.18972296
 2.05000000  0.50000000 -0.57717506
 2.05000000  0.55000000 -0.87408303
 2.05000000  0.60000000 -1.05306894
 2.05000000  0.65000000 -1.11496379
 2.05000000  0.70000000 -1.08947519
 2.05000000  0.75000000 -0.99955207
 2.05000000  0.80000000 -0.87537027
 2.05000000  0.85000000 -0.78328560
 2.05000000  0.90000000 -0.73683301
 2.05000000  0.95000000 -0.74438049
 2.05000000  1.00000000 -0.78699923
 2.05000000  1.05000000 -0.83783566
 2.05000000  1.10000000 -0.85854697
 2.05000000  1.15000000 -0.82079280
 2.05000000  1.20000000 -0.71298980
 2.05000000  1.25000000 -0.55628367
 2.05000000  1.30000000 -0.38836526
 2.05000000  1.35000000 -0.24724862
 2.05000000  1.40000000 -0.17465987
 2.05000000  1.45000000 -0.18613605
 2.05000000  1.50000000 -0.29056194
 2.05000000  1.55000000 -0.44965166
 2.05000000  1.60000000 -0.59173579
 2.05000000  1.65000000 -0.67147778
 2.05000000  1.70000000 -0.63833848
 2.05000000  1.75000000 -0.49504094
 2.05000000  1.80000000 -0.28426335
 2.05000000  1.85000000 -0.07233037
 2.05000000  1.90000000  0.08270675
 2.05000000  1.95000000  0.13803988
 2.05000000  2.00000000  0.07278653
 2.05000000  2.05000000 -0.08364452
 2.05000000  2.10000000 -0.29351937
 2.05000000  2.15000000 -0.52228658
 2.05000000  2.20000000 -0.74421387
 2.10000000 -0.25000000  0.18277333
 2.10000000 -0.20000000  0.45047140
 2.10000000 -0.15000000  0.69630925
 2.10000000 -0.10000000  0.92436214
 2.10000000 -0.05000000  1.11867801
 2.10000000  0.00000000  1.29370242
 2.10000000  0.05000000  1.44701266
 2.10000000  0.10000000  1.56063598
 2.10000000  0.15000000  1.61233955
 2.10000000  0.20000000  1.58268479
 2.10000000  0.25000000  1.45035720
 2.10000000  0.30000000  1.20621109
 2.10000000  0.35000000  0.87064015
 2.10000000  0.40000000  0.48714083
 2.10000000  0.45000000  0.08744785
 2.10000000  0.50000000 -0.27571916
 2.10000000  0.55000000 -0.55658155
 2.10000000  0.60000000 -0.73862647
 2.10000000  0.65000000 -0.83253302
 2.10000000  0.70000000 -0.83872595
 2.10000000  0.75000000 -0.79088091
 2.10000000  0.80000000 -0.72172389
 2.10000000  0.85000000 -0.65799659
 2.10000000  0.90000000 -0.63398179
 2.10000000  0.95000000 -0.62552775
 2.10000000  1.00000000 -0.63937738
 2.10000000  1.05000000 -0.64534081
 2.10000000  1.10000000 -0.61662606
 2.10000000  1.15000000 -0.54355635
 2.10000000  1.20000000 -0.40938344
 2.10000000  1.25000000 -0.25624764
 2.10000000  1.30000000 -0.10594992
 2.10000000  1.35000000 -0.00875247
 2.10000000  1.40000000 -0.00151442
 2.10000000  1.45000000 -0.09572620
 2.10000000  1.50000000 -0.26229714
 2.10000000  1.55000000 -0.47714922
 2.10000000  1.60000000 -0.65715971
 2.10000000  1.65000000 -0.72995206
 2.10000000  1.70000000 -0.69194070
 2.10000000  1.75000000 -0.52898020
 2.10000000  1.80000000 -0.29023777
 2.10000000  1.85000000 -0.05079538
 2.10000000  1.90000000  0.12286860
 2.10000000  1.95000000  0.19361293
 2.10000000  2.00000000  0.15254458
 2.10000000  2.05000000  0.01331145
 2.10000000  2.10000000 -0.18776597
 2.10000000  2.15000000 -0.42686932
 2.10000000  2.20000000 -0.67531743
 2.15000000 -0.25000000  0.05042717
 2.15000000 -0.20000000  0.29958139
 2.15000000 -0.15000000  0.55513270
 2.15000000 -0.10000000  0.77474883
 2.15000000 -0.05000000  0.97975755
 2.15000000  0.00000000  1.15925669
 2.15000000  0.05000000  1.32476792
 2.15000000  0.10000000  1.46117152
 2.15000000  0.15000000  1.56475723
 2.15000000  0.20000000  1.58971241
 2.15000000  0.25000000  1.52781319
 2.15000000  0.30000000  1.35627506
 2.15000000  0.35000000  1.09857355
 2.15000000  0.40000000  0.77244191
 2.15000000  0.45000000  0.43127792
 2.15000000  0.50000000  0.11029061
 2.15000000  0.55000000 -0.15879657
 2.15000000  0.60000000 -0.36173888
 2.15000000  0.65000000 -0.46383967
 2.15000000  0.70000000 -0.50136740
 2.15000000  0.75000000 -0.50582546
 2.15000000  0.80000000 -0.47507955
 2.15000000  0.85000000 -0.43829447
 2.15000000  0.90000000 -0.41603773
 2.15000000  0.95000000 -0.40165795
 2.15000000  1.00000000 -0.37472086
 2.15000000  1.05000000 -0.32924979
 2.15000000  1.10000000 -0.24866147
 2.15000000  1.15000000 -0.11649759
 2.15000000  1.20000000  0.04282981
 2.15000000  1.25000000  0.21102365
 2.15000000  1.30000000  0.33484833
 2.15000000  1.35000000  0.37806246
 2.15000000  1.40000000  0.32561684
 2.15000000  1.45000000  0.15917322
 2.15000000  1.50000000 -0.09113532
 2.15000000  1.55000000 -0.34906374
 2.15000000  1.60000000 -0.55776018
 2.15000000  1.65000000 -0.67048496
 2.15000000  1.70000000 -0.64001369
 2.15000000  1.75000000 -0.49261317
 2.15000000  1.80000000 -0.26523389
 2.15000000  1.85000000 -0.03601188
 2.15000000  1.90000000  0.13694101
 2.15000000  1.95000000  0.21547033
 2.15000000  2.00000000  0.17871870
 2.15000000  2.05000000  0.03998335
 2.15000000  2.10000000 -0.15457129
 2.15000000  2.15000000 -0.38555099
 2.15000000  2.20000000 -0.66544623
 2.20000000 -0.25000000 -0.11953203
 2.20000000 -0.20000000  0.10110439
 2.20000000 -0.15000000  0.33474995
 2.20000000 -0.10000000  0.55785876
 2.20000000 -0.05000000  0.77058671
 2.20000000  0.00000000  0.96072802
 2.20000000  0.05000000  1.15515521
 2.20000000  0.10000000  1.34583756
 2.20000000  0.15000000  1.50393780
 2.20000000  0.20000000  1.60530961
 2.20000000  0.25000000  1.62740996
 2.20000000  0.30000000  1.54246898
 2.20000000  0.35000000  1.37171682
 2.20000000  0.40000000  1.11980529
 2.20000000  0.45000000  0.82190527
 2.20000000  0.50000000  0.53214561
 2.20000000  0.55000000  0.27298676
 2.20000000  0.60000000  0.07237513
 2.20000000  0.65000000 -0.05542789
 2.20000000  0.70000000 -0.12867171
 2.20000000  0.75000000 -0.16426389
 2.20000000  0.80000000 -0.16722207
 2.20000000  0.85000000 -0.15379440
 2.20000000  0.90000000 -0.13572175
 2.20000000  0.95000000 -0.08905046
 2.20000000  1.00000000 -0.03518628
 2.20000000  1.05000000  0.07359972
 2.20000000  1.10000000  0.21459545
 2.20000000  1.15000000  0.39581535
 2.20000000  1.20000000  0.59095089
 2.20000000  1.25000000  0.75609542
 2.20000000  1.30000000  0.86129716
 2.20000000  1.35000000  0.85592344
 2.20000000  1.40000000  0.73035660
 2.20000000  1.45000000  0.48681264
 2.20000000  1.50000000  0.18376883
 2.20000000  1.55000000 -0.13908821
 2.20000000  1.60000000 -0.40071840
 2.20000000  1.65000000 -0.54285217
 2.20000000  1.70000000 -0.54367838
 2.20000000  1.75000000 -0.42531531
 2.20000000  1.80000000 -0.23834935
 2.20000000  1.85000000 -0.04060843
 2.20000000  1.90000000  0.10147246
 2.20000000  1.95000000  0.15260093
 2.20000000  2.00000000  0.10418902
 2.20000000  2.05000000 -0.01020069
 2.20000000  2.10000000 -0.20811168
 2.20000000  2.15000000 -0.45839467
 2.20000000  2.20000000 -0.74808074
