LP
[-1.6050915824025982, -3.6714172040841841, -5.5654250661470579, -7.6317506878286441, -9.5257585498915187]
myqEI
[-1.6050915824025982, -3.2105981649628417, -3.153735919628434, -1.4323141144839677, 0.47732708395785473]
PE
[1.2476421648447806, 5.4404574333957409, 8.4013574342561199, 12.796014762574483, 20.060221168295499]
BUCB
[-3.1896175779245333, -4.1965687115767398, 1.3370835571631714, 7.2507744716393931, 10.862905663184613]
MLE H=4
[1.2476421648447806, 7.4676535026217374, 13.087933499307347, 19.307944837084303, 24.92822483376991]
H=1
[1.2476421648447806, 7.4676535026217374, 13.087933499307347, 19.307944837084303, 24.92822483376991]
H=2
[1.2476421648447806, 7.4676535026217374, 13.087933499307347, 19.307944837084303, 24.92822483376991]
H=3
[-3.1896175779245333, -3.6689843297345952, -1.6660314046961702, 0.36831770739243019, 2.3712706324308552]
LP
[1.2476421648447806, 1.1694364494380851, 2.4170786142828655, 2.3388728988761702, 3.5865150637209506]
myqEI
[1.1253501938586241, 4.1996498791733989, 10.146023279371667, 15.431803516385083, 21.685967337509858]
PE
[-3.1896175779245333, -4.1965687115767398, -2.3289718393161909, 1.9758517965123836, 8.3627049575986909]
BUCB
[-3.1896175779245333, -4.1965687115767398, 1.3370835571631714, 7.2507744716393931, 10.862905663184613]
MLE H=4
[1.2476421648447806, 7.4676535026217374, 13.087933499307347, 19.307944837084303, 24.92822483376991]
H=1
[1.2476421648447806, 7.4676535026217374, 13.087933499307347, 19.307944837084303, 24.92822483376991]
H=2
[1.2476421648447806, 7.4676535026217374, 13.087933499307347, 19.307944837084303, 24.92822483376991]
H=3
[-3.1896175779245333, -3.6689843297345952, -1.6660314046961702, 0.36831770739243019, 2.3712706324308552]
LP
[1.1253501938586241, 1.2503290201955266, 2.3756792140541507, 2.5006580403910532, 3.6260082342496771]
myqEI
[-1.6050915824025982, -3.6714172040841841, -4.8706147570487612, -5.5568950038314471, -4.8076241859333608]
PE
[1.2476421648447806, 5.4404574333957409, 8.4013574342561199, 12.796014762574483, 20.060221168295499]
BUCB
[1.2476421648447806, 7.4676535026217374, 10.596255455584625, 14.228845978487762, 18.41629475926009]
MLE H=4
[1.2476421648447806, 7.4676535026217374, 13.087933499307347, 19.307944837084303, 24.92822483376991]
H=1
[1.2476421648447806, 7.4676535026217374, 13.087933499307347, 19.307944837084303, 24.92822483376991]
H=2
[1.2476421648447806, 7.4676535026217374, 13.087933499307347, 19.307944837084303, 24.92822483376991]
H=3
[-3.1896175779245333, -3.6689843297345952, -1.6660314046961702, 0.36831770739243019, 2.3712706324308552]
