Physical State
[[ 0.6   0.75]
 [ 0.6   0.7 ]
 [ 0.6   0.65]
 [ 0.6   0.6 ]]
Locations
[[ 1.    1.  ]
 [ 0.95  1.  ]
 [ 0.9   1.  ]
 [ 0.85  1.  ]
 [ 0.8   1.  ]
 [ 0.8   0.95]
 [ 0.8   0.9 ]
 [ 0.8   0.85]
 [ 0.8   0.8 ]
 [ 0.75  0.8 ]
 [ 0.7   0.8 ]
 [ 0.65  0.8 ]
 [ 0.6   0.8 ]
 [ 0.6   0.75]
 [ 0.6   0.7 ]
 [ 0.6   0.65]
 [ 0.6   0.6 ]]
Measurements
[-0.24804094 -0.01953251  0.22526531  0.47649905  0.71204733  0.46225847
  0.23529281  0.05761673 -0.05424298  0.37627012  0.65763915  0.77233264
  0.75768828  0.68541617  0.64361725  0.63631119  0.65306582]
Total accumulated reward = 7.27754481532
Nodes expanded = -1.0