Physical State
[[ 1.    1.05]
 [ 1.    1.1 ]
 [ 1.    1.15]
 [ 1.    1.2 ]]
Locations
[[ 1.    1.  ]
 [ 1.    0.95]
 [ 1.    0.9 ]
 [ 1.    0.85]
 [ 1.    0.8 ]
 [ 1.    0.85]
 [ 1.    0.9 ]
 [ 1.    0.95]
 [ 1.    1.  ]
 [ 1.    1.05]
 [ 1.    1.1 ]
 [ 1.    1.15]
 [ 1.    1.2 ]]
Measurements
[ 0.03799932  0.07111351  0.14961521  0.22052967  0.23355698  0.22052967
  0.14961521  0.07111351  0.03799932  0.07099141  0.19719536  0.38286907
  0.58423098]
Total accumulated reward = 2.38935989274
Nodes expanded = -1