Physical State
[[ 1.15  1.2 ]
 [ 1.1   1.2 ]
 [ 1.05  1.2 ]
 [ 1.    1.2 ]]
Locations
[[ 1.    1.  ]
 [ 1.05  1.  ]
 [ 1.1   1.  ]
 [ 1.15  1.  ]
 [ 1.2   1.  ]
 [ 1.2   1.05]
 [ 1.2   1.1 ]
 [ 1.2   1.15]
 [ 1.2   1.2 ]
 [ 1.15  1.2 ]
 [ 1.1   1.2 ]
 [ 1.05  1.2 ]
 [ 1.    1.2 ]]
Measurements
[-0.24804094 -0.45451742 -0.63743021 -0.80919221 -0.96246588 -0.54986095
 -0.1616977   0.15163587  0.38611962  0.73191301  1.08485632  1.38015384
  1.58545926]
Total accumulated reward = 1.74497353773
Nodes expanded = -1.0