Physical State
[[ 0.8   1.25]
 [ 0.8   1.3 ]
 [ 0.8   1.35]
 [ 0.8   1.4 ]]
Locations
[[ 1.    1.  ]
 [ 1.    1.05]
 [ 1.    1.1 ]
 [ 1.    1.15]
 [ 1.    1.2 ]
 [ 0.95  1.2 ]
 [ 0.9   1.2 ]
 [ 0.85  1.2 ]
 [ 0.8   1.2 ]
 [ 0.8   1.25]
 [ 0.8   1.3 ]
 [ 0.8   1.35]
 [ 0.8   1.4 ]]
Measurements
[-0.45359257 -0.24476767 -0.09463167  0.06205431  0.26878746  0.28722092
  0.30936942  0.30294996  0.24286218  0.20485622  0.20632465  0.25066737
  0.33186644]
Total accumulated reward = 2.12755957632
Nodes expanded = -1.0