Physical State
[[ 0.8   1.25]
 [ 0.8   1.3 ]
 [ 0.8   1.35]
 [ 0.8   1.4 ]]
Locations
[[ 1.    1.  ]
 [ 1.    1.05]
 [ 1.    1.1 ]
 [ 1.    1.15]
 [ 1.    1.2 ]
 [ 0.95  1.2 ]
 [ 0.9   1.2 ]
 [ 0.85  1.2 ]
 [ 0.8   1.2 ]
 [ 0.8   1.25]
 [ 0.8   1.3 ]
 [ 0.8   1.35]
 [ 0.8   1.4 ]]
Measurements
[ -1.23180961e-03   1.51493140e-01   4.45556091e-01   8.56873291e-01
   1.32461607e+00   1.44713093e+00   1.48988769e+00   1.45671051e+00
   1.32998256e+00   1.40519645e+00   1.34077378e+00   1.08753417e+00
   6.58292036e-01]
Total accumulated reward = 12.994046719
Nodes expanded = -1.0