Physical State
[[ 0.95  0.8 ]
 [ 0.9   0.8 ]
 [ 0.85  0.8 ]
 [ 0.8   0.8 ]]
Locations
[[ 1.    1.  ]
 [ 1.    1.05]
 [ 1.    1.1 ]
 [ 1.    1.15]
 [ 1.    1.2 ]
 [ 1.    1.15]
 [ 1.    1.1 ]
 [ 1.    1.05]
 [ 1.    1.  ]
 [ 1.    0.95]
 [ 1.    0.9 ]
 [ 1.    0.85]
 [ 1.    0.8 ]
 [ 0.95  0.8 ]
 [ 0.9   0.8 ]
 [ 0.85  0.8 ]
 [ 0.8   0.8 ]]
Measurements
[ 0.47184674  0.26526985  0.05091935 -0.14707016 -0.3039348  -0.14707016
  0.05091935  0.26526985  0.47184674  0.65171033  0.77204081  0.82373349
  0.78806029  0.72441193  0.56455962  0.36166646  0.14948545]
Total accumulated reward = 5.34181842281
Nodes expanded = -1