-0.25000000 -0.25000000  0.04993667
-0.25000000 -0.20000000  0.09241955
-0.25000000 -0.15000000  0.12512702
-0.25000000 -0.10000000  0.16336958
-0.25000000 -0.05000000  0.23230069
-0.25000000  0.00000000  0.33782293
-0.25000000  0.05000000  0.46941960
-0.25000000  0.10000000  0.61157269
-0.25000000  0.15000000  0.73571820
-0.25000000  0.20000000  0.80672170
-0.25000000  0.25000000  0.82575475
-0.25000000  0.30000000  0.76004300
-0.25000000  0.35000000  0.62442535
-0.25000000  0.40000000  0.42318843
-0.25000000  0.45000000  0.17352501
-0.25000000  0.50000000 -0.10360387
-0.25000000  0.55000000 -0.39619382
-0.25000000  0.60000000 -0.68637980
-0.25000000  0.65000000 -0.98553268
-0.25000000  0.70000000 -1.27558271
-0.25000000  0.75000000 -1.53738870
-0.25000000  0.80000000 -1.77784605
-0.25000000  0.85000000 -1.94727364
-0.25000000  0.90000000 -2.01610738
-0.25000000  0.95000000 -1.99785336
-0.25000000  1.00000000 -1.88085751
-0.25000000  1.05000000 -1.69923452
-0.25000000  1.10000000 -1.47968152
-0.25000000  1.15000000 -1.26431814
-0.25000000  1.20000000 -1.05041449
-0.25000000  1.25000000 -0.85734575
-0.25000000  1.30000000 -0.66639976
-0.25000000  1.35000000 -0.46498290
-0.25000000  1.40000000 -0.25146002
-0.25000000  1.45000000 -0.02875368
-0.25000000  1.50000000  0.19078725
-0.25000000  1.55000000  0.41624275
-0.25000000  1.60000000  0.59935058
-0.25000000  1.65000000  0.74574800
-0.25000000  1.70000000  0.83010642
-0.25000000  1.75000000  0.83632981
-0.25000000  1.80000000  0.73690958
-0.25000000  1.85000000  0.54642231
-0.25000000  1.90000000  0.28557871
-0.25000000  1.95000000 -0.01380790
-0.25000000  2.00000000 -0.31155897
-0.25000000  2.05000000 -0.58220499
-0.25000000  2.10000000 -0.80956850
-0.25000000  2.15000000 -1.01315728
-0.25000000  2.20000000 -1.17837741
-0.20000000 -0.25000000 -0.06294688
-0.20000000 -0.20000000 -0.03891524
-0.20000000 -0.15000000 -0.01841941
-0.20000000 -0.10000000  0.01702756
-0.20000000 -0.05000000  0.09251335
-0.20000000  0.00000000  0.20823000
-0.20000000  0.05000000  0.33475357
-0.20000000  0.10000000  0.47331734
-0.20000000  0.15000000  0.60192589
-0.20000000  0.20000000  0.68975771
-0.20000000  0.25000000  0.74567023
-0.20000000  0.30000000  0.73630960
-0.20000000  0.35000000  0.68540744
-0.20000000  0.40000000  0.57313978
-0.20000000  0.45000000  0.42802152
-0.20000000  0.50000000  0.23820887
-0.20000000  0.55000000  0.02276069
-0.20000000  0.60000000 -0.22999928
-0.20000000  0.65000000 -0.51896065
-0.20000000  0.70000000 -0.83295833
-0.20000000  0.75000000 -1.15355527
-0.20000000  0.80000000 -1.45802653
-0.20000000  0.85000000 -1.68790095
-0.20000000  0.90000000 -1.82153734
-0.20000000  0.95000000 -1.83109587
-0.20000000  1.00000000 -1.72911386
-0.20000000  1.05000000 -1.54642050
-0.20000000  1.10000000 -1.32995166
-0.20000000  1.15000000 -1.10758715
-0.20000000  1.20000000 -0.89689109
-0.20000000  1.25000000 -0.70630617
-0.20000000  1.30000000 -0.51930402
-0.20000000  1.35000000 -0.31930990
-0.20000000  1.40000000 -0.11197403
-0.20000000  1.45000000  0.09804877
-0.20000000  1.50000000  0.31652852
-0.20000000  1.55000000  0.52498614
-0.20000000  1.60000000  0.70765930
-0.20000000  1.65000000  0.84388957
-0.20000000  1.70000000  0.91731019
-0.20000000  1.75000000  0.91779081
-0.20000000  1.80000000  0.79693573
-0.20000000  1.85000000  0.60069355
-0.20000000  1.90000000  0.32911889
-0.20000000  1.95000000  0.01991250
-0.20000000  2.00000000 -0.28611066
-0.20000000  2.05000000 -0.56624674
-0.20000000  2.10000000 -0.80700262
-0.20000000  2.15000000 -1.00126379
-0.20000000  2.20000000 -1.15032127
-0.15000000 -0.25000000 -0.12528286
-0.15000000 -0.20000000 -0.10116001
-0.15000000 -0.15000000 -0.08245952
-0.15000000 -0.10000000 -0.03150827
-0.15000000 -0.05000000  0.05028251
-0.15000000  0.00000000  0.17292750
-0.15000000  0.05000000  0.30728318
-0.15000000  0.10000000  0.44551719
-0.15000000  0.15000000  0.56522679
-0.15000000  0.20000000  0.65589751
-0.15000000  0.25000000  0.71075538
-0.15000000  0.30000000  0.73668358
-0.15000000  0.35000000  0.73452786
-0.15000000  0.40000000  0.69156171
-0.15000000  0.45000000  0.62967737
-0.15000000  0.50000000  0.52139954
-0.15000000  0.55000000  0.37289489
-0.15000000  0.60000000  0.17712506
-0.15000000  0.65000000 -0.09315209
-0.15000000  0.70000000 -0.40081462
-0.15000000  0.75000000 -0.74347723
-0.15000000  0.80000000 -1.07084257
-0.15000000  0.85000000 -1.34665083
-0.15000000  0.90000000 -1.50577334
-0.15000000  0.95000000 -1.55762426
-0.15000000  1.00000000 -1.47837668
-0.15000000  1.05000000 -1.32894884
-0.15000000  1.10000000 -1.13021280
-0.15000000  1.15000000 -0.92687960
-0.15000000  1.20000000 -0.74122566
-0.15000000  1.25000000 -0.56374249
-0.15000000  1.30000000 -0.39345814
-0.15000000  1.35000000 -0.21907185
-0.15000000  1.40000000 -0.02845148
-0.15000000  1.45000000  0.15469803
-0.15000000  1.50000000  0.34218758
-0.15000000  1.55000000  0.51884409
-0.15000000  1.60000000  0.67417722
-0.15000000  1.65000000  0.79800942
-0.15000000  1.70000000  0.86427548
-0.15000000  1.75000000  0.84943236
-0.15000000  1.80000000  0.75913465
-0.15000000  1.85000000  0.56485887
-0.15000000  1.90000000  0.31594788
-0.15000000  1.95000000  0.03487899
-0.15000000  2.00000000 -0.24812334
-0.15000000  2.05000000 -0.50725154
-0.15000000  2.10000000 -0.72638560
-0.15000000  2.15000000 -0.91474818
-0.15000000  2.20000000 -1.07054313
-0.10000000 -0.25000000 -0.15125342
-0.10000000 -0.20000000 -0.12602209
-0.10000000 -0.15000000 -0.08807127
-0.10000000 -0.10000000 -0.02625599
-0.10000000 -0.05000000  0.07589471
-0.10000000  0.00000000  0.20681170
-0.10000000  0.05000000  0.35336825
-0.10000000  0.10000000  0.48168321
-0.10000000  0.15000000  0.58582516
-0.10000000  0.20000000  0.65613628
-0.10000000  0.25000000  0.70653441
-0.10000000  0.30000000  0.74097146
-0.10000000  0.35000000  0.75548233
-0.10000000  0.40000000  0.75324648
-0.10000000  0.45000000  0.74098919
-0.10000000  0.50000000  0.70492563
-0.10000000  0.55000000  0.61849694
-0.10000000  0.60000000  0.47100646
-0.10000000  0.65000000  0.25204487
-0.10000000  0.70000000 -0.02878037
-0.10000000  0.75000000 -0.36016385
-0.10000000  0.80000000 -0.68618261
-0.10000000  0.85000000 -0.97232893
-0.10000000  0.90000000 -1.17066894
-0.10000000  0.95000000 -1.24821232
-0.10000000  1.00000000 -1.20950652
-0.10000000  1.05000000 -1.09664891
-0.10000000  1.10000000 -0.94513324
-0.10000000  1.15000000 -0.77976553
-0.10000000  1.20000000 -0.63415637
-0.10000000  1.25000000 -0.49867635
-0.10000000  1.30000000 -0.35698534
-0.10000000  1.35000000 -0.20412752
-0.10000000  1.40000000 -0.06396615
-0.10000000  1.45000000  0.08673349
-0.10000000  1.50000000  0.23416106
-0.10000000  1.55000000  0.37786049
-0.10000000  1.60000000  0.49858214
-0.10000000  1.65000000  0.59934022
-0.10000000  1.70000000  0.67206537
-0.10000000  1.75000000  0.67051285
-0.10000000  1.80000000  0.60379209
-0.10000000  1.85000000  0.46344715
-0.10000000  1.90000000  0.27116219
-0.10000000  1.95000000  0.03636026
-0.10000000  2.00000000 -0.19485735
-0.10000000  2.05000000 -0.40799685
-0.10000000  2.10000000 -0.60822388
-0.10000000  2.15000000 -0.77227164
-0.10000000  2.20000000 -0.93242201
-0.05000000 -0.25000000 -0.15489875
-0.05000000 -0.20000000 -0.13218207
-0.05000000 -0.15000000 -0.08642354
-0.05000000 -0.10000000 -0.00410341
-0.05000000 -0.05000000  0.13024081
-0.05000000  0.00000000  0.27564899
-0.05000000  0.05000000  0.41992592
-0.05000000  0.10000000  0.54025865
-0.05000000  0.15000000  0.62739484
-0.05000000  0.20000000  0.67191323
-0.05000000  0.25000000  0.69580135
-0.05000000  0.30000000  0.70511064
-0.05000000  0.35000000  0.71853074
-0.05000000  0.40000000  0.74279224
-0.05000000  0.45000000  0.76492558
-0.05000000  0.50000000  0.76997060
-0.05000000  0.55000000  0.73106992
-0.05000000  0.60000000  0.65501911
-0.05000000  0.65000000  0.48844134
-0.05000000  0.70000000  0.25479260
-0.05000000  0.75000000 -0.04590985
-0.05000000  0.80000000 -0.36629526
-0.05000000  0.85000000 -0.64331494
-0.05000000  0.90000000 -0.85751653
-0.05000000  0.95000000 -0.96572622
-0.05000000  1.00000000 -0.97704987
-0.05000000  1.05000000 -0.92062587
-0.05000000  1.10000000 -0.82759586
-0.05000000  1.15000000 -0.72021907
-0.05000000  1.20000000 -0.63358567
-0.05000000  1.25000000 -0.53201620
-0.05000000  1.30000000 -0.42867560
-0.05000000  1.35000000 -0.32345410
-0.05000000  1.40000000 -0.21094186
-0.05000000  1.45000000 -0.10468540
-0.05000000  1.50000000 -0.00265525
-0.05000000  1.55000000  0.09192507
-0.05000000  1.60000000  0.18134111
-0.05000000  1.65000000  0.27460037
-0.05000000  1.70000000  0.34632762
-0.05000000  1.75000000  0.37197608
-0.05000000  1.80000000  0.36774043
-0.05000000  1.85000000  0.29293952
-0.05000000  1.90000000  0.18160266
-0.05000000  1.95000000  0.02275169
-0.05000000  2.00000000 -0.13432642
-0.05000000  2.05000000 -0.29061599
-0.05000000  2.10000000 -0.44882683
-0.05000000  2.15000000 -0.60207392
-0.05000000  2.20000000 -0.75454111
 0.00000000 -0.25000000 -0.14758188
 0.00000000 -0.20000000 -0.13362691
 0.00000000 -0.15000000 -0.08150524
 0.00000000 -0.10000000  0.02027336
 0.00000000 -0.05000000  0.16612407
 0.00000000  0.00000000  0.33011988
 0.00000000  0.05000000  0.47893826
 0.00000000  0.10000000  0.58267053
 0.00000000  0.15000000  0.64064368
 0.00000000  0.20000000  0.65614456
 0.00000000  0.25000000  0.64612559
 0.00000000  0.30000000  0.62668666
 0.00000000  0.35000000  0.62425873
 0.00000000  0.40000000  0.65190875
 0.00000000  0.45000000  0.68734080
 0.00000000  0.50000000  0.72273265
 0.00000000  0.55000000  0.73817495
 0.00000000  0.60000000  0.70513668
 0.00000000  0.65000000  0.59856433
 0.00000000  0.70000000  0.42365758
 0.00000000  0.75000000  0.16428598
 0.00000000  0.80000000 -0.11442514
 0.00000000  0.85000000 -0.39071359
 0.00000000  0.90000000 -0.60860172
 0.00000000  0.95000000 -0.75211115
 0.00000000  1.00000000 -0.81922028
 0.00000000  1.05000000 -0.82425880
 0.00000000  1.10000000 -0.79477935
 0.00000000  1.15000000 -0.75924606
 0.00000000  1.20000000 -0.71817370
 0.00000000  1.25000000 -0.65907464
 0.00000000  1.30000000 -0.59572498
 0.00000000  1.35000000 -0.52276616
 0.00000000  1.40000000 -0.45831455
 0.00000000  1.45000000 -0.40013431
 0.00000000  1.50000000 -0.34832253
 0.00000000  1.55000000 -0.30354556
 0.00000000  1.60000000 -0.23991651
 0.00000000  1.65000000 -0.15230128
 0.00000000  1.70000000 -0.06684886
 0.00000000  1.75000000  0.01415373
 0.00000000  1.80000000  0.07312416
 0.00000000  1.85000000  0.09463747
 0.00000000  1.90000000  0.06866385
 0.00000000  1.95000000  0.00499365
 0.00000000  2.00000000 -0.07300686
 0.00000000  2.05000000 -0.17018041
 0.00000000  2.10000000 -0.27960505
 0.00000000  2.15000000 -0.41289478
 0.00000000  2.20000000 -0.57026535
 0.05000000 -0.25000000 -0.12867399
 0.05000000 -0.20000000 -0.14688405
 0.05000000 -0.15000000 -0.09447378
 0.05000000 -0.10000000  0.02160578
 0.05000000 -0.05000000  0.17477659
 0.05000000  0.00000000  0.34033859
 0.05000000  0.05000000  0.48849679
 0.05000000  0.10000000  0.56903265
 0.05000000  0.15000000  0.59761319
 0.05000000  0.20000000  0.58805464
 0.05000000  0.25000000  0.54241746
 0.05000000  0.30000000  0.50842095
 0.05000000  0.35000000  0.48605964
 0.05000000  0.40000000  0.49490095
 0.05000000  0.45000000  0.53813871
 0.05000000  0.50000000  0.59998617
 0.05000000  0.55000000  0.64658521
 0.05000000  0.60000000  0.65987771
 0.05000000  0.65000000  0.60437385
 0.05000000  0.70000000  0.47842923
 0.05000000  0.75000000  0.27262060
 0.05000000  0.80000000  0.03373739
 0.05000000  0.85000000 -0.21289268
 0.05000000  0.90000000 -0.43440398
 0.05000000  0.95000000 -0.59861587
 0.05000000  1.00000000 -0.71359481
 0.05000000  1.05000000 -0.78214697
 0.05000000  1.10000000 -0.82437495
 0.05000000  1.15000000 -0.83818067
 0.05000000  1.20000000 -0.85473571
 0.05000000  1.25000000 -0.84278876
 0.05000000  1.30000000 -0.81361793
 0.05000000  1.35000000 -0.77963171
 0.05000000  1.40000000 -0.75818092
 0.05000000  1.45000000 -0.75136347
 0.05000000  1.50000000 -0.75367560
 0.05000000  1.55000000 -0.73974773
 0.05000000  1.60000000 -0.71063275
 0.05000000  1.65000000 -0.61988614
 0.05000000  1.70000000 -0.51266420
 0.05000000  1.75000000 -0.37455027
 0.05000000  1.80000000 -0.23390711
 0.05000000  1.85000000 -0.12560944
 0.05000000  1.90000000 -0.05609742
 0.05000000  1.95000000 -0.02123991
 0.05000000  2.00000000 -0.01928249
 0.05000000  2.05000000 -0.05520491
 0.05000000  2.10000000 -0.12474114
 0.05000000  2.15000000 -0.23904070
 0.05000000  2.20000000 -0.40177816
 0.10000000 -0.25000000 -0.11574282
 0.10000000 -0.20000000 -0.16064305
 0.10000000 -0.15000000 -0.11365964
 0.10000000 -0.10000000 -0.01496844
 0.10000000 -0.05000000  0.13784456
 0.10000000  0.00000000  0.27931954
 0.10000000  0.05000000  0.40339963
 0.10000000  0.10000000  0.47497715
 0.10000000  0.15000000  0.48596789
 0.10000000  0.20000000  0.45332910
 0.10000000  0.25000000  0.39751500
 0.10000000  0.30000000  0.34850121
 0.10000000  0.35000000  0.31340615
 0.10000000  0.40000000  0.32262477
 0.10000000  0.45000000  0.36286612
 0.10000000  0.50000000  0.42133497
 0.10000000  0.55000000  0.48905580
 0.10000000  0.60000000  0.53016514
 0.10000000  0.65000000  0.51994804
 0.10000000  0.70000000  0.44154188
 0.10000000  0.75000000  0.29073269
 0.10000000  0.80000000  0.10248597
 0.10000000  0.85000000 -0.10985111
 0.10000000  0.90000000 -0.31657574
 0.10000000  0.95000000 -0.50250563
 0.10000000  1.00000000 -0.64405463
 0.10000000  1.05000000 -0.75804423
 0.10000000  1.10000000 -0.85761377
 0.10000000  1.15000000 -0.93512762
 0.10000000  1.20000000 -0.98247614
 0.10000000  1.25000000 -1.01441506
 0.10000000  1.30000000 -1.02460955
 0.10000000  1.35000000 -1.03865119
 0.10000000  1.40000000 -1.05903768
 0.10000000  1.45000000 -1.10027256
 0.10000000  1.50000000 -1.14684790
 0.10000000  1.55000000 -1.17944356
 0.10000000  1.60000000 -1.15772453
 0.10000000  1.65000000 -1.08317857
 0.10000000  1.70000000 -0.93415913
 0.10000000  1.75000000 -0.74817066
 0.10000000  1.80000000 -0.54368194
 0.10000000  1.85000000 -0.34605029
 0.10000000  1.90000000 -0.18752411
 0.10000000  1.95000000 -0.06157627
 0.10000000  2.00000000  0.00496910
 0.10000000  2.05000000  0.02418756
 0.10000000  2.10000000 -0.01024385
 0.10000000  2.15000000 -0.10862502
 0.10000000  2.20000000 -0.27404431
 0.15000000 -0.25000000 -0.10427608
 0.15000000 -0.20000000 -0.18515459
 0.15000000 -0.15000000 -0.18029475
 0.15000000 -0.10000000 -0.10575971
 0.15000000 -0.05000000  0.02054195
 0.15000000  0.00000000  0.13960698
 0.15000000  0.05000000  0.23585217
 0.15000000  0.10000000  0.28419603
 0.15000000  0.15000000  0.28896265
 0.15000000  0.20000000  0.26005028
 0.15000000  0.25000000  0.21919642
 0.15000000  0.30000000  0.17795074
 0.15000000  0.35000000  0.14944199
 0.15000000  0.40000000  0.15431728
 0.15000000  0.45000000  0.19436144
 0.15000000  0.50000000  0.25161623
 0.15000000  0.55000000  0.30808324
 0.15000000  0.60000000  0.36211796
 0.15000000  0.65000000  0.37720295
 0.15000000  0.70000000  0.33394799
 0.15000000  0.75000000  0.24094252
 0.15000000  0.80000000  0.10350621
 0.15000000  0.85000000 -0.06780907
 0.15000000  0.90000000 -0.24364269
 0.15000000  0.95000000 -0.40936911
 0.15000000  1.00000000 -0.57518120
 0.15000000  1.05000000 -0.72518822
 0.15000000  1.10000000 -0.86630056
 0.15000000  1.15000000 -0.98003292
 0.15000000  1.20000000 -1.07215199
 0.15000000  1.25000000 -1.13905110
 0.15000000  1.30000000 -1.19453142
 0.15000000  1.35000000 -1.24000474
 0.15000000  1.40000000 -1.31625481
 0.15000000  1.45000000 -1.39518850
 0.15000000  1.50000000 -1.48410951
 0.15000000  1.55000000 -1.54237036
 0.15000000  1.60000000 -1.54556895
 0.15000000  1.65000000 -1.47528673
 0.15000000  1.70000000 -1.30138840
 0.15000000  1.75000000 -1.07061281
 0.15000000  1.80000000 -0.80544573
 0.15000000  1.85000000 -0.54907290
 0.15000000  1.90000000 -0.31705760
 0.15000000  1.95000000 -0.12671971
 0.15000000  2.00000000  0.00351655
 0.15000000  2.05000000  0.06872126
 0.15000000  2.10000000  0.05631111
 0.15000000  2.15000000 -0.03318942
 0.15000000  2.20000000 -0.20377267
 0.20000000 -0.25000000 -0.13374113
 0.20000000 -0.20000000 -0.25150254
 0.20000000 -0.15000000 -0.28791776
 0.20000000 -0.10000000 -0.24125847
 0.20000000 -0.05000000 -0.16923589
 0.20000000  0.00000000 -0.08089228
 0.20000000  0.05000000 -0.02496385
 0.20000000  0.10000000  0.01597571
 0.20000000  0.15000000  0.02331448
 0.20000000  0.20000000  0.03214410
 0.20000000  0.25000000  0.02297383
 0.20000000  0.30000000  0.02062203
 0.20000000  0.35000000  0.02198644
 0.20000000  0.40000000  0.04420671
 0.20000000  0.45000000  0.07196271
 0.20000000  0.50000000  0.10475860
 0.20000000  0.55000000  0.14389476
 0.20000000  0.60000000  0.17699902
 0.20000000  0.65000000  0.19459894
 0.20000000  0.70000000  0.17571457
 0.20000000  0.75000000  0.12974914
 0.20000000  0.80000000  0.05046979
 0.20000000  0.85000000 -0.05499687
 0.20000000  0.90000000 -0.18208448
 0.20000000  0.95000000 -0.33174576
 0.20000000  1.00000000 -0.48872608
 0.20000000  1.05000000 -0.65261482
 0.20000000  1.10000000 -0.81738626
 0.20000000  1.15000000 -0.96938949
 0.20000000  1.20000000 -1.10451617
 0.20000000  1.25000000 -1.20919595
 0.20000000  1.30000000 -1.30008837
 0.20000000  1.35000000 -1.38696401
 0.20000000  1.40000000 -1.49674912
 0.20000000  1.45000000 -1.62348708
 0.20000000  1.50000000 -1.74407294
 0.20000000  1.55000000 -1.82676734
 0.20000000  1.60000000 -1.84216705
 0.20000000  1.65000000 -1.75993844
 0.20000000  1.70000000 -1.57936249
 0.20000000  1.75000000 -1.32091016
 0.20000000  1.80000000 -1.02207711
 0.20000000  1.85000000 -0.71685186
 0.20000000  1.90000000 -0.44422111
 0.20000000  1.95000000 -0.20556198
 0.20000000  2.00000000 -0.04003353
 0.20000000  2.05000000  0.04698540
 0.20000000  2.10000000  0.05194820
 0.20000000  2.15000000 -0.03505960
 0.20000000  2.20000000 -0.20155771
 0.25000000 -0.25000000 -0.21379668
 0.25000000 -0.20000000 -0.36197512
 0.25000000 -0.15000000 -0.44038942
 0.25000000 -0.10000000 -0.45721421
 0.25000000 -0.05000000 -0.42569209
 0.25000000  0.00000000 -0.38381906
 0.25000000  0.05000000 -0.34283910
 0.25000000  0.10000000 -0.30569774
 0.25000000  0.15000000 -0.25510941
 0.25000000  0.20000000 -0.21276138
 0.25000000  0.25000000 -0.15934615
 0.25000000  0.30000000 -0.10598625
 0.25000000  0.35000000 -0.04962659
 0.25000000  0.40000000 -0.01721716
 0.25000000  0.45000000  0.00299872
 0.25000000  0.50000000  0.00393511
 0.25000000  0.55000000  0.00419675
 0.25000000  0.60000000  0.00860824
 0.25000000  0.65000000  0.01194565
 0.25000000  0.70000000  0.00551211
 0.25000000  0.75000000 -0.00739306
 0.25000000  0.80000000 -0.03022926
 0.25000000  0.85000000 -0.07517371
 0.25000000  0.90000000 -0.15464159
 0.25000000  0.95000000 -0.26113653
 0.25000000  1.00000000 -0.39630425
 0.25000000  1.05000000 -0.56699280
 0.25000000  1.10000000 -0.74607800
 0.25000000  1.15000000 -0.92720256
 0.25000000  1.20000000 -1.08082810
 0.25000000  1.25000000 -1.22489864
 0.25000000  1.30000000 -1.34780827
 0.25000000  1.35000000 -1.48446791
 0.25000000  1.40000000 -1.62043052
 0.25000000  1.45000000 -1.77665951
 0.25000000  1.50000000 -1.92427373
 0.25000000  1.55000000 -2.02136086
 0.25000000  1.60000000 -2.03944695
 0.25000000  1.65000000 -1.95540226
 0.25000000  1.70000000 -1.76575573
 0.25000000  1.75000000 -1.49658869
 0.25000000  1.80000000 -1.16982300
 0.25000000  1.85000000 -0.85030130
 0.25000000  1.90000000 -0.54110960
 0.25000000  1.95000000 -0.29767938
 0.25000000  2.00000000 -0.11579283
 0.25000000  2.05000000 -0.00310054
 0.25000000  2.10000000 -0.00027612
 0.25000000  2.15000000 -0.06933269
 0.25000000  2.20000000 -0.24602931
 0.30000000 -0.25000000 -0.34760766
 0.30000000 -0.20000000 -0.53025146
 0.30000000 -0.15000000 -0.65093244
 0.30000000 -0.10000000 -0.71179818
 0.30000000 -0.05000000 -0.73431305
 0.30000000  0.00000000 -0.73170427
 0.30000000  0.05000000 -0.70972984
 0.30000000  0.10000000 -0.65268076
 0.30000000  0.15000000 -0.55757579
 0.30000000  0.20000000 -0.44734698
 0.30000000  0.25000000 -0.31835023
 0.30000000  0.30000000 -0.18326479
 0.30000000  0.35000000 -0.08673110
 0.30000000  0.40000000 -0.01132647
 0.30000000  0.45000000 -0.00758427
 0.30000000  0.50000000 -0.03327066
 0.30000000  0.55000000 -0.08295993
 0.30000000  0.60000000 -0.13491817
 0.30000000  0.65000000 -0.15773780
 0.30000000  0.70000000 -0.16014510
 0.30000000  0.75000000 -0.15070602
 0.30000000  0.80000000 -0.13398306
 0.30000000  0.85000000 -0.12006372
 0.30000000  0.90000000 -0.14086407
 0.30000000  0.95000000 -0.21361891
 0.30000000  1.00000000 -0.32240842
 0.30000000  1.05000000 -0.47876654
 0.30000000  1.10000000 -0.66722268
 0.30000000  1.15000000 -0.86382322
 0.30000000  1.20000000 -1.05474744
 0.30000000  1.25000000 -1.22690962
 0.30000000  1.30000000 -1.38186232
 0.30000000  1.35000000 -1.54763508
 0.30000000  1.40000000 -1.72606046
 0.30000000  1.45000000 -1.90055078
 0.30000000  1.50000000 -2.05265919
 0.30000000  1.55000000 -2.15119630
 0.30000000  1.60000000 -2.16257688
 0.30000000  1.65000000 -2.06811202
 0.30000000  1.70000000 -1.87196917
 0.30000000  1.75000000 -1.59047702
 0.30000000  1.80000000 -1.26323443
 0.30000000  1.85000000 -0.93108562
 0.30000000  1.90000000 -0.62288971
 0.30000000  1.95000000 -0.35824752
 0.30000000  2.00000000 -0.17573461
 0.30000000  2.05000000 -0.07905676
 0.30000000  2.10000000 -0.06337625
 0.30000000  2.15000000 -0.15395463
 0.30000000  2.20000000 -0.34237373
 0.35000000 -0.25000000 -0.52491304
 0.35000000 -0.20000000 -0.73429796
 0.35000000 -0.15000000 -0.88776383
 0.35000000 -0.10000000 -0.99289584
 0.35000000 -0.05000000 -1.05693021
 0.35000000  0.00000000 -1.08422269
 0.35000000  0.05000000 -1.05906195
 0.35000000  0.10000000 -0.98113375
 0.35000000  0.15000000 -0.83866675
 0.35000000  0.20000000 -0.65070353
 0.35000000  0.25000000 -0.43777488
 0.35000000  0.30000000 -0.23383854
 0.35000000  0.35000000 -0.06719193
 0.35000000  0.40000000  0.02104122
 0.35000000  0.45000000  0.03307939
 0.35000000  0.50000000 -0.02803274
 0.35000000  0.55000000 -0.11622679
 0.35000000  0.60000000 -0.22083603
 0.35000000  0.65000000 -0.29427667
 0.35000000  0.70000000 -0.31049923
 0.35000000  0.75000000 -0.28993235
 0.35000000  0.80000000 -0.23511101
 0.35000000  0.85000000 -0.18361992
 0.35000000  0.90000000 -0.16109095
 0.35000000  0.95000000 -0.19573194
 0.35000000  1.00000000 -0.27588419
 0.35000000  1.05000000 -0.42471463
 0.35000000  1.10000000 -0.61164012
 0.35000000  1.15000000 -0.82666999
 0.35000000  1.20000000 -1.03229852
 0.35000000  1.25000000 -1.23761418
 0.35000000  1.30000000 -1.43222396
 0.35000000  1.35000000 -1.61565406
 0.35000000  1.40000000 -1.81236634
 0.35000000  1.45000000 -1.99099732
 0.35000000  1.50000000 -2.14634685
 0.35000000  1.55000000 -2.23726598
 0.35000000  1.60000000 -2.23187401
 0.35000000  1.65000000 -2.11477310
 0.35000000  1.70000000 -1.90667978
 0.35000000  1.75000000 -1.61137677
 0.35000000  1.80000000 -1.28443535
 0.35000000  1.85000000 -0.96028671
 0.35000000  1.90000000 -0.65650705
 0.35000000  1.95000000 -0.39912207
 0.35000000  2.00000000 -0.22364840
 0.35000000  2.05000000 -0.13080318
 0.35000000  2.10000000 -0.12941714
 0.35000000  2.15000000 -0.23706449
 0.35000000  2.20000000 -0.42270708
 0.40000000 -0.25000000 -0.70508940
 0.40000000 -0.20000000 -0.93345412
 0.40000000 -0.15000000 -1.11195672
 0.40000000 -0.10000000 -1.25260181
 0.40000000 -0.05000000 -1.35021016
 0.40000000  0.00000000 -1.38511997
 0.40000000  0.05000000 -1.36033217
 0.40000000  0.10000000 -1.24771080
 0.40000000  0.15000000 -1.05485735
 0.40000000  0.20000000 -0.80162624
 0.40000000  0.25000000 -0.51817687
 0.40000000  0.30000000 -0.23497828
 0.40000000  0.35000000 -0.02789964
 0.40000000  0.40000000  0.09058324
 0.40000000  0.45000000  0.10002290
 0.40000000  0.50000000  0.01136233
 0.40000000  0.55000000 -0.12559503
 0.40000000  0.60000000 -0.26995187
 0.40000000  0.65000000 -0.37818451
 0.40000000  0.70000000 -0.42451662
 0.40000000  0.75000000 -0.40604024
 0.40000000  0.80000000 -0.33174126
 0.40000000  0.85000000 -0.24825182
 0.40000000  0.90000000 -0.19765655
 0.40000000  0.95000000 -0.19297064
 0.40000000  1.00000000 -0.26328292
 0.40000000  1.05000000 -0.39563244
 0.40000000  1.10000000 -0.58551348
 0.40000000  1.15000000 -0.80463154
 0.40000000  1.20000000 -1.02871374
 0.40000000  1.25000000 -1.25519021
 0.40000000  1.30000000 -1.47030591
 0.40000000  1.35000000 -1.68747227
 0.40000000  1.40000000 -1.89965169
 0.40000000  1.45000000 -2.08641263
 0.40000000  1.50000000 -2.23823999
 0.40000000  1.55000000 -2.30663432
 0.40000000  1.60000000 -2.27220060
 0.40000000  1.65000000 -2.14068367
 0.40000000  1.70000000 -1.90480989
 0.40000000  1.75000000 -1.60559496
 0.40000000  1.80000000 -1.27075767
 0.40000000  1.85000000 -0.93974848
 0.40000000  1.90000000 -0.64648556
 0.40000000  1.95000000 -0.40029020
 0.40000000  2.00000000 -0.23810865
 0.40000000  2.05000000 -0.16037605
 0.40000000  2.10000000 -0.17803942
 0.40000000  2.15000000 -0.29669982
 0.40000000  2.20000000 -0.49004132
 0.45000000 -0.25000000 -0.84179220
 0.45000000 -0.20000000 -1.06982200
 0.45000000 -0.15000000 -1.27090553
 0.45000000 -0.10000000 -1.42732189
 0.45000000 -0.05000000 -1.53934022
 0.45000000  0.00000000 -1.58377685
 0.45000000  0.05000000 -1.53947746
 0.45000000  0.10000000 -1.41145014
 0.45000000  0.15000000 -1.17831211
 0.45000000  0.20000000 -0.87705097
 0.45000000  0.25000000 -0.54183792
 0.45000000  0.30000000 -0.22186710
 0.45000000  0.35000000  0.03076930
 0.45000000  0.40000000  0.16657894
 0.45000000  0.45000000  0.17769147
 0.45000000  0.50000000  0.06418580
 0.45000000  0.55000000 -0.09900902
 0.45000000  0.60000000 -0.28958814
 0.45000000  0.65000000 -0.42360007
 0.45000000  0.70000000 -0.48706014
 0.45000000  0.75000000 -0.47199378
 0.45000000  0.80000000 -0.38721443
 0.45000000  0.85000000 -0.28914223
 0.45000000  0.90000000 -0.22072742
 0.45000000  0.95000000 -0.20220772
 0.45000000  1.00000000 -0.25865497
 0.45000000  1.05000000 -0.38338553
 0.45000000  1.10000000 -0.56043562
 0.45000000  1.15000000 -0.78269105
 0.45000000  1.20000000 -1.02611827
 0.45000000  1.25000000 -1.26180852
 0.45000000  1.30000000 -1.50730067
 0.45000000  1.35000000 -1.74300957
 0.45000000  1.40000000 -1.98054075
 0.45000000  1.45000000 -2.17225746
 0.45000000  1.50000000 -2.30680843
 0.45000000  1.55000000 -2.36394708
 0.45000000  1.60000000 -2.30398954
 0.45000000  1.65000000 -2.14030527
 0.45000000  1.70000000 -1.88016038
 0.45000000  1.75000000 -1.56495684
 0.45000000  1.80000000 -1.21946778
 0.45000000  1.85000000 -0.88857964
 0.45000000  1.90000000 -0.59613302
 0.45000000  1.95000000 -0.36515765
 0.45000000  2.00000000 -0.22057838
 0.45000000  2.05000000 -0.15245933
 0.45000000  2.10000000 -0.18927974
 0.45000000  2.15000000 -0.31324021
 0.45000000  2.20000000 -0.52368919
 0.50000000 -0.25000000 -0.87267900
 0.50000000 -0.20000000 -1.08939323
 0.50000000 -0.15000000 -1.29056328
 0.50000000 -0.10000000 -1.46139625
 0.50000000 -0.05000000 -1.57670648
 0.50000000  0.00000000 -1.61403044
 0.50000000  0.05000000 -1.56760502
 0.50000000  0.10000000 -1.41807145
 0.50000000  0.15000000 -1.16712852
 0.50000000  0.20000000 -0.85361310
 0.50000000  0.25000000 -0.48642784
 0.50000000  0.30000000 -0.15687489
 0.50000000  0.35000000  0.10346547
 0.50000000  0.40000000  0.23965807
 0.50000000  0.45000000  0.24444573
 0.50000000  0.50000000  0.13110459
 0.50000000  0.55000000 -0.06389887
 0.50000000  0.60000000 -0.26899389
 0.50000000  0.65000000 -0.41447386
 0.50000000  0.70000000 -0.49133292
 0.50000000  0.75000000 -0.47987475
 0.50000000  0.80000000 -0.41055674
 0.50000000  0.85000000 -0.30746412
 0.50000000  0.90000000 -0.21809556
 0.50000000  0.95000000 -0.18768942
 0.50000000  1.00000000 -0.22453373
 0.50000000  1.05000000 -0.33468249
 0.50000000  1.10000000 -0.49891748
 0.50000000  1.15000000 -0.71011281
 0.50000000  1.20000000 -0.95899972
 0.50000000  1.25000000 -1.23215768
 0.50000000  1.30000000 -1.49832882
 0.50000000  1.35000000 -1.76554748
 0.50000000  1.40000000 -2.00427872
 0.50000000  1.45000000 -2.22142275
 0.50000000  1.50000000 -2.35390231
 0.50000000  1.55000000 -2.38822597
 0.50000000  1.60000000 -2.30189841
 0.50000000  1.65000000 -2.11817112
 0.50000000  1.70000000 -1.83588940
 0.50000000  1.75000000 -1.50152187
 0.50000000  1.80000000 -1.15386799
 0.50000000  1.85000000 -0.81148805
 0.50000000  1.90000000 -0.52463539
 0.50000000  1.95000000 -0.30469974
 0.50000000  2.00000000 -0.15755733
 0.50000000  2.05000000 -0.11395249
 0.50000000  2.10000000 -0.15733113
 0.50000000  2.15000000 -0.28823193
 0.50000000  2.20000000 -0.48991245
 0.55000000 -0.25000000 -0.75508760
 0.55000000 -0.20000000 -0.94998765
 0.55000000 -0.15000000 -1.13812323
 0.55000000 -0.10000000 -1.30248195
 0.55000000 -0.05000000 -1.41769228
 0.55000000  0.00000000 -1.44842369
 0.55000000  0.05000000 -1.39862205
 0.55000000  0.10000000 -1.24701056
 0.55000000  0.15000000 -1.00419394
 0.55000000  0.20000000 -0.68612254
 0.55000000  0.25000000 -0.34610829
 0.55000000  0.30000000 -0.02646070
 0.55000000  0.35000000  0.22335970
 0.55000000  0.40000000  0.33968402
 0.55000000  0.45000000  0.31963379
 0.55000000  0.50000000  0.19432466
 0.55000000  0.55000000 -0.00734586
 0.55000000  0.60000000 -0.21390857
 0.55000000  0.65000000 -0.37283180
 0.55000000  0.70000000 -0.44879446
 0.55000000  0.75000000 -0.43202509
 0.55000000  0.80000000 -0.36253538
 0.55000000  0.85000000 -0.26089299
 0.55000000  0.90000000 -0.16640398
 0.55000000  0.95000000 -0.12684249
 0.55000000  1.00000000 -0.14219949
 0.55000000  1.05000000 -0.22813214
 0.55000000  1.10000000 -0.37376259
 0.55000000  1.15000000 -0.58161359
 0.55000000  1.20000000 -0.82584121
 0.55000000  1.25000000 -1.10873173
 0.55000000  1.30000000 -1.40015966
 0.55000000  1.35000000 -1.69348141
 0.55000000  1.40000000 -1.98296714
 0.55000000  1.45000000 -2.20440966
 0.55000000  1.50000000 -2.34047193
 0.55000000  1.55000000 -2.36776960
 0.55000000  1.60000000 -2.26888888
 0.55000000  1.65000000 -2.06174225
 0.55000000  1.70000000 -1.75917246
 0.55000000  1.75000000 -1.42255830
 0.55000000  1.80000000 -1.06705953
 0.55000000  1.85000000 -0.72845392
 0.55000000  1.90000000 -0.44484398
 0.55000000  1.95000000 -0.22152844
 0.55000000  2.00000000 -0.08702865
 0.55000000  2.05000000 -0.04061791
 0.55000000  2.10000000 -0.07644466
 0.55000000  2.15000000 -0.20374489
 0.55000000  2.20000000 -0.38583759
 0.60000000 -0.25000000 -0.49569736
 0.60000000 -0.20000000 -0.64598360
 0.60000000 -0.15000000 -0.80625165
 0.60000000 -0.10000000 -0.95407631
 0.60000000 -0.05000000 -1.05498248
 0.60000000  0.00000000 -1.09009193
 0.60000000  0.05000000 -1.04263277
 0.60000000  0.10000000 -0.90513430
 0.60000000  0.15000000 -0.68687494
 0.60000000  0.20000000 -0.41071158
 0.60000000  0.25000000 -0.10468429
 0.60000000  0.30000000  0.17169734
 0.60000000  0.35000000  0.37170546
 0.60000000  0.40000000  0.45347777
 0.60000000  0.45000000  0.40970309
 0.60000000  0.50000000  0.26967834
 0.60000000  0.55000000  0.06097630
 0.60000000  0.60000000 -0.13578716
 0.60000000  0.65000000 -0.29139973
 0.60000000  0.70000000 -0.35593010
 0.60000000  0.75000000 -0.34667469
 0.60000000  0.80000000 -0.27918726
 0.60000000  0.85000000 -0.18110793
 0.60000000  0.90000000 -0.08308473
 0.60000000  0.95000000 -0.02219252
 0.60000000  1.00000000 -0.01550940
 0.60000000  1.05000000 -0.06293843
 0.60000000  1.10000000 -0.18714195
 0.60000000  1.15000000 -0.36152302
 0.60000000  1.20000000 -0.60666772
 0.60000000  1.25000000 -0.88845447
 0.60000000  1.30000000 -1.21117107
 0.60000000  1.35000000 -1.54187385
 0.60000000  1.40000000 -1.85170127
 0.60000000  1.45000000 -2.10103888
 0.60000000  1.50000000 -2.23696680
 0.60000000  1.55000000 -2.26303585
 0.60000000  1.60000000 -2.16638998
 0.60000000  1.65000000 -1.94761570
 0.60000000  1.70000000 -1.64876765
 0.60000000  1.75000000 -1.30709948
 0.60000000  1.80000000 -0.95819527
 0.60000000  1.85000000 -0.63681501
 0.60000000  1.90000000 -0.36005972
 0.60000000  1.95000000 -0.14081602
 0.60000000  2.00000000 -0.00256024
 0.60000000  2.05000000  0.05619018
 0.60000000  2.10000000  0.02818860
 0.60000000  2.15000000 -0.06730248
 0.60000000  2.20000000 -0.22151233
 0.65000000 -0.25000000 -0.12032050
 0.65000000 -0.20000000 -0.21224394
 0.65000000 -0.15000000 -0.32838387
 0.65000000 -0.10000000 -0.44573720
 0.65000000 -0.05000000 -0.53059390
 0.65000000  0.00000000 -0.56295560
 0.65000000  0.05000000 -0.52925670
 0.65000000  0.10000000 -0.42380726
 0.65000000  0.15000000 -0.24311907
 0.65000000  0.20000000 -0.01589816
 0.65000000  0.25000000  0.22735448
 0.65000000  0.30000000  0.43460807
 0.65000000  0.35000000  0.57255499
 0.65000000  0.40000000  0.60220807
 0.65000000  0.45000000  0.52991947
 0.65000000  0.50000000  0.36849934
 0.65000000  0.55000000  0.16638078
 0.65000000  0.60000000 -0.02515395
 0.65000000  0.65000000 -0.16384686
 0.65000000  0.70000000 -0.22519342
 0.65000000  0.75000000 -0.21631066
 0.65000000  0.80000000 -0.16202496
 0.65000000  0.85000000 -0.07121090
 0.65000000  0.90000000  0.02025277
 0.65000000  0.95000000  0.10518653
 0.65000000  1.00000000  0.14430841
 0.65000000  1.05000000  0.13783773
 0.65000000  1.10000000  0.05996276
 0.65000000  1.15000000 -0.08111922
 0.65000000  1.20000000 -0.30353211
 0.65000000  1.25000000 -0.59114339
 0.65000000  1.30000000 -0.93477237
 0.65000000  1.35000000 -1.28401484
 0.65000000  1.40000000 -1.60932946
 0.65000000  1.45000000 -1.88095571
 0.65000000  1.50000000 -2.03395773
 0.65000000  1.55000000 -2.05998887
 0.65000000  1.60000000 -1.96449926
 0.65000000  1.65000000 -1.75360972
 0.65000000  1.70000000 -1.47541755
 0.65000000  1.75000000 -1.15606413
 0.65000000  1.80000000 -0.82943298
 0.65000000  1.85000000 -0.53319001
 0.65000000  1.90000000 -0.26860567
 0.65000000  1.95000000 -0.05811055
 0.65000000  2.00000000  0.08524580
 0.65000000  2.05000000  0.17125850
 0.65000000  2.10000000  0.18612088
 0.65000000  2.15000000  0.12841341
 0.65000000  2.20000000  0.01783050
 0.70000000 -0.25000000  0.30771419
 0.70000000 -0.20000000  0.27980456
 0.70000000 -0.15000000  0.22053292
 0.70000000 -0.10000000  0.14565545
 0.70000000 -0.05000000  0.08381190
 0.70000000  0.00000000  0.05124819
 0.70000000  0.05000000  0.07045675
 0.70000000  0.10000000  0.13627124
 0.70000000  0.15000000  0.27641397
 0.70000000  0.20000000  0.44279708
 0.70000000  0.25000000  0.61972824
 0.70000000  0.30000000  0.75978097
 0.70000000  0.35000000  0.82386242
 0.70000000  0.40000000  0.80555332
 0.70000000  0.45000000  0.68885604
 0.70000000  0.50000000  0.51057453
 0.70000000  0.55000000  0.31054112
 0.70000000  0.60000000  0.13208684
 0.70000000  0.65000000  0.00554451
 0.70000000  0.70000000 -0.05943970
 0.70000000  0.75000000 -0.06413299
 0.70000000  0.80000000 -0.02549329
 0.70000000  0.85000000  0.05210808
 0.70000000  0.90000000  0.14203428
 0.70000000  0.95000000  0.23476900
 0.70000000  1.00000000  0.30362992
 0.70000000  1.05000000  0.33226895
 0.70000000  1.10000000  0.30699247
 0.70000000  1.15000000  0.20929831
 0.70000000  1.20000000  0.01246394
 0.70000000  1.25000000 -0.25434381
 0.70000000  1.30000000 -0.59324607
 0.70000000  1.35000000 -0.95460406
 0.70000000  1.40000000 -1.29673169
 0.70000000  1.45000000 -1.56934335
 0.70000000  1.50000000 -1.72823109
 0.70000000  1.55000000 -1.76579076
 0.70000000  1.60000000 -1.68301643
 0.70000000  1.65000000 -1.49292905
 0.70000000  1.70000000 -1.24636834
 0.70000000  1.75000000 -0.96574653
 0.70000000  1.80000000 -0.69064162
 0.70000000  1.85000000 -0.42026102
 0.70000000  1.90000000 -0.18531376
 0.70000000  1.95000000  0.00851128
 0.70000000  2.00000000  0.18926859
 0.70000000  2.05000000  0.31116604
 0.70000000  2.10000000  0.37431387
 0.70000000  2.15000000  0.38327562
 0.70000000  2.20000000  0.31342013
 0.75000000 -0.25000000  0.70083852
 0.75000000 -0.20000000  0.75301770
 0.75000000 -0.15000000  0.76406999
 0.75000000 -0.10000000  0.73813732
 0.75000000 -0.05000000  0.69676948
 0.75000000  0.00000000  0.67364616
 0.75000000  0.05000000  0.66273579
 0.75000000  0.10000000  0.71084143
 0.75000000  0.15000000  0.79782391
 0.75000000  0.20000000  0.91027140
 0.75000000  0.25000000  1.02661167
 0.75000000  0.30000000  1.10447996
 0.75000000  0.35000000  1.12494532
 0.75000000  0.40000000  1.04334717
 0.75000000  0.45000000  0.89941880
 0.75000000  0.50000000  0.70143013
 0.75000000  0.55000000  0.51370146
 0.75000000  0.60000000  0.33605462
 0.75000000  0.65000000  0.21142257
 0.75000000  0.70000000  0.13688921
 0.75000000  0.75000000  0.10970201
 0.75000000  0.80000000  0.12006245
 0.75000000  0.85000000  0.16211045
 0.75000000  0.90000000  0.24150081
 0.75000000  0.95000000  0.33019277
 0.75000000  1.00000000  0.42293837
 0.75000000  1.05000000  0.49919668
 0.75000000  1.10000000  0.52391699
 0.75000000  1.15000000  0.46967385
 0.75000000  1.20000000  0.32256571
 0.75000000  1.25000000  0.08155097
 0.75000000  1.30000000 -0.24062736
 0.75000000  1.35000000 -0.58713829
 0.75000000  1.40000000 -0.92220785
 0.75000000  1.45000000 -1.18934520
 0.75000000  1.50000000 -1.34496819
 0.75000000  1.55000000 -1.39364933
 0.75000000  1.60000000 -1.32630292
 0.75000000  1.65000000 -1.17420446
 0.75000000  1.70000000 -0.97935029
 0.75000000  1.75000000 -0.76061719
 0.75000000  1.80000000 -0.53839327
 0.75000000  1.85000000 -0.32344863
 0.75000000  1.90000000 -0.11698524
 0.75000000  1.95000000  0.09353034
 0.75000000  2.00000000  0.29538260
 0.75000000  2.05000000  0.46182040
 0.75000000  2.10000000  0.59111168
 0.75000000  2.15000000  0.65601834
 0.75000000  2.20000000  0.64652309
 0.80000000 -0.25000000  1.00487252
 0.80000000 -0.20000000  1.13812054
 0.80000000 -0.15000000  1.20875740
 0.80000000 -0.10000000  1.22819295
 0.80000000 -0.05000000  1.21893516
 0.80000000  0.00000000  1.20450317
 0.80000000  0.05000000  1.19407717
 0.80000000  0.10000000  1.21410961
 0.80000000  0.15000000  1.27147046
 0.80000000  0.20000000  1.34852582
 0.80000000  0.25000000  1.42498543
 0.80000000  0.30000000  1.45605506
 0.80000000  0.35000000  1.42937240
 0.80000000  0.40000000  1.32719091
 0.80000000  0.45000000  1.16437721
 0.80000000  0.50000000  0.96020027
 0.80000000  0.55000000  0.75762340
 0.80000000  0.60000000  0.58902665
 0.80000000  0.65000000  0.44541121
 0.80000000  0.70000000  0.35450128
 0.80000000  0.75000000  0.29900343
 0.80000000  0.80000000  0.26508824
 0.80000000  0.85000000  0.28213975
 0.80000000  0.90000000  0.32954490
 0.80000000  0.95000000  0.40396913
 0.80000000  1.00000000  0.50630990
 0.80000000  1.05000000  0.60538678
 0.80000000  1.10000000  0.66272860
 0.80000000  1.15000000  0.65974037
 0.80000000  1.20000000  0.55145943
 0.80000000  1.25000000  0.35340344
 0.80000000  1.30000000  0.07865417
 0.80000000  1.35000000 -0.23688347
 0.80000000  1.40000000 -0.53397542
 0.80000000  1.45000000 -0.77752006
 0.80000000  1.50000000 -0.93420267
 0.80000000  1.55000000 -0.99168153
 0.80000000  1.60000000 -0.94827071
 0.80000000  1.65000000 -0.84560503
 0.80000000  1.70000000 -0.69928480
 0.80000000  1.75000000 -0.54838423
 0.80000000  1.80000000 -0.39668855
 0.80000000  1.85000000 -0.22837698
 0.80000000  1.90000000 -0.04232734
 0.80000000  1.95000000  0.16960981
 0.80000000  2.00000000  0.39617809
 0.80000000  2.05000000  0.63594517
 0.80000000  2.10000000  0.81951711
 0.80000000  2.15000000  0.95461396
 0.80000000  2.20000000  0.99700683
 0.85000000 -0.25000000  1.16323628
 0.85000000 -0.20000000  1.36810547
 0.85000000 -0.15000000  1.50180151
 0.85000000 -0.10000000  1.57604928
 0.85000000 -0.05000000  1.60251225
 0.85000000  0.00000000  1.59790457
 0.85000000  0.05000000  1.59116781
 0.85000000  0.10000000  1.61075433
 0.85000000  0.15000000  1.66395735
 0.85000000  0.20000000  1.72421935
 0.85000000  0.25000000  1.78346348
 0.85000000  0.30000000  1.79973229
 0.85000000  0.35000000  1.75063185
 0.85000000  0.40000000  1.62835849
 0.85000000  0.45000000  1.45312072
 0.85000000  0.50000000  1.25147656
 0.85000000  0.55000000  1.04623858
 0.85000000  0.60000000  0.86852675
 0.85000000  0.65000000  0.71663968
 0.85000000  0.70000000  0.59457083
 0.85000000  0.75000000  0.48930649
 0.85000000  0.80000000  0.42333071
 0.85000000  0.85000000  0.38664653
 0.85000000  0.90000000  0.38914038
 0.85000000  0.95000000  0.43950874
 0.85000000  1.00000000  0.52820100
 0.85000000  1.05000000  0.63316204
 0.85000000  1.10000000  0.71958529
 0.85000000  1.15000000  0.74165082
 0.85000000  1.20000000  0.68551891
 0.85000000  1.25000000  0.54507042
 0.85000000  1.30000000  0.32834793
 0.85000000  1.35000000  0.06765744
 0.85000000  1.40000000 -0.18693794
 0.85000000  1.45000000 -0.39440587
 0.85000000  1.50000000 -0.52963543
 0.85000000  1.55000000 -0.59171987
 0.85000000  1.60000000 -0.58174962
 0.85000000  1.65000000 -0.53153169
 0.85000000  1.70000000 -0.45520840
 0.85000000  1.75000000 -0.36684177
 0.85000000  1.80000000 -0.27147023
 0.85000000  1.85000000 -0.14780412
 0.85000000  1.90000000  0.01698518
 0.85000000  1.95000000  0.23720948
 0.85000000  2.00000000  0.50225656
 0.85000000  2.05000000  0.78762181
 0.85000000  2.10000000  1.04964351
 0.85000000  2.15000000  1.23513720
 0.85000000  2.20000000  1.31172946
 0.90000000 -0.25000000  1.18288925
 0.90000000 -0.20000000  1.43085686
 0.90000000 -0.15000000  1.62047782
 0.90000000 -0.10000000  1.73830597
 0.90000000 -0.05000000  1.79697835
 0.90000000  0.00000000  1.82336557
 0.90000000  0.05000000  1.84000866
 0.90000000  0.10000000  1.87724312
 0.90000000  0.15000000  1.94632983
 0.90000000  0.20000000  2.02307696
 0.90000000  0.25000000  2.08785609
 0.90000000  0.30000000  2.10364065
 0.90000000  0.35000000  2.05156059
 0.90000000  0.40000000  1.93856329
 0.90000000  0.45000000  1.76230828
 0.90000000  0.50000000  1.55569524
 0.90000000  0.55000000  1.35302416
 0.90000000  0.60000000  1.15935317
 0.90000000  0.65000000  0.99515490
 0.90000000  0.70000000  0.83973233
 0.90000000  0.75000000  0.69315138
 0.90000000  0.80000000  0.57895717
 0.90000000  0.85000000  0.48457017
 0.90000000  0.90000000  0.44050302
 0.90000000  0.95000000  0.45179403
 0.90000000  1.00000000  0.50406470
 0.90000000  1.05000000  0.59367502
 0.90000000  1.10000000  0.67416100
 0.90000000  1.15000000  0.72008964
 0.90000000  1.20000000  0.70532294
 0.90000000  1.25000000  0.61328596
 0.90000000  1.30000000  0.46301699
 0.90000000  1.35000000  0.27750690
 0.90000000  1.40000000  0.08700876
 0.90000000  1.45000000 -0.07620388
 0.90000000  1.50000000 -0.18996784
 0.90000000  1.55000000 -0.25067933
 0.90000000  1.60000000 -0.28077407
 0.90000000  1.65000000 -0.26976783
 0.90000000  1.70000000 -0.26885486
 0.90000000  1.75000000 -0.23680487
 0.90000000  1.80000000 -0.19319283
 0.90000000  1.85000000 -0.10534863
 0.90000000  1.90000000  0.06033557
 0.90000000  1.95000000  0.30026546
 0.90000000  2.00000000  0.59927839
 0.90000000  2.05000000  0.92287728
 0.90000000  2.10000000  1.22999891
 0.90000000  2.15000000  1.44751353
 0.90000000  2.20000000  1.55160201
 0.95000000 -0.25000000  1.05884756
 0.95000000 -0.20000000  1.33862292
 0.95000000 -0.15000000  1.56693170
 0.95000000 -0.10000000  1.72283548
 0.95000000 -0.05000000  1.83116918
 0.95000000  0.00000000  1.89493140
 0.95000000  0.05000000  1.95285869
 0.95000000  0.10000000  2.02785165
 0.95000000  0.15000000  2.12866273
 0.95000000  0.20000000  2.24376086
 0.95000000  0.25000000  2.33105744
 0.95000000  0.30000000  2.36271465
 0.95000000  0.35000000  2.33625642
 0.95000000  0.40000000  2.21658336
 0.95000000  0.45000000  2.05399215
 0.95000000  0.50000000  1.84884772
 0.95000000  0.55000000  1.63965711
 0.95000000  0.60000000  1.43373679
 0.95000000  0.65000000  1.24048715
 0.95000000  0.70000000  1.06172305
 0.95000000  0.75000000  0.89077667
 0.95000000  0.80000000  0.72413897
 0.95000000  0.85000000  0.58761880
 0.95000000  0.90000000  0.48174957
 0.95000000  0.95000000  0.43660555
 0.95000000  1.00000000  0.44038426
 0.95000000  1.05000000  0.47920673
 0.95000000  1.10000000  0.53895495
 0.95000000  1.15000000  0.59322077
 0.95000000  1.20000000  0.60541307
 0.95000000  1.25000000  0.56269112
 0.95000000  1.30000000  0.48685702
 0.95000000  1.35000000  0.37978164
 0.95000000  1.40000000  0.25991944
 0.95000000  1.45000000  0.14546598
 0.95000000  1.50000000  0.06195453
 0.95000000  1.55000000 -0.00901743
 0.95000000  1.60000000 -0.05965374
 0.95000000  1.65000000 -0.09921794
 0.95000000  1.70000000 -0.13790642
 0.95000000  1.75000000 -0.16172375
 0.95000000  1.80000000 -0.15355078
 0.95000000  1.85000000 -0.07790347
 0.95000000  1.90000000  0.08059942
 0.95000000  1.95000000  0.32506658
 0.95000000  2.00000000  0.65686311
 0.95000000  2.05000000  1.00881269
 0.95000000  2.10000000  1.33513887
 0.95000000  2.15000000  1.56858220
 0.95000000  2.20000000  1.68172530
 1.00000000 -0.25000000  0.83969177
 1.00000000 -0.20000000  1.12511629
 1.00000000 -0.15000000  1.37679743
 1.00000000 -0.10000000  1.57188986
 1.00000000 -0.05000000  1.72091253
 1.00000000  0.00000000  1.83583138
 1.00000000  0.05000000  1.94710276
 1.00000000  0.10000000  2.07744796
 1.00000000  0.15000000  2.23468816
 1.00000000  0.20000000  2.39494731
 1.00000000  0.25000000  2.51945066
 1.00000000  0.30000000  2.58645338
 1.00000000  0.35000000  2.57102653
 1.00000000  0.40000000  2.46436642
 1.00000000  0.45000000  2.30122016
 1.00000000  0.50000000  2.09053738
 1.00000000  0.55000000  1.86894226
 1.00000000  0.60000000  1.65778737
 1.00000000  0.65000000  1.45522654
 1.00000000  0.70000000  1.25267420
 1.00000000  0.75000000  1.04647303
 1.00000000  0.80000000  0.85210995
 1.00000000  0.85000000  0.67365833
 1.00000000  0.90000000  0.51736935
 1.00000000  0.95000000  0.40391712
 1.00000000  1.00000000  0.33235771
 1.00000000  1.05000000  0.32066352
 1.00000000  1.10000000  0.33749306
 1.00000000  1.15000000  0.36288820
 1.00000000  1.20000000  0.39547984
 1.00000000  1.25000000  0.41317229
 1.00000000  1.30000000  0.40981137
 1.00000000  1.35000000  0.37949460
 1.00000000  1.40000000  0.33128030
 1.00000000  1.45000000  0.27691076
 1.00000000  1.50000000  0.21428216
 1.00000000  1.55000000  0.14048382
 1.00000000  1.60000000  0.06581023
 1.00000000  1.65000000 -0.01137842
 1.00000000  1.70000000 -0.09260325
 1.00000000  1.75000000 -0.14936321
 1.00000000  1.80000000 -0.16061948
 1.00000000  1.85000000 -0.09039254
 1.00000000  1.90000000  0.07358951
 1.00000000  1.95000000  0.32432495
 1.00000000  2.00000000  0.66552329
 1.00000000  2.05000000  1.02395338
 1.00000000  2.10000000  1.34873452
 1.00000000  2.15000000  1.58512913
 1.00000000  2.20000000  1.69295690
 1.05000000 -0.25000000  0.56835244
 1.05000000 -0.20000000  0.83765615
 1.05000000 -0.15000000  1.10041448
 1.05000000 -0.10000000  1.33219106
 1.05000000 -0.05000000  1.51498208
 1.05000000  0.00000000  1.68781040
 1.05000000  0.05000000  1.86371158
 1.05000000  0.10000000  2.06067242
 1.05000000  0.15000000  2.27496152
 1.05000000  0.20000000  2.48099725
 1.05000000  0.25000000  2.65006070
 1.05000000  0.30000000  2.74580576
 1.05000000  0.35000000  2.75151454
 1.05000000  0.40000000  2.64812238
 1.05000000  0.45000000  2.48371866
 1.05000000  0.50000000  2.27372045
 1.05000000  0.55000000  2.03440280
 1.05000000  0.60000000  1.80320783
 1.05000000  0.65000000  1.58426174
 1.05000000  0.70000000  1.37476723
 1.05000000  0.75000000  1.17014509
 1.05000000  0.80000000  0.95145750
 1.05000000  0.85000000  0.74150057
 1.05000000  0.90000000  0.53106464
 1.05000000  0.95000000  0.35800471
 1.05000000  1.00000000  0.21902674
 1.05000000  1.05000000  0.12368949
 1.05000000  1.10000000  0.08321444
 1.05000000  1.15000000  0.08981026
 1.05000000  1.20000000  0.12686783
 1.05000000  1.25000000  0.18395890
 1.05000000  1.30000000  0.24362546
 1.05000000  1.35000000  0.29396618
 1.05000000  1.40000000  0.31966410
 1.05000000  1.45000000  0.31477744
 1.05000000  1.50000000  0.27181296
 1.05000000  1.55000000  0.20234069
 1.05000000  1.60000000  0.09365416
 1.05000000  1.65000000 -0.00863205
 1.05000000  1.70000000 -0.10889354
 1.05000000  1.75000000 -0.18761750
 1.05000000  1.80000000 -0.20778410
 1.05000000  1.85000000 -0.14426442
 1.05000000  1.90000000  0.02136054
 1.05000000  1.95000000  0.28394818
 1.05000000  2.00000000  0.60811329
 1.05000000  2.05000000  0.94510749
 1.05000000  2.10000000  1.26066520
 1.05000000  2.15000000  1.47730902
 1.05000000  2.20000000  1.57408376
 1.10000000 -0.25000000  0.27503945
 1.10000000 -0.20000000  0.52926921
 1.10000000 -0.15000000  0.80011640
 1.10000000 -0.10000000  1.04002512
 1.10000000 -0.05000000  1.27429478
 1.10000000  0.00000000  1.50190351
 1.10000000  0.05000000  1.72741512
 1.10000000  0.10000000  1.99084661
 1.10000000  0.15000000  2.25290178
 1.10000000  0.20000000  2.50746614
 1.10000000  0.25000000  2.70755548
 1.10000000  0.30000000  2.82742362
 1.10000000  0.35000000  2.83991736
 1.10000000  0.40000000  2.74393461
 1.10000000  0.45000000  2.57780881
 1.10000000  0.50000000  2.34641916
 1.10000000  0.55000000  2.10321132
 1.10000000  0.60000000  1.86870985
 1.10000000  0.65000000  1.64907640
 1.10000000  0.70000000  1.44043132
 1.10000000  0.75000000  1.23217562
 1.10000000  0.80000000  1.01359240
 1.10000000  0.85000000  0.78566925
 1.10000000  0.90000000  0.54666435
 1.10000000  0.95000000  0.31118111
 1.10000000  1.00000000  0.10119739
 1.10000000  1.05000000 -0.06026111
 1.10000000  1.10000000 -0.16186813
 1.10000000  1.15000000 -0.19130609
 1.10000000  1.20000000 -0.15078794
 1.10000000  1.25000000 -0.06065495
 1.10000000  1.30000000  0.05515574
 1.10000000  1.35000000  0.17190137
 1.10000000  1.40000000  0.25222231
 1.10000000  1.45000000  0.28167933
 1.10000000  1.50000000  0.25601225
 1.10000000  1.55000000  0.18322512
 1.10000000  1.60000000  0.06332968
 1.10000000  1.65000000 -0.05931452
 1.10000000  1.70000000 -0.19132597
 1.10000000  1.75000000 -0.26915709
 1.10000000  1.80000000 -0.28958572
 1.10000000  1.85000000 -0.22681217
 1.10000000  1.90000000 -0.06397591
 1.10000000  1.95000000  0.18665828
 1.10000000  2.00000000  0.48862625
 1.10000000  2.05000000  0.80538322
 1.10000000  2.10000000  1.08427101
 1.10000000  2.15000000  1.27476173
 1.10000000  2.20000000  1.37217966
 1.15000000 -0.25000000  0.02149868
 1.15000000 -0.20000000  0.24267923
 1.15000000 -0.15000000  0.50172975
 1.15000000 -0.10000000  0.77087244
 1.15000000 -0.05000000  1.03556202
 1.15000000  0.00000000  1.30798635
 1.15000000  0.05000000  1.58325085
 1.15000000  0.10000000  1.87062019
 1.15000000  0.15000000  2.17845648
 1.15000000  0.20000000  2.45086391
 1.15000000  0.25000000  2.67208437
 1.15000000  0.30000000  2.80186044
 1.15000000  0.35000000  2.81825485
 1.15000000  0.40000000  2.72991814
 1.15000000  0.45000000  2.54765556
 1.15000000  0.50000000  2.32138148
 1.15000000  0.55000000  2.07613475
 1.15000000  0.60000000  1.83963207
 1.15000000  0.65000000  1.62423566
 1.15000000  0.70000000  1.42922775
 1.15000000  0.75000000  1.23755360
 1.15000000  0.80000000  1.03649482
 1.15000000  0.85000000  0.81158013
 1.15000000  0.90000000  0.55609425
 1.15000000  0.95000000  0.27776273
 1.15000000  1.00000000  0.02863632
 1.15000000  1.05000000 -0.20452158
 1.15000000  1.10000000 -0.36014553
 1.15000000  1.15000000 -0.42672433
 1.15000000  1.20000000 -0.38752439
 1.15000000  1.25000000 -0.27643555
 1.15000000  1.30000000 -0.12205314
 1.15000000  1.35000000  0.03695736
 1.15000000  1.40000000  0.15667961
 1.15000000  1.45000000  0.21608173
 1.15000000  1.50000000  0.19127332
 1.15000000  1.55000000  0.11216979
 1.15000000  1.60000000 -0.01984420
 1.15000000  1.65000000 -0.16807047
 1.15000000  1.70000000 -0.30496216
 1.15000000  1.75000000 -0.39261778
 1.15000000  1.80000000 -0.41235922
 1.15000000  1.85000000 -0.34677402
 1.15000000  1.90000000 -0.18924968
 1.15000000  1.95000000  0.03090756
 1.15000000  2.00000000  0.31687448
 1.15000000  2.05000000  0.59498411
 1.15000000  2.10000000  0.83586927
 1.15000000  2.15000000  1.00883474
 1.15000000  2.20000000  1.10015768
 1.20000000 -0.25000000 -0.16510598
 1.20000000 -0.20000000  0.03326941
 1.20000000 -0.15000000  0.27543383
 1.20000000 -0.10000000  0.54695357
 1.20000000 -0.05000000  0.82130070
 1.20000000  0.00000000  1.10732744
 1.20000000  0.05000000  1.41499171
 1.20000000  0.10000000  1.71948335
 1.20000000  0.15000000  2.02817888
 1.20000000  0.20000000  2.31437522
 1.20000000  0.25000000  2.53646710
 1.20000000  0.30000000  2.66218373
 1.20000000  0.35000000  2.67735312
 1.20000000  0.40000000  2.58888454
 1.20000000  0.45000000  2.42110752
 1.20000000  0.50000000  2.19968356
 1.20000000  0.55000000  1.95580654
 1.20000000  0.60000000  1.73035620
 1.20000000  0.65000000  1.52945385
 1.20000000  0.70000000  1.35938765
 1.20000000  0.75000000  1.19370503
 1.20000000  0.80000000  1.02405907
 1.20000000  0.85000000  0.81327728
 1.20000000  0.90000000  0.57096165
 1.20000000  0.95000000  0.28825795
 1.20000000  1.00000000 -0.00336014
 1.20000000  1.05000000 -0.26767519
 1.20000000  1.10000000 -0.45851404
 1.20000000  1.15000000 -0.54592108
 1.20000000  1.20000000 -0.53027804
 1.20000000  1.25000000 -0.41171599
 1.20000000  1.30000000 -0.24390914
 1.20000000  1.35000000 -0.05724664
 1.20000000  1.40000000  0.07833867
 1.20000000  1.45000000  0.13671289
 1.20000000  1.50000000  0.10823108
 1.20000000  1.55000000  0.01321869
 1.20000000  1.60000000 -0.13390061
 1.20000000  1.65000000 -0.29001663
 1.20000000  1.70000000 -0.44402927
 1.20000000  1.75000000 -0.54329768
 1.20000000  1.80000000 -0.56875959
 1.20000000  1.85000000 -0.50905135
 1.20000000  1.90000000 -0.36487504
 1.20000000  1.95000000 -0.15603534
 1.20000000  2.00000000  0.09833264
 1.20000000  2.05000000  0.33712765
 1.20000000  2.10000000  0.55597236
 1.20000000  2.15000000  0.71317678
 1.20000000  2.20000000  0.82497917
 1.25000000 -0.25000000 -0.26571523
 1.25000000 -0.20000000 -0.10510988
 1.25000000 -0.15000000  0.11679313
 1.25000000 -0.10000000  0.37547976
 1.25000000 -0.05000000  0.64349582
 1.25000000  0.00000000  0.93180250
 1.25000000  0.05000000  1.22376365
 1.25000000  0.10000000  1.51361285
 1.25000000  0.15000000  1.80402094
 1.25000000  0.20000000  2.05984368
 1.25000000  0.25000000  2.27439284
 1.25000000  0.30000000  2.38825489
 1.25000000  0.35000000  2.41004919
 1.25000000  0.40000000  2.33276441
 1.25000000  0.45000000  2.17657630
 1.25000000  0.50000000  1.97366421
 1.25000000  0.55000000  1.76415434
 1.25000000  0.60000000  1.55866496
 1.25000000  0.65000000  1.39989067
 1.25000000  0.70000000  1.26183945
 1.25000000  0.75000000  1.13299028
 1.25000000  0.80000000  0.98442669
 1.25000000  0.85000000  0.81706461
 1.25000000  0.90000000  0.59120628
 1.25000000  0.95000000  0.32367415
 1.25000000  1.00000000  0.02850754
 1.25000000  1.05000000 -0.24103988
 1.25000000  1.10000000 -0.45647814
 1.25000000  1.15000000 -0.55730658
 1.25000000  1.20000000 -0.55712800
 1.25000000  1.25000000 -0.44652821
 1.25000000  1.30000000 -0.28507611
 1.25000000  1.35000000 -0.11269387
 1.25000000  1.40000000  0.00949876
 1.25000000  1.45000000  0.05821528
 1.25000000  1.50000000  0.01634836
 1.25000000  1.55000000 -0.09972570
 1.25000000  1.60000000 -0.25737979
 1.25000000  1.65000000 -0.43432440
 1.25000000  1.70000000 -0.59592863
 1.25000000  1.75000000 -0.69760584
 1.25000000  1.80000000 -0.73162222
 1.25000000  1.85000000 -0.68877873
 1.25000000  1.90000000 -0.55847280
 1.25000000  1.95000000 -0.36900310
 1.25000000  2.00000000 -0.15714482
 1.25000000  2.05000000  0.06770488
 1.25000000  2.10000000  0.26250056
 1.25000000  2.15000000  0.42751609
 1.25000000  2.20000000  0.56484963
 1.30000000 -0.25000000 -0.28319656
 1.30000000 -0.20000000 -0.15543608
 1.30000000 -0.15000000  0.02910906
 1.30000000 -0.10000000  0.25150587
 1.30000000 -0.05000000  0.48910422
 1.30000000  0.00000000  0.75159373
 1.30000000  0.05000000  1.01316285
 1.30000000  0.10000000  1.26292107
 1.30000000  0.15000000  1.51660575
 1.30000000  0.20000000  1.73155739
 1.30000000  0.25000000  1.90389256
 1.30000000  0.30000000  2.00802870
 1.30000000  0.35000000  2.03022263
 1.30000000  0.40000000  1.97793193
 1.30000000  0.45000000  1.85113781
 1.30000000  0.50000000  1.69598394
 1.30000000  0.55000000  1.53916972
 1.30000000  0.60000000  1.38330170
 1.30000000  0.65000000  1.25233523
 1.30000000  0.70000000  1.14609628
 1.30000000  0.75000000  1.04926410
 1.30000000  0.80000000  0.94367722
 1.30000000  0.85000000  0.80189799
 1.30000000  0.90000000  0.61416988
 1.30000000  0.95000000  0.37570578
 1.30000000  1.00000000  0.09946136
 1.30000000  1.05000000 -0.15457185
 1.30000000  1.10000000 -0.37456351
 1.30000000  1.15000000 -0.48832876
 1.30000000  1.20000000 -0.50373521
 1.30000000  1.25000000 -0.42006781
 1.30000000  1.30000000 -0.28239032
 1.30000000  1.35000000 -0.14347628
 1.30000000  1.40000000 -0.04493517
 1.30000000  1.45000000 -0.03543987
 1.30000000  1.50000000 -0.08607702
 1.30000000  1.55000000 -0.21510694
 1.30000000  1.60000000 -0.38664211
 1.30000000  1.65000000 -0.57708154
 1.30000000  1.70000000 -0.74115968
 1.30000000  1.75000000 -0.86460968
 1.30000000  1.80000000 -0.90791448
 1.30000000  1.85000000 -0.87691169
 1.30000000  1.90000000 -0.76789910
 1.30000000  1.95000000 -0.59949597
 1.30000000  2.00000000 -0.40413957
 1.30000000  2.05000000 -0.20835576
 1.30000000  2.10000000 -0.01660910
 1.30000000  2.15000000  0.16358184
 1.30000000  2.20000000  0.33859258
 1.35000000 -0.25000000 -0.20923023
 1.35000000 -0.20000000 -0.12898992
 1.35000000 -0.15000000 -0.00192135
 1.35000000 -0.10000000  0.16715721
 1.35000000 -0.05000000  0.36503041
 1.35000000  0.00000000  0.57890627
 1.35000000  0.05000000  0.78656179
 1.35000000  0.10000000  0.99251528
 1.35000000  0.15000000  1.17678850
 1.35000000  0.20000000  1.34122323
 1.35000000  0.25000000  1.47118106
 1.35000000  0.30000000  1.55741623
 1.35000000  0.35000000  1.58112627
 1.35000000  0.40000000  1.55324878
 1.35000000  0.45000000  1.49365697
 1.35000000  0.50000000  1.40352495
 1.35000000  0.55000000  1.29582095
 1.35000000  0.60000000  1.20326851
 1.35000000  0.65000000  1.11818050
 1.35000000  0.70000000  1.04115067
 1.35000000  0.75000000  0.96487530
 1.35000000  0.80000000  0.89116933
 1.35000000  0.85000000  0.77614390
 1.35000000  0.90000000  0.61708678
 1.35000000  0.95000000  0.41195383
 1.35000000  1.00000000  0.17536392
 1.35000000  1.05000000 -0.06485566
 1.35000000  1.10000000 -0.26201542
 1.35000000  1.15000000 -0.38385783
 1.35000000  1.20000000 -0.40365604
 1.35000000  1.25000000 -0.35952428
 1.35000000  1.30000000 -0.27099812
 1.35000000  1.35000000 -0.17828163
 1.35000000  1.40000000 -0.12623955
 1.35000000  1.45000000 -0.13830371
 1.35000000  1.50000000 -0.22286707
 1.35000000  1.55000000 -0.37127223
 1.35000000  1.60000000 -0.55328032
 1.35000000  1.65000000 -0.73714240
 1.35000000  1.70000000 -0.90251816
 1.35000000  1.75000000 -1.02705415
 1.35000000  1.80000000 -1.07698435
 1.35000000  1.85000000 -1.06271299
 1.35000000  1.90000000 -0.96893449
 1.35000000  1.95000000 -0.82613581
 1.35000000  2.00000000 -0.64908274
 1.35000000  2.05000000 -0.45212088
 1.35000000  2.10000000 -0.25048771
 1.35000000  2.15000000 -0.04336543
 1.35000000  2.20000000  0.17410610
 1.40000000 -0.25000000 -0.07169014
 1.40000000 -0.20000000 -0.05234343
 1.40000000 -0.15000000  0.01369284
 1.40000000 -0.10000000  0.11926413
 1.40000000 -0.05000000  0.26256910
 1.40000000  0.00000000  0.42196296
 1.40000000  0.05000000  0.57113860
 1.40000000  0.10000000  0.71931871
 1.40000000  0.15000000  0.84644994
 1.40000000  0.20000000  0.94590320
 1.40000000  0.25000000  1.02859713
 1.40000000  0.30000000  1.08957816
 1.40000000  0.35000000  1.13016122
 1.40000000  0.40000000  1.14111533
 1.40000000  0.45000000  1.13938631
 1.40000000  0.50000000  1.12497567
 1.40000000  0.55000000  1.09419495
 1.40000000  0.60000000  1.05132261
 1.40000000  0.65000000  1.01653167
 1.40000000  0.70000000  0.96017851
 1.40000000  0.75000000  0.90802893
 1.40000000  0.80000000  0.83701100
 1.40000000  0.85000000  0.73159177
 1.40000000  0.90000000  0.60410413
 1.40000000  0.95000000  0.42172729
 1.40000000  1.00000000  0.21729546
 1.40000000  1.05000000  0.00568812
 1.40000000  1.10000000 -0.17175458
 1.40000000  1.15000000 -0.30254198
 1.40000000  1.20000000 -0.34495210
 1.40000000  1.25000000 -0.34670653
 1.40000000  1.30000000 -0.30095561
 1.40000000  1.35000000 -0.25808650
 1.40000000  1.40000000 -0.25346329
 1.40000000  1.45000000 -0.29495970
 1.40000000  1.50000000 -0.39587347
 1.40000000  1.55000000 -0.53810385
 1.40000000  1.60000000 -0.71755998
 1.40000000  1.65000000 -0.89870326
 1.40000000  1.70000000 -1.06210993
 1.40000000  1.75000000 -1.17966335
 1.40000000  1.80000000 -1.23818555
 1.40000000  1.85000000 -1.22870317
 1.40000000  1.90000000 -1.15732230
 1.40000000  1.95000000 -1.02455538
 1.40000000  2.00000000 -0.86262806
 1.40000000  2.05000000 -0.65841540
 1.40000000  2.10000000 -0.43374147
 1.40000000  2.15000000 -0.19351220
 1.40000000  2.20000000  0.08641537
 1.45000000 -0.25000000  0.12744464
 1.45000000 -0.20000000  0.08748995
 1.45000000 -0.15000000  0.07148073
 1.45000000 -0.10000000  0.11902912
 1.45000000 -0.05000000  0.20484002
 1.45000000  0.00000000  0.29752387
 1.45000000  0.05000000  0.40459199
 1.45000000  0.10000000  0.48138514
 1.45000000  0.15000000  0.54879611
 1.45000000  0.20000000  0.59832237
 1.45000000  0.25000000  0.64114354
 1.45000000  0.30000000  0.68414191
 1.45000000  0.35000000  0.74132830
 1.45000000  0.40000000  0.79441037
 1.45000000  0.45000000  0.85065691
 1.45000000  0.50000000  0.89156149
 1.45000000  0.55000000  0.93294816
 1.45000000  0.60000000  0.95006966
 1.45000000  0.65000000  0.93660121
 1.45000000  0.70000000  0.90217464
 1.45000000  0.75000000  0.85408173
 1.45000000  0.80000000  0.77918448
 1.45000000  0.85000000  0.67711040
 1.45000000  0.90000000  0.55029049
 1.45000000  0.95000000  0.39305223
 1.45000000  1.00000000  0.20441871
 1.45000000  1.05000000  0.02160544
 1.45000000  1.10000000 -0.15887296
 1.45000000  1.15000000 -0.29230504
 1.45000000  1.20000000 -0.36002655
 1.45000000  1.25000000 -0.39558559
 1.45000000  1.30000000 -0.40173333
 1.45000000  1.35000000 -0.39954889
 1.45000000  1.40000000 -0.43435400
 1.45000000  1.45000000 -0.50330278
 1.45000000  1.50000000 -0.60870185
 1.45000000  1.55000000 -0.75349247
 1.45000000  1.60000000 -0.91582288
 1.45000000  1.65000000 -1.07583560
 1.45000000  1.70000000 -1.22830743
 1.45000000  1.75000000 -1.32674287
 1.45000000  1.80000000 -1.38410516
 1.45000000  1.85000000 -1.37809542
 1.45000000  1.90000000 -1.31509597
 1.45000000  1.95000000 -1.19159049
 1.45000000  2.00000000 -1.01940239
 1.45000000  2.05000000 -0.80666389
 1.45000000  2.10000000 -0.54217080
 1.45000000  2.15000000 -0.25594313
 1.45000000  2.20000000  0.08592582
 1.50000000 -0.25000000  0.37181820
 1.50000000 -0.20000000  0.25823875
 1.50000000 -0.15000000  0.18227556
 1.50000000 -0.10000000  0.17029528
 1.50000000 -0.05000000  0.19898291
 1.50000000  0.00000000  0.24843795
 1.50000000  0.05000000  0.30406744
 1.50000000  0.10000000  0.34615055
 1.50000000  0.15000000  0.34962019
 1.50000000  0.20000000  0.35485566
 1.50000000  0.25000000  0.36671836
 1.50000000  0.30000000  0.39916197
 1.50000000  0.35000000  0.44723322
 1.50000000  0.40000000  0.54080647
 1.50000000  0.45000000  0.64558495
 1.50000000  0.50000000  0.74417078
 1.50000000  0.55000000  0.83025553
 1.50000000  0.60000000  0.88067001
 1.50000000  0.65000000  0.89426017
 1.50000000  0.70000000  0.87471807
 1.50000000  0.75000000  0.81209096
 1.50000000  0.80000000  0.73529353
 1.50000000  0.85000000  0.62747365
 1.50000000  0.90000000  0.49382713
 1.50000000  0.95000000  0.34034324
 1.50000000  1.00000000  0.15905062
 1.50000000  1.05000000 -0.02850510
 1.50000000  1.10000000 -0.19890972
 1.50000000  1.15000000 -0.34286952
 1.50000000  1.20000000 -0.44277831
 1.50000000  1.25000000 -0.51665462
 1.50000000  1.30000000 -0.56634780
 1.50000000  1.35000000 -0.60859267
 1.50000000  1.40000000 -0.66913316
 1.50000000  1.45000000 -0.75513043
 1.50000000  1.50000000 -0.85996803
 1.50000000  1.55000000 -0.99096221
 1.50000000  1.60000000 -1.13337523
 1.50000000  1.65000000 -1.26822918
 1.50000000  1.70000000 -1.39277807
 1.50000000  1.75000000 -1.46931970
 1.50000000  1.80000000 -1.51739379
 1.50000000  1.85000000 -1.50563636
 1.50000000  1.90000000 -1.43471445
 1.50000000  1.95000000 -1.30281783
 1.50000000  2.00000000 -1.11701938
 1.50000000  2.05000000 -0.87232293
 1.50000000  2.10000000 -0.58254685
 1.50000000  2.15000000 -0.23488090
 1.50000000  2.20000000  0.15611728
 1.55000000 -0.25000000  0.63977839
 1.55000000 -0.20000000  0.47275665
 1.55000000 -0.15000000  0.34518178
 1.55000000 -0.10000000  0.28667691
 1.55000000 -0.05000000  0.28142323
 1.55000000  0.00000000  0.29358443
 1.55000000  0.05000000  0.30895321
 1.55000000  0.10000000  0.30484281
 1.55000000  0.15000000  0.27755623
 1.55000000  0.20000000  0.24893398
 1.55000000  0.25000000  0.22421804
 1.55000000  0.30000000  0.24514915
 1.55000000  0.35000000  0.29989324
 1.55000000  0.40000000  0.39989507
 1.55000000  0.45000000  0.52064714
 1.55000000  0.50000000  0.66079359
 1.55000000  0.55000000  0.76849259
 1.55000000  0.60000000  0.84949044
 1.55000000  0.65000000  0.87834320
 1.55000000  0.70000000  0.85466554
 1.55000000  0.75000000  0.79281320
 1.55000000  0.80000000  0.70389411
 1.55000000  0.85000000  0.59559462
 1.55000000  0.90000000  0.46003881
 1.55000000  0.95000000  0.29275528
 1.55000000  1.00000000  0.10820409
 1.55000000  1.05000000 -0.07948752
 1.55000000  1.10000000 -0.26663088
 1.55000000  1.15000000 -0.43526134
 1.55000000  1.20000000 -0.56834437
 1.55000000  1.25000000 -0.67998685
 1.55000000  1.30000000 -0.75914819
 1.55000000  1.35000000 -0.83542804
 1.55000000  1.40000000 -0.90748160
 1.55000000  1.45000000 -0.98875826
 1.55000000  1.50000000 -1.09236783
 1.55000000  1.55000000 -1.21243128
 1.55000000  1.60000000 -1.33084642
 1.55000000  1.65000000 -1.43947937
 1.55000000  1.70000000 -1.52912964
 1.55000000  1.75000000 -1.58663189
 1.55000000  1.80000000 -1.60925101
 1.55000000  1.85000000 -1.58058855
 1.55000000  1.90000000 -1.50014313
 1.55000000  1.95000000 -1.35920054
 1.55000000  2.00000000 -1.16021019
 1.55000000  2.05000000 -0.89131047
 1.55000000  2.10000000 -0.55800010
 1.55000000  2.15000000 -0.15764554
 1.55000000  2.20000000  0.28447713
 1.60000000 -0.25000000  0.91232200
 1.60000000 -0.20000000  0.71819335
 1.60000000 -0.15000000  0.56565485
 1.60000000 -0.10000000  0.48029996
 1.60000000 -0.05000000  0.44233749
 1.60000000  0.00000000  0.43788435
 1.60000000  0.05000000  0.42352506
 1.60000000  0.10000000  0.38620059
 1.60000000  0.15000000  0.33298092
 1.60000000  0.20000000  0.26659460
 1.60000000  0.25000000  0.21648535
 1.60000000  0.30000000  0.21492866
 1.60000000  0.35000000  0.26426348
 1.60000000  0.40000000  0.35393346
 1.60000000  0.45000000  0.48341436
 1.60000000  0.50000000  0.61865183
 1.60000000  0.55000000  0.73884591
 1.60000000  0.60000000  0.82091934
 1.60000000  0.65000000  0.84823987
 1.60000000  0.70000000  0.84003565
 1.60000000  0.75000000  0.78139818
 1.60000000  0.80000000  0.69706888
 1.60000000  0.85000000  0.58647989
 1.60000000  0.90000000  0.44748958
 1.60000000  0.95000000  0.29391750
 1.60000000  1.00000000  0.10471110
 1.60000000  1.05000000 -0.09264094
 1.60000000  1.10000000 -0.30493157
 1.60000000  1.15000000 -0.49346035
 1.60000000  1.20000000 -0.66415456
 1.60000000  1.25000000 -0.80045829
 1.60000000  1.30000000 -0.91245395
 1.60000000  1.35000000 -0.99905012
 1.60000000  1.40000000 -1.08375478
 1.60000000  1.45000000 -1.17583151
 1.60000000  1.50000000 -1.26958315
 1.60000000  1.55000000 -1.37278625
 1.60000000  1.60000000 -1.46952086
 1.60000000  1.65000000 -1.56151279
 1.60000000  1.70000000 -1.62340939
 1.60000000  1.75000000 -1.65348647
 1.60000000  1.80000000 -1.64655467
 1.60000000  1.85000000 -1.60830495
 1.60000000  1.90000000 -1.51650534
 1.60000000  1.95000000 -1.36410834
 1.60000000  2.00000000 -1.14140683
 1.60000000  2.05000000 -0.84720347
 1.60000000  2.10000000 -0.47667554
 1.60000000  2.15000000 -0.06230145
 1.60000000  2.20000000  0.41561542
 1.65000000 -0.25000000  1.16572091
 1.65000000 -0.20000000  0.96028121
 1.65000000 -0.15000000  0.81607652
 1.65000000 -0.10000000  0.72135539
 1.65000000 -0.05000000  0.67995100
 1.65000000  0.00000000  0.65164520
 1.65000000  0.05000000  0.62181903
 1.65000000  0.10000000  0.55655390
 1.65000000  0.15000000  0.47348903
 1.65000000  0.20000000  0.37648009
 1.65000000  0.25000000  0.30231245
 1.65000000  0.30000000  0.27616304
 1.65000000  0.35000000  0.30174375
 1.65000000  0.40000000  0.37667783
 1.65000000  0.45000000  0.48339280
 1.65000000  0.50000000  0.59647695
 1.65000000  0.55000000  0.70265067
 1.65000000  0.60000000  0.77766538
 1.65000000  0.65000000  0.80277945
 1.65000000  0.70000000  0.80121970
 1.65000000  0.75000000  0.76376863
 1.65000000  0.80000000  0.69159452
 1.65000000  0.85000000  0.61561077
 1.65000000  0.90000000  0.49964870
 1.65000000  0.95000000  0.34691727
 1.65000000  1.00000000  0.16868171
 1.65000000  1.05000000 -0.03612333
 1.65000000  1.10000000 -0.26526574
 1.65000000  1.15000000 -0.47669144
 1.65000000  1.20000000 -0.67368445
 1.65000000  1.25000000 -0.82991959
 1.65000000  1.30000000 -0.95810614
 1.65000000  1.35000000 -1.06977892
 1.65000000  1.40000000 -1.16815701
 1.65000000  1.45000000 -1.25223905
 1.65000000  1.50000000 -1.34175478
 1.65000000  1.55000000 -1.43838167
 1.65000000  1.60000000 -1.51527267
 1.65000000  1.65000000 -1.58240261
 1.65000000  1.70000000 -1.62795946
 1.65000000  1.75000000 -1.64723682
 1.65000000  1.80000000 -1.63382114
 1.65000000  1.85000000 -1.57135336
 1.65000000  1.90000000 -1.46797368
 1.65000000  1.95000000 -1.31274809
 1.65000000  2.00000000 -1.08956289
 1.65000000  2.05000000 -0.78719026
 1.65000000  2.10000000 -0.41982323
 1.65000000  2.15000000  0.01975816
 1.65000000  2.20000000  0.50712587
 1.70000000 -0.25000000  1.34707098
 1.70000000 -0.20000000  1.17895448
 1.70000000 -0.15000000  1.05885399
 1.70000000 -0.10000000  0.97831143
 1.70000000 -0.05000000  0.94254023
 1.70000000  0.00000000  0.90894378
 1.70000000  0.05000000  0.86148306
 1.70000000  0.10000000  0.77691008
 1.70000000  0.15000000  0.65739275
 1.70000000  0.20000000  0.53484367
 1.70000000  0.25000000  0.44316095
 1.70000000  0.30000000  0.39320823
 1.70000000  0.35000000  0.38345341
 1.70000000  0.40000000  0.41625159
 1.70000000  0.45000000  0.49310996
 1.70000000  0.50000000  0.56689072
 1.70000000  0.55000000  0.64600278
 1.70000000  0.60000000  0.70520383
 1.70000000  0.65000000  0.73756643
 1.70000000  0.70000000  0.74565084
 1.70000000  0.75000000  0.73093480
 1.70000000  0.80000000  0.69820443
 1.70000000  0.85000000  0.64918311
 1.70000000  0.90000000  0.56610595
 1.70000000  0.95000000  0.44855796
 1.70000000  1.00000000  0.29589170
 1.70000000  1.05000000  0.09338947
 1.70000000  1.10000000 -0.13575329
 1.70000000  1.15000000 -0.35149133
 1.70000000  1.20000000 -0.56007593
 1.70000000  1.25000000 -0.73819745
 1.70000000  1.30000000 -0.88149082
 1.70000000  1.35000000 -1.00015481
 1.70000000  1.40000000 -1.10841290
 1.70000000  1.45000000 -1.20566906
 1.70000000  1.50000000 -1.29062217
 1.70000000  1.55000000 -1.37258503
 1.70000000  1.60000000 -1.45097051
 1.70000000  1.65000000 -1.51170324
 1.70000000  1.70000000 -1.54361954
 1.70000000  1.75000000 -1.54561229
 1.70000000  1.80000000 -1.52230617
 1.70000000  1.85000000 -1.46915410
 1.70000000  1.90000000 -1.37408885
 1.70000000  1.95000000 -1.22640613
 1.70000000  2.00000000 -1.01833565
 1.70000000  2.05000000 -0.73213990
 1.70000000  2.10000000 -0.38566978
 1.70000000  2.15000000  0.03818313
 1.70000000  2.20000000  0.50404269
 1.75000000 -0.25000000  1.45149848
 1.75000000 -0.20000000  1.33688250
 1.75000000 -0.15000000  1.25375051
 1.75000000 -0.10000000  1.20678373
 1.75000000 -0.05000000  1.18441999
 1.75000000  0.00000000  1.15481511
 1.75000000  0.05000000  1.09442245
 1.75000000  0.10000000  0.98752124
 1.75000000  0.15000000  0.85299686
 1.75000000  0.20000000  0.70404367
 1.75000000  0.25000000  0.58394005
 1.75000000  0.30000000  0.50093848
 1.75000000  0.35000000  0.45446760
 1.75000000  0.40000000  0.46537152
 1.75000000  0.45000000  0.48502802
 1.75000000  0.50000000  0.52405195
 1.75000000  0.55000000  0.56747959
 1.75000000  0.60000000  0.60285699
 1.75000000  0.65000000  0.62640909
 1.75000000  0.70000000  0.65353584
 1.75000000  0.75000000  0.66614473
 1.75000000  0.80000000  0.66669796
 1.75000000  0.85000000  0.65758184
 1.75000000  0.90000000  0.61428069
 1.75000000  0.95000000  0.54920261
 1.75000000  1.00000000  0.42988344
 1.75000000  1.05000000  0.25732212
 1.75000000  1.10000000  0.05859608
 1.75000000  1.15000000 -0.15005201
 1.75000000  1.20000000 -0.35294669
 1.75000000  1.25000000 -0.53366257
 1.75000000  1.30000000 -0.68639132
 1.75000000  1.35000000 -0.81773601
 1.75000000  1.40000000 -0.93510806
 1.75000000  1.45000000 -1.03887137
 1.75000000  1.50000000 -1.12409840
 1.75000000  1.55000000 -1.20963784
 1.75000000  1.60000000 -1.27690037
 1.75000000  1.65000000 -1.32264739
 1.75000000  1.70000000 -1.34214182
 1.75000000  1.75000000 -1.34728034
 1.75000000  1.80000000 -1.33619904
 1.75000000  1.85000000 -1.30261081
 1.75000000  1.90000000 -1.22816630
 1.75000000  1.95000000 -1.12035654
 1.75000000  2.00000000 -0.94980716
 1.75000000  2.05000000 -0.71118091
 1.75000000  2.10000000 -0.40126724
 1.75000000  2.15000000 -0.02881555
 1.75000000  2.20000000  0.39251291
 1.80000000 -0.25000000  1.47725058
 1.80000000 -0.20000000  1.41298202
 1.80000000 -0.15000000  1.38972594
 1.80000000 -0.10000000  1.37920020
 1.80000000 -0.05000000  1.37843237
 1.80000000  0.00000000  1.34675775
 1.80000000  0.05000000  1.27773630
 1.80000000  0.10000000  1.15233861
 1.80000000  0.15000000  0.99788401
 1.80000000  0.20000000  0.84123420
 1.80000000  0.25000000  0.69525513
 1.80000000  0.30000000  0.58375998
 1.80000000  0.35000000  0.51521656
 1.80000000  0.40000000  0.47312536
 1.80000000  0.45000000  0.45535044
 1.80000000  0.50000000  0.45510451
 1.80000000  0.55000000  0.46701182
 1.80000000  0.60000000  0.47511479
 1.80000000  0.65000000  0.49529000
 1.80000000  0.70000000  0.52124862
 1.80000000  0.75000000  0.55393637
 1.80000000  0.80000000  0.58200991
 1.80000000  0.85000000  0.60620892
 1.80000000  0.90000000  0.61420924
 1.80000000  0.95000000  0.58752542
 1.80000000  1.00000000  0.52227831
 1.80000000  1.05000000  0.40377205
 1.80000000  1.10000000  0.24413780
 1.80000000  1.15000000  0.07440445
 1.80000000  1.20000000 -0.10173225
 1.80000000  1.25000000 -0.26931717
 1.80000000  1.30000000 -0.41946297
 1.80000000  1.35000000 -0.56327981
 1.80000000  1.40000000 -0.68696070
 1.80000000  1.45000000 -0.79939674
 1.80000000  1.50000000 -0.88896925
 1.80000000  1.55000000 -0.97324928
 1.80000000  1.60000000 -1.02803722
 1.80000000  1.65000000 -1.06334839
 1.80000000  1.70000000 -1.07565871
 1.80000000  1.75000000 -1.08349313
 1.80000000  1.80000000 -1.08279950
 1.80000000  1.85000000 -1.07876577
 1.80000000  1.90000000 -1.05140212
 1.80000000  1.95000000 -1.00103262
 1.80000000  2.00000000 -0.89048609
 1.80000000  2.05000000 -0.71588043
 1.80000000  2.10000000 -0.47568406
 1.80000000  2.15000000 -0.16507153
 1.80000000  2.20000000  0.19187369
 1.85000000 -0.25000000  1.42609341
 1.85000000 -0.20000000  1.42063348
 1.85000000 -0.15000000  1.43499468
 1.85000000 -0.10000000  1.47527129
 1.85000000 -0.05000000  1.49118005
 1.85000000  0.00000000  1.46783114
 1.85000000  0.05000000  1.39811532
 1.85000000  0.10000000  1.26303683
 1.85000000  0.15000000  1.10509941
 1.85000000  0.20000000  0.92435372
 1.85000000  0.25000000  0.76451945
 1.85000000  0.30000000  0.63515279
 1.85000000  0.35000000  0.53812919
 1.85000000  0.40000000  0.46924121
 1.85000000  0.45000000  0.41931385
 1.85000000  0.50000000  0.37625101
 1.85000000  0.55000000  0.35470906
 1.85000000  0.60000000  0.35298097
 1.85000000  0.65000000  0.35819308
 1.85000000  0.70000000  0.37837000
 1.85000000  0.75000000  0.41422588
 1.85000000  0.80000000  0.44836667
 1.85000000  0.85000000  0.49610759
 1.85000000  0.90000000  0.53263452
 1.85000000  0.95000000  0.54301933
 1.85000000  1.00000000  0.52252991
 1.85000000  1.05000000  0.46422167
 1.85000000  1.10000000  0.36567290
 1.85000000  1.15000000  0.25149816
 1.85000000  1.20000000  0.11977476
 1.85000000  1.25000000 -0.01632289
 1.85000000  1.30000000 -0.16374765
 1.85000000  1.35000000 -0.29546036
 1.85000000  1.40000000 -0.43736901
 1.85000000  1.45000000 -0.55221517
 1.85000000  1.50000000 -0.64723384
 1.85000000  1.55000000 -0.71495277
 1.85000000  1.60000000 -0.74147415
 1.85000000  1.65000000 -0.75262025
 1.85000000  1.70000000 -0.75952694
 1.85000000  1.75000000 -0.76359404
 1.85000000  1.80000000 -0.78988880
 1.85000000  1.85000000 -0.81958496
 1.85000000  1.90000000 -0.85200981
 1.85000000  1.95000000 -0.85875923
 1.85000000  2.00000000 -0.82663735
 1.85000000  2.05000000 -0.73309376
 1.85000000  2.10000000 -0.57162221
 1.85000000  2.15000000 -0.35118253
 1.85000000  2.20000000 -0.07895064
 1.90000000 -0.25000000  1.32165614
 1.90000000 -0.20000000  1.36951701
 1.90000000 -0.15000000  1.42722458
 1.90000000 -0.10000000  1.48622342
 1.90000000 -0.05000000  1.53250303
 1.90000000  0.00000000  1.52245494
 1.90000000  0.05000000  1.45328247
 1.90000000  0.10000000  1.31972619
 1.90000000  0.15000000  1.15527556
 1.90000000  0.20000000  0.97313162
 1.90000000  0.25000000  0.80181361
 1.90000000  0.30000000  0.66275471
 1.90000000  0.35000000  0.54678218
 1.90000000  0.40000000  0.44609917
 1.90000000  0.45000000  0.36777363
 1.90000000  0.50000000  0.30564843
 1.90000000  0.55000000  0.26425573
 1.90000000  0.60000000  0.24355291
 1.90000000  0.65000000  0.23751721
 1.90000000  0.70000000  0.24818236
 1.90000000  0.75000000  0.26327081
 1.90000000  0.80000000  0.28720328
 1.90000000  0.85000000  0.32641157
 1.90000000  0.90000000  0.34918759
 1.90000000  0.95000000  0.38187701
 1.90000000  1.00000000  0.40385994
 1.90000000  1.05000000  0.39915814
 1.90000000  1.10000000  0.37854382
 1.90000000  1.15000000  0.33412026
 1.90000000  1.20000000  0.26304382
 1.90000000  1.25000000  0.16985980
 1.90000000  1.30000000  0.04879682
 1.90000000  1.35000000 -0.08703438
 1.90000000  1.40000000 -0.22449065
 1.90000000  1.45000000 -0.34311024
 1.90000000  1.50000000 -0.42998106
 1.90000000  1.55000000 -0.47858945
 1.90000000  1.60000000 -0.47712031
 1.90000000  1.65000000 -0.46396288
 1.90000000  1.70000000 -0.43988893
 1.90000000  1.75000000 -0.44665307
 1.90000000  1.80000000 -0.48886237
 1.90000000  1.85000000 -0.55810370
 1.90000000  1.90000000 -0.63651282
 1.90000000  1.95000000 -0.70923881
 1.90000000  2.00000000 -0.75283021
 1.90000000  2.05000000 -0.74090819
 1.90000000  2.10000000 -0.67436969
 1.90000000  2.15000000 -0.54194627
 1.90000000  2.20000000 -0.35585554
 1.95000000 -0.25000000  1.19203160
 1.95000000 -0.20000000  1.27240782
 1.95000000 -0.15000000  1.36035701
 1.95000000 -0.10000000  1.44920991
 1.95000000 -0.05000000  1.51290558
 1.95000000  0.00000000  1.52127457
 1.95000000  0.05000000  1.46364412
 1.95000000  0.10000000  1.33549986
 1.95000000  0.15000000  1.17565114
 1.95000000  0.20000000  0.99383479
 1.95000000  0.25000000  0.81468638
 1.95000000  0.30000000  0.65895368
 1.95000000  0.35000000  0.52513829
 1.95000000  0.40000000  0.41400959
 1.95000000  0.45000000  0.33357210
 1.95000000  0.50000000  0.25644846
 1.95000000  0.55000000  0.20434294
 1.95000000  0.60000000  0.18211448
 1.95000000  0.65000000  0.16487712
 1.95000000  0.70000000  0.15292147
 1.95000000  0.75000000  0.14397906
 1.95000000  0.80000000  0.12977523
 1.95000000  0.85000000  0.11957252
 1.95000000  0.90000000  0.11734479
 1.95000000  0.95000000  0.13596846
 1.95000000  1.00000000  0.16372722
 1.95000000  1.05000000  0.20972429
 1.95000000  1.10000000  0.25328397
 1.95000000  1.15000000  0.27987567
 1.95000000  1.20000000  0.28290424
 1.95000000  1.25000000  0.24037962
 1.95000000  1.30000000  0.15860250
 1.95000000  1.35000000  0.04347358
 1.95000000  1.40000000 -0.08255576
 1.95000000  1.45000000 -0.19875914
 1.95000000  1.50000000 -0.27209371
 1.95000000  1.55000000 -0.29007540
 1.95000000  1.60000000 -0.26073967
 1.95000000  1.65000000 -0.20464313
 1.95000000  1.70000000 -0.16574788
 1.95000000  1.75000000 -0.15980762
 1.95000000  1.80000000 -0.20146196
 1.95000000  1.85000000 -0.29497002
 1.95000000  1.90000000 -0.42337640
 1.95000000  1.95000000 -0.54276406
 1.95000000  2.00000000 -0.65573953
 1.95000000  2.05000000 -0.72326448
 1.95000000  2.10000000 -0.73299863
 1.95000000  2.15000000 -0.69449836
 1.95000000  2.20000000 -0.59591706
 2.00000000 -0.25000000  1.05897428
 2.00000000 -0.20000000  1.16322338
 2.00000000 -0.15000000  1.26851538
 2.00000000 -0.10000000  1.36776483
 2.00000000 -0.05000000  1.44319363
 2.00000000  0.00000000  1.47478832
 2.00000000  0.05000000  1.42957297
 2.00000000  0.10000000  1.32460990
 2.00000000  0.15000000  1.16248048
 2.00000000  0.20000000  0.97946465
 2.00000000  0.25000000  0.80329736
 2.00000000  0.30000000  0.63736601
 2.00000000  0.35000000  0.50045333
 2.00000000  0.40000000  0.38158586
 2.00000000  0.45000000  0.29909020
 2.00000000  0.50000000  0.23774659
 2.00000000  0.55000000  0.19397781
 2.00000000  0.60000000  0.16739542
 2.00000000  0.65000000  0.16196973
 2.00000000  0.70000000  0.13241790
 2.00000000  0.75000000  0.08086441
 2.00000000  0.80000000  0.00665239
 2.00000000  0.85000000 -0.07352879
 2.00000000  0.90000000 -0.14196100
 2.00000000  0.95000000 -0.16702160
 2.00000000  1.00000000 -0.15007324
 2.00000000  1.05000000 -0.08963693
 2.00000000  1.10000000  0.01250765
 2.00000000  1.15000000  0.11301748
 2.00000000  1.20000000  0.17639123
 2.00000000  1.25000000  0.20245231
 2.00000000  1.30000000  0.16982783
 2.00000000  1.35000000  0.09034450
 2.00000000  1.40000000 -0.00789234
 2.00000000  1.45000000 -0.11181775
 2.00000000  1.50000000 -0.16071779
 2.00000000  1.55000000 -0.15662367
 2.00000000  1.60000000 -0.10090268
 2.00000000  1.65000000 -0.01178995
 2.00000000  1.70000000  0.05846280
 2.00000000  1.75000000  0.08462009
 2.00000000  1.80000000  0.04312339
 2.00000000  1.85000000 -0.06083879
 2.00000000  1.90000000 -0.20882290
 2.00000000  1.95000000 -0.37135506
 2.00000000  2.00000000 -0.53198563
 2.00000000  2.05000000 -0.66257526
 2.00000000  2.10000000 -0.74640063
 2.00000000  2.15000000 -0.79041256
 2.00000000  2.20000000 -0.76861414
 2.05000000 -0.25000000  0.94391536
 2.05000000 -0.20000000  1.03815909
 2.05000000 -0.15000000  1.15183294
 2.05000000 -0.10000000  1.25023588
 2.05000000 -0.05000000  1.33610465
 2.05000000  0.00000000  1.37633183
 2.05000000  0.05000000  1.35391826
 2.05000000  0.10000000  1.26073731
 2.05000000  0.15000000  1.11824264
 2.05000000  0.20000000  0.94470121
 2.05000000  0.25000000  0.76234183
 2.05000000  0.30000000  0.59276268
 2.05000000  0.35000000  0.45178276
 2.05000000  0.40000000  0.35779840
 2.05000000  0.45000000  0.27897259
 2.05000000  0.50000000  0.23937417
 2.05000000  0.55000000  0.22897282
 2.05000000  0.60000000  0.23341135
 2.05000000  0.65000000  0.22270955
 2.05000000  0.70000000  0.17588649
 2.05000000  0.75000000  0.08221788
 2.05000000  0.80000000 -0.05886339
 2.05000000  0.85000000 -0.23599937
 2.05000000  0.90000000 -0.38898744
 2.05000000  0.95000000 -0.48808368
 2.05000000  1.00000000 -0.50961252
 2.05000000  1.05000000 -0.44289471
 2.05000000  1.10000000 -0.32024099
 2.05000000  1.15000000 -0.15710792
 2.05000000  1.20000000 -0.01341107
 2.05000000  1.25000000  0.08398555
 2.05000000  1.30000000  0.11412691
 2.05000000  1.35000000  0.08638061
 2.05000000  1.40000000  0.01895444
 2.05000000  1.45000000 -0.03994158
 2.05000000  1.50000000 -0.07899426
 2.05000000  1.55000000 -0.05468448
 2.05000000  1.60000000  0.01697526
 2.05000000  1.65000000  0.12505157
 2.05000000  1.70000000  0.21492154
 2.05000000  1.75000000  0.25510472
 2.05000000  1.80000000  0.22802983
 2.05000000  1.85000000  0.12645491
 2.05000000  1.90000000 -0.02986846
 2.05000000  1.95000000 -0.21238588
 2.05000000  2.00000000 -0.40171147
 2.05000000  2.05000000 -0.57601932
 2.05000000  2.10000000 -0.71620633
 2.05000000  2.15000000 -0.83030925
 2.05000000  2.20000000 -0.88126100
 2.10000000 -0.25000000  0.80668766
 2.10000000 -0.20000000  0.90022860
 2.10000000 -0.15000000  0.98742625
 2.10000000 -0.10000000  1.08242899
 2.10000000 -0.05000000  1.17204669
 2.10000000  0.00000000  1.22372901
 2.10000000  0.05000000  1.21890768
 2.10000000  0.10000000  1.14412611
 2.10000000  0.15000000  1.01215979
 2.10000000  0.20000000  0.84051391
 2.10000000  0.25000000  0.66305961
 2.10000000  0.30000000  0.51116401
 2.10000000  0.35000000  0.39057343
 2.10000000  0.40000000  0.31474493
 2.10000000  0.45000000  0.27405902
 2.10000000  0.50000000  0.27631675
 2.10000000  0.55000000  0.31008457
 2.10000000  0.60000000  0.34070617
 2.10000000  0.65000000  0.33673796
 2.10000000  0.70000000  0.26945826
 2.10000000  0.75000000  0.13401912
 2.10000000  0.80000000 -0.09144818
 2.10000000  0.85000000 -0.35153632
 2.10000000  0.90000000 -0.60431449
 2.10000000  0.95000000 -0.78615157
 2.10000000  1.00000000 -0.86940544
 2.10000000  1.05000000 -0.81962364
 2.10000000  1.10000000 -0.67444008
 2.10000000  1.15000000 -0.47437488
 2.10000000  1.20000000 -0.25601497
 2.10000000  1.25000000 -0.07741548
 2.10000000  1.30000000  0.03145803
 2.10000000  1.35000000  0.06929175
 2.10000000  1.40000000  0.05709135
 2.10000000  1.45000000  0.03230758
 2.10000000  1.50000000  0.01445536
 2.10000000  1.55000000  0.04683456
 2.10000000  1.60000000  0.12324895
 2.10000000  1.65000000  0.23815379
 2.10000000  1.70000000  0.30919522
 2.10000000  1.75000000  0.35503088
 2.10000000  1.80000000  0.34336376
 2.10000000  1.85000000  0.25708628
 2.10000000  1.90000000  0.10697215
 2.10000000  1.95000000 -0.08490538
 2.10000000  2.00000000 -0.28905504
 2.10000000  2.05000000 -0.48630635
 2.10000000  2.10000000 -0.67735190
 2.10000000  2.15000000 -0.83285466
 2.10000000  2.20000000 -0.94824001
 2.15000000 -0.25000000  0.64768400
 2.15000000 -0.20000000  0.71502780
 2.15000000 -0.15000000  0.78009911
 2.15000000 -0.10000000  0.86319067
 2.15000000 -0.05000000  0.93699221
 2.15000000  0.00000000  0.98843655
 2.15000000  0.05000000  0.99432206
 2.15000000  0.10000000  0.93705949
 2.15000000  0.15000000  0.81934207
 2.15000000  0.20000000  0.65742281
 2.15000000  0.25000000  0.49645689
 2.15000000  0.30000000  0.36998878
 2.15000000  0.35000000  0.28621681
 2.15000000  0.40000000  0.25743505
 2.15000000  0.45000000  0.28268910
 2.15000000  0.50000000  0.34736325
 2.15000000  0.55000000  0.41618045
 2.15000000  0.60000000  0.47849517
 2.15000000  0.65000000  0.48387481
 2.15000000  0.70000000  0.40108792
 2.15000000  0.75000000  0.20780839
 2.15000000  0.80000000 -0.09305282
 2.15000000  0.85000000 -0.44497576
 2.15000000  0.90000000 -0.78992829
 2.15000000  0.95000000 -1.05622025
 2.15000000  1.00000000 -1.19081742
 2.15000000  1.05000000 -1.17390246
 2.15000000  1.10000000 -1.01657515
 2.15000000  1.15000000 -0.76455663
 2.15000000  1.20000000 -0.49088156
 2.15000000  1.25000000 -0.23283727
 2.15000000  1.30000000 -0.03972594
 2.15000000  1.35000000  0.07786906
 2.15000000  1.40000000  0.13361165
 2.15000000  1.45000000  0.14984284
 2.15000000  1.50000000  0.16038254
 2.15000000  1.55000000  0.18518888
 2.15000000  1.60000000  0.24326062
 2.15000000  1.65000000  0.31384075
 2.15000000  1.70000000  0.37952455
 2.15000000  1.75000000  0.40920455
 2.15000000  1.80000000  0.38394962
 2.15000000  1.85000000  0.30005370
 2.15000000  1.90000000  0.15875751
 2.15000000  1.95000000 -0.01819550
 2.15000000  2.00000000 -0.21896489
 2.15000000  2.05000000 -0.44432769
 2.15000000  2.10000000 -0.64890984
 2.15000000  2.15000000 -0.85094940
 2.15000000  2.20000000 -1.00195768
 2.20000000 -0.25000000  0.45285643
 2.20000000 -0.20000000  0.48239234
 2.20000000 -0.15000000  0.51266537
 2.20000000 -0.10000000  0.55738538
 2.20000000 -0.05000000  0.61481117
 2.20000000  0.00000000  0.65872729
 2.20000000  0.05000000  0.66030482
 2.20000000  0.10000000  0.62191113
 2.20000000  0.15000000  0.52051313
 2.20000000  0.20000000  0.39327512
 2.20000000  0.25000000  0.26564288
 2.20000000  0.30000000  0.18219130
 2.20000000  0.35000000  0.15377900
 2.20000000  0.40000000  0.19772621
 2.20000000  0.45000000  0.29235520
 2.20000000  0.50000000  0.42748116
 2.20000000  0.55000000  0.54850873
 2.20000000  0.60000000  0.62852061
 2.20000000  0.65000000  0.63002402
 2.20000000  0.70000000  0.52316559
 2.20000000  0.75000000  0.26566118
 2.20000000  0.80000000 -0.09704452
 2.20000000  0.85000000 -0.52363016
 2.20000000  0.90000000 -0.95367707
 2.20000000  0.95000000 -1.27559229
 2.20000000  1.00000000 -1.44951229
 2.20000000  1.05000000 -1.45175344
 2.20000000  1.10000000 -1.28141788
 2.20000000  1.15000000 -1.00756101
 2.20000000  1.20000000 -0.67044673
 2.20000000  1.25000000 -0.33712662
 2.20000000  1.30000000 -0.06276583
 2.20000000  1.35000000  0.13845196
 2.20000000  1.40000000  0.26344729
 2.20000000  1.45000000  0.32310802
 2.20000000  1.50000000  0.35328733
 2.20000000  1.55000000  0.36163412
 2.20000000  1.60000000  0.37976072
 2.20000000  1.65000000  0.39592399
 2.20000000  1.70000000  0.41586887
 2.20000000  1.75000000  0.40734255
 2.20000000  1.80000000  0.36692020
 2.20000000  1.85000000  0.27555996
 2.20000000  1.90000000  0.13589441
 2.20000000  1.95000000 -0.03862998
 2.20000000  2.00000000 -0.24739766
 2.20000000  2.05000000 -0.46678192
 2.20000000  2.10000000 -0.70178313
 2.20000000  2.15000000 -0.90953980
 2.20000000  2.20000000 -1.07777792
