LP
[1.880682405566688, 3.5874126115455436, 5.4680950171122316, 7.1748252230910872, 9.0555076286577751]
myqEI
[0.24722286178613195, 2.8455013660712414, 8.5601266477350997, 13.568454804126194, 17.323832017243497]
PE
[1.880682405566688, 4.2617201370099975, 6.5551774485472025, 7.8103024718509078, 9.6909848774175948]
BUCB
[0.24722286178613195, 2.8455013660712414, 6.6008785791885449, 11.91476227060442, 19.058390763356591]
MLE H=4
[2.3487772998291785, 7.662660991245053, 16.28944974927731, 26.263050177923567, 36.306069720188177]
H=1
[1.3182471574095997, 2.7537282691381968, 4.253408919721295, 5.6888900314498922, 7.1885706820329904]
H=2
[1.880682405566688, 4.2617201370099975, 6.5976083408272732, 8.9786460722705819, 11.314534276087858]
H=3
[1.880682405566688, 4.2617201370099975, 6.5976083408272732, 8.9786460722705819, 11.314534276087858]
