Physical State
[[ 0.95  1.  ]
 [ 0.9   1.  ]
 [ 0.85  1.  ]
 [ 0.8   1.  ]]
Locations
[[ 1.    1.  ]
 [ 1.05  1.  ]
 [ 1.1   1.  ]
 [ 1.15  1.  ]
 [ 1.2   1.  ]
 [ 1.15  1.  ]
 [ 1.1   1.  ]
 [ 1.05  1.  ]
 [ 1.    1.  ]
 [ 0.95  1.  ]
 [ 0.9   1.  ]
 [ 0.85  1.  ]
 [ 0.8   1.  ]]
Measurements
[ 0.47184674  0.32582447  0.14241858 -0.04658425 -0.24967116 -0.04658425
  0.14241858  0.32582447  0.47184674  0.566184    0.58029973  0.53660547
  0.40322607]
Total accumulated reward = 3.15180842838
Nodes expanded = -1