Physical State
[[ 1.2   1.25]
 [ 1.2   1.3 ]
 [ 1.2   1.35]
 [ 1.2   1.4 ]]
Locations
[[ 1.    1.  ]
 [ 1.    1.05]
 [ 1.    1.1 ]
 [ 1.    1.15]
 [ 1.    1.2 ]
 [ 1.05  1.2 ]
 [ 1.1   1.2 ]
 [ 1.15  1.2 ]
 [ 1.2   1.2 ]
 [ 1.2   1.25]
 [ 1.2   1.3 ]
 [ 1.2   1.35]
 [ 1.2   1.4 ]]
Measurements
[ 0.13392757  0.23807734  0.40808157  0.65491022  0.97370042  0.92555066
  0.84645757  0.72174976  0.58538608  0.94342231  1.27732259  1.53420593
  1.68752736]
Total accumulated reward = 10.7963917981
Nodes expanded = -1.0