Physical State
[[ 0.8   0.75]
 [ 0.8   0.7 ]
 [ 0.8   0.65]
 [ 0.8   0.6 ]]
Locations
[[ 1.    1.  ]
 [ 1.    0.95]
 [ 1.    0.9 ]
 [ 1.    0.85]
 [ 1.    0.8 ]
 [ 0.95  0.8 ]
 [ 0.9   0.8 ]
 [ 0.85  0.8 ]
 [ 0.8   0.8 ]
 [ 0.8   0.75]
 [ 0.8   0.7 ]
 [ 0.8   0.65]
 [ 0.8   0.6 ]]
Measurements
[-0.57287335 -0.65683592 -0.65240963 -0.56622431 -0.40290631 -0.41032104
 -0.40967616 -0.41506869 -0.43649219 -0.00981601  0.40161081  0.75602937
  1.03127295]
Total accumulated reward = -1.77083710817
Nodes expanded = -1.0