Physical State
[[ 0.8   1.15]
 [ 0.8   1.1 ]
 [ 0.8   1.05]
 [ 0.8   1.  ]]
Locations
[[ 1.    1.  ]
 [ 0.95  1.  ]
 [ 0.9   1.  ]
 [ 0.85  1.  ]
 [ 0.8   1.  ]
 [ 0.8   1.05]
 [ 0.8   1.1 ]
 [ 0.8   1.15]
 [ 0.8   1.2 ]
 [ 0.8   1.15]
 [ 0.8   1.1 ]
 [ 0.8   1.05]
 [ 0.8   1.  ]]
Measurements
[ 0.33235771  0.44038426  0.5040647   0.528201    0.5063099   0.60538678
  0.6627286   0.65974037  0.55145943  0.65974037  0.6627286   0.60538678
  0.5063099 ]
Total accumulated reward = 6.89244069321
Nodes expanded = -1