Physical State
[[ 1.    0.95]
 [ 1.    0.9 ]
 [ 1.    0.85]
 [ 1.    0.8 ]]
Locations
[[ 1.    1.  ]
 [ 0.95  1.  ]
 [ 0.9   1.  ]
 [ 0.85  1.  ]
 [ 0.8   1.  ]
 [ 0.85  1.  ]
 [ 0.9   1.  ]
 [ 0.95  1.  ]
 [ 1.    1.  ]
 [ 1.05  1.  ]
 [ 1.1   1.  ]
 [ 1.15  1.  ]
 [ 1.2   1.  ]
 [ 1.15  1.  ]
 [ 1.1   1.  ]
 [ 1.05  1.  ]
 [ 1.    1.  ]
 [ 1.    0.95]
 [ 1.    0.9 ]
 [ 1.    0.85]
 [ 1.    0.8 ]]
Measurements
[ 1.95175563  1.80801021  1.54270926  1.16258247  0.72176184  1.16258247
  1.54270926  1.80801021  1.95175563  1.95059338  1.82573399  1.60196019
  1.29566023  1.60196019  1.82573399  1.95059338  1.95175563  2.15426418
  2.23305472  2.17042829  1.96110394]
Total accumulated reward = 34.2229634405
Nodes expanded = -1