Physical State
[[ 1.    0.25]
 [ 1.    0.3 ]
 [ 1.    0.35]
 [ 1.    0.4 ]]
Locations
[[ 1.    1.  ]
 [ 1.    0.95]
 [ 1.    0.9 ]
 [ 1.    0.85]
 [ 1.    0.8 ]
 [ 1.    0.75]
 [ 1.    0.7 ]
 [ 1.    0.65]
 [ 1.    0.6 ]
 [ 1.    0.55]
 [ 1.    0.5 ]
 [ 1.    0.45]
 [ 1.    0.4 ]
 [ 1.    0.35]
 [ 1.    0.3 ]
 [ 1.    0.25]
 [ 1.    0.2 ]
 [ 1.    0.25]
 [ 1.    0.3 ]
 [ 1.    0.35]
 [ 1.    0.4 ]]
Measurements
[-0.69234348 -1.03283308 -1.28718118 -1.43217451 -1.44687512 -1.38125397
 -1.2907118  -1.22286384 -1.20251362 -1.24446623 -1.29587562 -1.32068755
 -1.28082498 -1.15171016 -0.95033993 -0.67127133 -0.3653292  -0.67127133
 -0.95033993 -1.15171016 -1.28082498]
Total accumulated reward = -22.6310585436
Nodes expanded = -1.0