Physical State
[[ 1.15  0.6 ]
 [ 1.1   0.6 ]
 [ 1.05  0.6 ]
 [ 1.    0.6 ]]
Locations
[[ 1.    1.  ]
 [ 1.    0.95]
 [ 1.    0.9 ]
 [ 1.    0.85]
 [ 1.    0.8 ]
 [ 1.05  0.8 ]
 [ 1.1   0.8 ]
 [ 1.15  0.8 ]
 [ 1.2   0.8 ]
 [ 1.2   0.75]
 [ 1.2   0.7 ]
 [ 1.2   0.65]
 [ 1.2   0.6 ]
 [ 1.15  0.6 ]
 [ 1.1   0.6 ]
 [ 1.05  0.6 ]
 [ 1.    0.6 ]]
Measurements
[ 0.13392757  0.09314915  0.09312871  0.1408505   0.20596513  0.27888784
  0.36498486  0.42443206  0.41648721  0.41295776  0.3621361   0.27516295
  0.16514132  0.20572793  0.24404256  0.32411396  0.47949149]
Total accumulated reward = 4.48665951652
Nodes expanded = -1