Physical State
[[ 1.4   0.85]
 [ 1.4   0.9 ]
 [ 1.4   0.95]
 [ 1.4   1.  ]]
Locations
[[ 1.    1.  ]
 [ 1.05  1.  ]
 [ 1.1   1.  ]
 [ 1.15  1.  ]
 [ 1.2   1.  ]
 [ 1.2   0.95]
 [ 1.2   0.9 ]
 [ 1.2   0.85]
 [ 1.2   0.8 ]
 [ 1.25  0.8 ]
 [ 1.3   0.8 ]
 [ 1.35  0.8 ]
 [ 1.4   0.8 ]
 [ 1.4   0.85]
 [ 1.4   0.9 ]
 [ 1.4   0.95]
 [ 1.4   1.  ]]
Measurements
[-0.57287335 -0.29449398 -0.01239151  0.27735296  0.57384111  0.37018718
  0.16797697 -0.00560217 -0.14502571  0.00240716  0.19445027  0.39634396
  0.61527654  0.90512644  1.16111411  1.34751026  1.43519994]
Total accumulated reward = 6.98927352917
Nodes expanded = -1.0