Physical State
[[ 1.2   0.85]
 [ 1.2   0.9 ]
 [ 1.2   0.95]
 [ 1.2   1.  ]]
Locations
[[ 1.    1.  ]
 [ 1.05  1.  ]
 [ 1.1   1.  ]
 [ 1.15  1.  ]
 [ 1.2   1.  ]
 [ 1.2   0.95]
 [ 1.2   0.9 ]
 [ 1.2   0.85]
 [ 1.2   0.8 ]
 [ 1.2   0.85]
 [ 1.2   0.9 ]
 [ 1.2   0.95]
 [ 1.2   1.  ]]
Measurements
[-0.45359257 -0.60244204 -0.77012315 -0.90796206 -1.00999956 -1.32443165
 -1.68398081 -2.08752701 -2.46757816 -2.08752701 -1.68398081 -1.32443165
 -1.00999956]
Total accumulated reward = -16.9599834712
Nodes expanded = -1