Physical State
[[ 1.2   0.85]
 [ 1.2   0.9 ]
 [ 1.2   0.95]
 [ 1.2   1.  ]]
Locations
[[ 1.    1.  ]
 [ 1.    0.95]
 [ 1.    0.9 ]
 [ 1.    0.85]
 [ 1.    0.8 ]
 [ 1.05  0.8 ]
 [ 1.1   0.8 ]
 [ 1.15  0.8 ]
 [ 1.2   0.8 ]
 [ 1.2   0.85]
 [ 1.2   0.9 ]
 [ 1.2   0.95]
 [ 1.2   1.  ]]
Measurements
[ 1.95175563  2.15426418  2.23305472  2.17042829  1.96110394  1.9537866
  1.80283083  1.53877574  1.21457201  1.37653953  1.4374676   1.40724788
  1.29566023]
Total accumulated reward = 20.5457315503
Nodes expanded = 4