Physical State
[[ 1.    0.85]
 [ 1.    0.9 ]
 [ 1.    0.95]
 [ 1.    1.  ]]
Locations
[[ 1.    1.  ]
 [ 1.    1.05]
 [ 1.    1.1 ]
 [ 1.    1.15]
 [ 1.    1.2 ]
 [ 1.    1.15]
 [ 1.    1.1 ]
 [ 1.    1.05]
 [ 1.    1.  ]
 [ 1.    0.95]
 [ 1.    0.9 ]
 [ 1.    0.85]
 [ 1.    0.8 ]
 [ 1.    0.85]
 [ 1.    0.9 ]
 [ 1.    0.95]
 [ 1.    1.  ]]
Measurements
[-0.52585736 -0.49508097 -0.54734104 -0.6795217  -0.86557241 -0.6795217
 -0.54734104 -0.49508097 -0.52585736 -0.64094087 -0.80543762 -0.9507713
 -1.02727241 -0.9507713  -0.80543762 -0.64094087 -0.52585736]
Total accumulated reward = -11.182746541
Nodes expanded = -1.0