Physical State
[[ 1.45  1.  ]
 [ 1.5   1.  ]
 [ 1.55  1.  ]
 [ 1.6   1.  ]]
Locations
[[ 1.    1.  ]
 [ 1.05  1.  ]
 [ 1.1   1.  ]
 [ 1.15  1.  ]
 [ 1.2   1.  ]
 [ 1.25  1.  ]
 [ 1.3   1.  ]
 [ 1.35  1.  ]
 [ 1.4   1.  ]
 [ 1.45  1.  ]
 [ 1.5   1.  ]
 [ 1.55  1.  ]
 [ 1.6   1.  ]
 [ 1.55  1.  ]
 [ 1.5   1.  ]
 [ 1.45  1.  ]
 [ 1.4   1.  ]
 [ 1.45  1.  ]
 [ 1.5   1.  ]
 [ 1.55  1.  ]
 [ 1.6   1.  ]]
Measurements
[-0.57287335 -0.29449398 -0.01239151  0.27735296  0.57384111  0.86185451
  1.10263962  1.30426169  1.43519994  1.48565321  1.45097061  1.31392635
  1.08596735  1.31392635  1.45097061  1.48565321  1.43519994  1.48565321
  1.45097061  1.31392635  1.08596735]
Total accumulated reward = 21.6070494685
Nodes expanded = 5