Physical State
[[ 1.05  0.8 ]
 [ 1.1   0.8 ]
 [ 1.15  0.8 ]
 [ 1.2   0.8 ]]
Locations
[[ 1.    1.  ]
 [ 1.    1.05]
 [ 1.    1.1 ]
 [ 1.    1.15]
 [ 1.    1.2 ]
 [ 1.    1.15]
 [ 1.    1.1 ]
 [ 1.    1.05]
 [ 1.    1.  ]
 [ 1.    0.95]
 [ 1.    0.9 ]
 [ 1.    0.85]
 [ 1.    0.8 ]
 [ 1.05  0.8 ]
 [ 1.1   0.8 ]
 [ 1.15  0.8 ]
 [ 1.2   0.8 ]]
Measurements
[ 0.47184674  0.26526985  0.05091935 -0.14707016 -0.3039348  -0.14707016
  0.05091935  0.26526985  0.47184674  0.65171033  0.77204081  0.82373349
  0.78806029  0.72558802  0.5361189   0.2140179  -0.21063645]
Total accumulated reward = 4.80678331685
Nodes expanded = -1