 0.00000000  0.00000000  0.45140473
 0.00000000  0.05000000  0.26048770
 0.00000000  0.10000000 -0.28096785
 0.00000000  0.15000000 -0.78991281
 0.00000000  0.20000000 -1.01953901
 0.00000000  0.25000000 -1.62779254
 0.00000000  0.30000000 -1.42024517
 0.00000000  0.35000000 -0.76910633
 0.00000000  0.40000000  0.11376382
 0.00000000  0.45000000  0.63097087
 0.00000000  0.50000000  0.42032162
 0.00000000  0.55000000  1.43107371
 0.00000000  0.60000000  1.30822055
 0.00000000  0.65000000  1.36488239
 0.00000000  0.70000000  0.17867196
 0.00000000  0.75000000 -0.70104917
 0.00000000  0.80000000  0.20951171
 0.00000000  0.85000000  0.37341650
 0.00000000  0.90000000 -0.13170900
 0.00000000  0.95000000 -1.34658665
 0.00000000  1.00000000 -1.45807872
 0.00000000  1.05000000 -1.55068578
 0.00000000  1.10000000 -1.29568874
 0.00000000  1.15000000 -1.18842475
 0.00000000  1.20000000 -1.65023250
 0.00000000  1.25000000 -0.78973880
 0.00000000  1.30000000  0.18024044
 0.00000000  1.35000000  1.02601129
 0.00000000  1.40000000  0.90412313
 0.00000000  1.45000000  0.07131880
 0.00000000  1.50000000 -0.33862778
 0.00000000  1.55000000 -0.32822281
 0.00000000  1.60000000 -0.06298103
 0.00000000  1.65000000 -0.43595952
 0.00000000  1.70000000  0.55076740
 0.00000000  1.75000000  0.64475592
 0.00000000  1.80000000  0.41447689
 0.00000000  1.85000000 -0.24599310
 0.00000000  1.90000000 -0.27036377
 0.00000000  1.95000000 -0.31357597
 0.05000000  0.00000000  0.98420801
 0.05000000  0.05000000  0.72659092
 0.05000000  0.10000000  0.08780627
 0.05000000  0.15000000 -0.04696452
 0.05000000  0.20000000 -0.53307406
 0.05000000  0.25000000 -1.27777542
 0.05000000  0.30000000 -0.71070274
 0.05000000  0.35000000 -0.54255055
 0.05000000  0.40000000  0.40394873
 0.05000000  0.45000000  0.55069172
 0.05000000  0.50000000  0.57711711
 0.05000000  0.55000000  0.51143961
 0.05000000  0.60000000  0.67897909
 0.05000000  0.65000000  0.50325478
 0.05000000  0.70000000 -0.39589997
 0.05000000  0.75000000 -1.15226128
 0.05000000  0.80000000  0.03782428
 0.05000000  0.85000000  0.51386378
 0.05000000  0.90000000  0.27291898
 0.05000000  0.95000000 -0.58206479
 0.05000000  1.00000000 -1.64271830
 0.05000000  1.05000000 -1.40280413
 0.05000000  1.10000000 -1.16399697
 0.05000000  1.15000000 -1.21795284
 0.05000000  1.20000000 -1.71400226
 0.05000000  1.25000000 -1.01300966
 0.05000000  1.30000000 -0.02194430
 0.05000000  1.35000000  0.63537871
 0.05000000  1.40000000  0.30555440
 0.05000000  1.45000000  0.05740682
 0.05000000  1.50000000 -1.32307114
 0.05000000  1.55000000 -0.72357930
 0.05000000  1.60000000 -0.59728653
 0.05000000  1.65000000  0.20271168
 0.05000000  1.70000000  0.93513398
 0.05000000  1.75000000  0.61848868
 0.05000000  1.80000000  0.35643545
 0.05000000  1.85000000 -0.23511279
 0.05000000  1.90000000 -0.27238140
 0.05000000  1.95000000 -0.07367148
 0.10000000  0.00000000  1.14853691
 0.10000000  0.05000000  0.78406789
 0.10000000  0.10000000  0.66501536
 0.10000000  0.15000000  0.58413213
 0.10000000  0.20000000  0.29163030
 0.10000000  0.25000000 -0.53230843
 0.10000000  0.30000000 -0.98792369
 0.10000000  0.35000000 -0.35026693
 0.10000000  0.40000000 -0.25981870
 0.10000000  0.45000000 -0.20734321
 0.10000000  0.50000000 -0.38191906
 0.10000000  0.55000000  0.16444697
 0.10000000  0.60000000 -0.13671230
 0.10000000  0.65000000 -0.08189411
 0.10000000  0.70000000 -0.65248700
 0.10000000  0.75000000 -0.55214582
 0.10000000  0.80000000  0.20778430
 0.10000000  0.85000000  1.31256884
 0.10000000  0.90000000  1.13379413
 0.10000000  0.95000000  0.05958841
 0.10000000  1.00000000 -0.81614748
 0.10000000  1.05000000 -0.97199147
 0.10000000  1.10000000 -0.97341508
 0.10000000  1.15000000 -1.08625554
 0.10000000  1.20000000 -1.23862579
 0.10000000  1.25000000 -0.98579137
 0.10000000  1.30000000 -0.54672554
 0.10000000  1.35000000 -0.42200925
 0.10000000  1.40000000 -0.35376862
 0.10000000  1.45000000 -1.13454071
 0.10000000  1.50000000 -1.24221497
 0.10000000  1.55000000 -0.88174872
 0.10000000  1.60000000 -0.43272590
 0.10000000  1.65000000  0.25791888
 0.10000000  1.70000000  0.56120441
 0.10000000  1.75000000  1.20346655
 0.10000000  1.80000000  0.28811643
 0.10000000  1.85000000 -0.01130416
 0.10000000  1.90000000 -0.31816815
 0.10000000  1.95000000 -0.22870360
 0.15000000  0.00000000  1.06257976
 0.15000000  0.05000000  0.37813285
 0.15000000  0.10000000  0.46648085
 0.15000000  0.15000000  0.43693662
 0.15000000  0.20000000  0.15379806
 0.15000000  0.25000000 -0.00853144
 0.15000000  0.30000000 -0.49254592
 0.15000000  0.35000000 -0.79835046
 0.15000000  0.40000000 -0.30968301
 0.15000000  0.45000000 -0.53059585
 0.15000000  0.50000000 -0.50041601
 0.15000000  0.55000000 -0.28204611
 0.15000000  0.60000000 -0.00794414
 0.15000000  0.65000000 -0.54646582
 0.15000000  0.70000000 -0.40426244
 0.15000000  0.75000000 -0.62653810
 0.15000000  0.80000000  0.33539247
 0.15000000  0.85000000  1.17083858
 0.15000000  0.90000000  1.86062090
 0.15000000  0.95000000  1.09686151
 0.15000000  1.00000000  0.04457451
 0.15000000  1.05000000 -0.78787994
 0.15000000  1.10000000 -0.95784543
 0.15000000  1.15000000 -1.34021230
 0.15000000  1.20000000 -1.61627894
 0.15000000  1.25000000 -1.19887333
 0.15000000  1.30000000 -0.78159863
 0.15000000  1.35000000 -1.14977665
 0.15000000  1.40000000 -1.40054858
 0.15000000  1.45000000 -1.51731662
 0.15000000  1.50000000 -1.36458133
 0.15000000  1.55000000 -0.50455169
 0.15000000  1.60000000 -0.21362102
 0.15000000  1.65000000  0.05527641
 0.15000000  1.70000000  0.89075559
 0.15000000  1.75000000  1.09693679
 0.15000000  1.80000000  1.60448725
 0.15000000  1.85000000  1.18857866
 0.15000000  1.90000000  0.75549914
 0.15000000  1.95000000 -0.08592316
 0.20000000  0.00000000  0.05113563
 0.20000000  0.05000000  0.08305459
 0.20000000  0.10000000 -0.39639373
 0.20000000  0.15000000 -0.25624362
 0.20000000  0.20000000  0.11771033
 0.20000000  0.25000000 -0.60044431
 0.20000000  0.30000000 -0.77248103
 0.20000000  0.35000000 -1.06360112
 0.20000000  0.40000000 -0.97665828
 0.20000000  0.45000000 -1.39203649
 0.20000000  0.50000000 -0.97837901
 0.20000000  0.55000000 -0.68425436
 0.20000000  0.60000000 -0.61536071
 0.20000000  0.65000000 -0.68041399
 0.20000000  0.70000000 -0.89272038
 0.20000000  0.75000000 -0.71000820
 0.20000000  0.80000000  0.24957928
 0.20000000  0.85000000  1.12507788
 0.20000000  0.90000000  2.00073599
 0.20000000  0.95000000  1.39324459
 0.20000000  1.00000000  0.84544774
 0.20000000  1.05000000 -0.50170997
 0.20000000  1.10000000 -0.42495663
 0.20000000  1.15000000 -1.14967178
 0.20000000  1.20000000 -1.75881127
 0.20000000  1.25000000 -0.61303330
 0.20000000  1.30000000 -0.06241151
 0.20000000  1.35000000 -0.89788901
 0.20000000  1.40000000 -1.92339713
 0.20000000  1.45000000 -2.05995581
 0.20000000  1.50000000 -1.46324840
 0.20000000  1.55000000 -0.68644156
 0.20000000  1.60000000 -0.28092172
 0.20000000  1.65000000 -0.19531882
 0.20000000  1.70000000  0.61590896
 0.20000000  1.75000000  1.39406344
 0.20000000  1.80000000  1.69431417
 0.20000000  1.85000000  1.31907793
 0.20000000  1.90000000  0.40302350
 0.20000000  1.95000000  0.11972710
 0.25000000  0.00000000 -0.21387978
 0.25000000  0.05000000 -1.15490154
 0.25000000  0.10000000 -1.22770353
 0.25000000  0.15000000 -1.31583881
 0.25000000  0.20000000 -0.91523542
 0.25000000  0.25000000 -1.27393552
 0.25000000  0.30000000 -0.88650182
 0.25000000  0.35000000 -0.31661768
 0.25000000  0.40000000 -0.42575650
 0.25000000  0.45000000  0.32087124
 0.25000000  0.50000000  0.00405447
 0.25000000  0.55000000 -0.27126628
 0.25000000  0.60000000 -0.38918119
 0.25000000  0.65000000 -0.33753334
 0.25000000  0.70000000 -0.55081492
 0.25000000  0.75000000 -0.13262497
 0.25000000  0.80000000  0.13361126
 0.25000000  0.85000000  1.11852165
 0.25000000  0.90000000  1.89123465
 0.25000000  0.95000000  1.72590713
 0.25000000  1.00000000  1.61395295
 0.25000000  1.05000000  0.28925593
 0.25000000  1.10000000 -0.91933535
 0.25000000  1.15000000 -1.34669119
 0.25000000  1.20000000 -0.93475454
 0.25000000  1.25000000 -0.00121088
 0.25000000  1.30000000  0.62100633
 0.25000000  1.35000000 -0.08081281
 0.25000000  1.40000000 -1.19407898
 0.25000000  1.45000000 -1.60004496
 0.25000000  1.50000000 -1.38842950
 0.25000000  1.55000000 -0.91748948
 0.25000000  1.60000000 -0.75634251
 0.25000000  1.65000000 -0.48174231
 0.25000000  1.70000000  0.55844077
 0.25000000  1.75000000  1.34069421
 0.25000000  1.80000000  2.23080372
 0.25000000  1.85000000  1.82364619
 0.25000000  1.90000000  1.56562962
 0.25000000  1.95000000  0.80792997
 0.30000000  0.00000000  0.13017993
 0.30000000  0.05000000 -0.97521892
 0.30000000  0.10000000 -2.08703210
 0.30000000  0.15000000 -2.63082585
 0.30000000  0.20000000 -2.05907371
 0.30000000  0.25000000 -1.81564351
 0.30000000  0.30000000 -1.39209828
 0.30000000  0.35000000  0.15753234
 0.30000000  0.40000000  1.22288203
 0.30000000  0.45000000  1.16017245
 0.30000000  0.50000000  0.76741961
 0.30000000  0.55000000  0.27821342
 0.30000000  0.60000000  0.36422808
 0.30000000  0.65000000 -0.14420513
 0.30000000  0.70000000  0.18710587
 0.30000000  0.75000000  0.16075154
 0.30000000  0.80000000  0.76190471
 0.30000000  0.85000000  1.13766624
 0.30000000  0.90000000  1.44782461
 0.30000000  0.95000000  1.28972743
 0.30000000  1.00000000  0.99021595
 0.30000000  1.05000000 -0.36744553
 0.30000000  1.10000000 -1.07525781
 0.30000000  1.15000000 -1.28150434
 0.30000000  1.20000000 -0.70048564
 0.30000000  1.25000000 -0.30477074
 0.30000000  1.30000000  0.22545317
 0.30000000  1.35000000  0.67231378
 0.30000000  1.40000000  0.02931376
 0.30000000  1.45000000 -0.17649512
 0.30000000  1.50000000 -0.93306881
 0.30000000  1.55000000 -1.06431086
 0.30000000  1.60000000 -1.31773758
 0.30000000  1.65000000 -0.86232846
 0.30000000  1.70000000  0.15623280
 0.30000000  1.75000000  0.94626738
 0.30000000  1.80000000  1.63249063
 0.30000000  1.85000000  2.21591021
 0.30000000  1.90000000  1.59702282
 0.30000000  1.95000000  0.81886140
 0.35000000  0.00000000  1.26391421
 0.35000000  0.05000000 -0.26258056
 0.35000000  0.10000000 -1.87122838
 0.35000000  0.15000000 -2.75906176
 0.35000000  0.20000000 -2.09277817
 0.35000000  0.25000000 -2.11607960
 0.35000000  0.30000000 -0.54433918
 0.35000000  0.35000000  0.51611565
 0.35000000  0.40000000  1.70699133
 0.35000000  0.45000000  2.19888703
 0.35000000  0.50000000  1.64955158
 0.35000000  0.55000000  0.46577484
 0.35000000  0.60000000  0.08806347
 0.35000000  0.65000000  0.30752100
 0.35000000  0.70000000  0.31502008
 0.35000000  0.75000000  1.15365826
 0.35000000  0.80000000  0.61082830
 0.35000000  0.85000000  1.02522636
 0.35000000  0.90000000  0.82077778
 0.35000000  0.95000000  0.50932757
 0.35000000  1.00000000 -0.14771215
 0.35000000  1.05000000 -0.54052394
 0.35000000  1.10000000 -1.25405385
 0.35000000  1.15000000 -1.65136771
 0.35000000  1.20000000 -0.92903257
 0.35000000  1.25000000 -0.33517517
 0.35000000  1.30000000  0.25698803
 0.35000000  1.35000000  1.13820706
 0.35000000  1.40000000  1.65571463
 0.35000000  1.45000000  0.48895179
 0.35000000  1.50000000 -0.28890693
 0.35000000  1.55000000 -1.67525852
 0.35000000  1.60000000 -1.07648862
 0.35000000  1.65000000 -0.72722756
 0.35000000  1.70000000 -0.28414091
 0.35000000  1.75000000  0.77182394
 0.35000000  1.80000000  1.34293433
 0.35000000  1.85000000  1.66984919
 0.35000000  1.90000000  1.41510468
 0.35000000  1.95000000  1.00762741
 0.40000000  0.00000000  1.08699235
 0.40000000  0.05000000  0.66719291
 0.40000000  0.10000000 -0.75468005
 0.40000000  0.15000000 -1.39707803
 0.40000000  0.20000000 -1.39135422
 0.40000000  0.25000000 -0.71589302
 0.40000000  0.30000000 -0.30267480
 0.40000000  0.35000000  0.87216227
 0.40000000  0.40000000  1.74185737
 0.40000000  0.45000000  1.82425640
 0.40000000  0.50000000  1.57572096
 0.40000000  0.55000000  0.86497431
 0.40000000  0.60000000  0.24838041
 0.40000000  0.65000000 -0.41401910
 0.40000000  0.70000000 -0.54769148
 0.40000000  0.75000000  0.13008239
 0.40000000  0.80000000  0.30987339
 0.40000000  0.85000000  0.22874703
 0.40000000  0.90000000  0.18465086
 0.40000000  0.95000000  0.09496806
 0.40000000  1.00000000 -0.39312785
 0.40000000  1.05000000 -0.76668326
 0.40000000  1.10000000 -1.57975576
 0.40000000  1.15000000 -1.66271117
 0.40000000  1.20000000 -0.61494415
 0.40000000  1.25000000 -0.48382043
 0.40000000  1.30000000  0.49946459
 0.40000000  1.35000000  1.58253017
 0.40000000  1.40000000  1.54462367
 0.40000000  1.45000000  0.77248408
 0.40000000  1.50000000 -0.26679181
 0.40000000  1.55000000 -1.14433113
 0.40000000  1.60000000 -1.21592103
 0.40000000  1.65000000 -0.80114674
 0.40000000  1.70000000  0.29967827
 0.40000000  1.75000000  1.05608566
 0.40000000  1.80000000  1.20241333
 0.40000000  1.85000000  1.26483282
 0.40000000  1.90000000  1.21195044
 0.40000000  1.95000000  1.13350517
 0.45000000  0.00000000  1.55854351
 0.45000000  0.05000000  1.14226294
 0.45000000  0.10000000  0.06140037
 0.45000000  0.15000000 -0.43468076
 0.45000000  0.20000000 -0.12424523
 0.45000000  0.25000000  0.18333244
 0.45000000  0.30000000  0.51068636
 0.45000000  0.35000000  1.23488135
 0.45000000  0.40000000  1.87877938
 0.45000000  0.45000000  1.77592420
 0.45000000  0.50000000  1.37652145
 0.45000000  0.55000000  1.36279808
 0.45000000  0.60000000  0.35886045
 0.45000000  0.65000000 -0.05868056
 0.45000000  0.70000000 -1.06217460
 0.45000000  0.75000000 -0.83927558
 0.45000000  0.80000000 -0.65437108
 0.45000000  0.85000000 -0.87248962
 0.45000000  0.90000000 -0.89359716
 0.45000000  0.95000000 -0.77521293
 0.45000000  1.00000000 -0.92150940
 0.45000000  1.05000000 -1.73715449
 0.45000000  1.10000000 -1.92747341
 0.45000000  1.15000000 -1.77373000
 0.45000000  1.20000000 -1.00658906
 0.45000000  1.25000000 -0.69937467
 0.45000000  1.30000000 -0.01738881
 0.45000000  1.35000000  0.34035464
 0.45000000  1.40000000  0.46078980
 0.45000000  1.45000000 -0.37206047
 0.45000000  1.50000000 -1.34785693
 0.45000000  1.55000000 -1.25862853
 0.45000000  1.60000000 -0.39517845
 0.45000000  1.65000000  0.64323683
 0.45000000  1.70000000  1.41532023
 0.45000000  1.75000000  0.95812693
 0.45000000  1.80000000  1.34481843
 0.45000000  1.85000000  0.71055253
 0.45000000  1.90000000  0.53455952
 0.45000000  1.95000000  0.48023697
 0.50000000  0.00000000  1.65429901
 0.50000000  0.05000000  1.44405353
 0.50000000  0.10000000  0.65267126
 0.50000000  0.15000000  0.39605151
 0.50000000  0.20000000  0.44223596
 0.50000000  0.25000000  0.24588798
 0.50000000  0.30000000  0.27287685
 0.50000000  0.35000000  1.17843973
 0.50000000  0.40000000  1.42531871
 0.50000000  0.45000000  1.88516962
 0.50000000  0.50000000  1.32556392
 0.50000000  0.55000000  1.19742711
 0.50000000  0.60000000  0.67885708
 0.50000000  0.65000000 -0.21492406
 0.50000000  0.70000000 -0.63581126
 0.50000000  0.75000000 -0.53868427
 0.50000000  0.80000000 -0.54592763
 0.50000000  0.85000000 -0.92181083
 0.50000000  0.90000000 -1.85422139
 0.50000000  0.95000000 -1.86636332
 0.50000000  1.00000000 -1.54632301
 0.50000000  1.05000000 -1.64227032
 0.50000000  1.10000000 -2.01120676
 0.50000000  1.15000000 -2.29572066
 0.50000000  1.20000000 -1.66088998
 0.50000000  1.25000000 -0.77688005
 0.50000000  1.30000000 -0.42571448
 0.50000000  1.35000000 -1.11712457
 0.50000000  1.40000000 -1.39947845
 0.50000000  1.45000000 -1.83399618
 0.50000000  1.50000000 -1.85386469
 0.50000000  1.55000000 -1.13086842
 0.50000000  1.60000000  0.48233854
 0.50000000  1.65000000  1.40018548
 0.50000000  1.70000000  1.78446688
 0.50000000  1.75000000  1.20782953
 0.50000000  1.80000000  0.83859163
 0.50000000  1.85000000  0.15168180
 0.50000000  1.90000000  0.03328365
 0.50000000  1.95000000 -0.00619153
 0.55000000  0.00000000  2.21078074
 0.55000000  0.05000000  1.11997422
 0.55000000  0.10000000  0.66232267
 0.55000000  0.15000000  0.13836929
 0.55000000  0.20000000  0.24512421
 0.55000000  0.25000000  0.53782486
 0.55000000  0.30000000  1.32371353
 0.55000000  0.35000000  1.64188658
 0.55000000  0.40000000  2.42731493
 0.55000000  0.45000000  2.18283380
 0.55000000  0.50000000  1.19106551
 0.55000000  0.55000000  0.61326239
 0.55000000  0.60000000  0.21811684
 0.55000000  0.65000000 -0.28373460
 0.55000000  0.70000000  0.14466153
 0.55000000  0.75000000 -0.47631391
 0.55000000  0.80000000 -0.51469275
 0.55000000  0.85000000 -1.73288681
 0.55000000  0.90000000 -2.01585918
 0.55000000  0.95000000 -2.07347311
 0.55000000  1.00000000 -0.91482582
 0.55000000  1.05000000 -1.35930816
 0.55000000  1.10000000 -1.97822346
 0.55000000  1.15000000 -2.08412818
 0.55000000  1.20000000 -1.65337730
 0.55000000  1.25000000 -0.65009210
 0.55000000  1.30000000 -0.65047814
 0.55000000  1.35000000 -0.88384089
 0.55000000  1.40000000 -2.32984885
 0.55000000  1.45000000 -3.10341696
 0.55000000  1.50000000 -3.08730992
 0.55000000  1.55000000 -1.56392356
 0.55000000  1.60000000  0.14589508
 0.55000000  1.65000000  0.72992525
 0.55000000  1.70000000  1.32539092
 0.55000000  1.75000000  1.09629701
 0.55000000  1.80000000  0.04084499
 0.55000000  1.85000000 -0.23560981
 0.55000000  1.90000000 -0.26067134
 0.55000000  1.95000000 -0.46351737
 0.60000000  0.00000000  1.90225803
 0.60000000  0.05000000  1.73803705
 0.60000000  0.10000000  0.90828809
 0.60000000  0.15000000  0.30642812
 0.60000000  0.20000000 -0.19474632
 0.60000000  0.25000000  0.72333500
 0.60000000  0.30000000  1.40076420
 0.60000000  0.35000000  2.27397427
 0.60000000  0.40000000  2.45097664
 0.60000000  0.45000000  1.72797147
 0.60000000  0.50000000  0.89259825
 0.60000000  0.55000000  0.58709240
 0.60000000  0.60000000  0.33817626
 0.60000000  0.65000000  0.36384109
 0.60000000  0.70000000  0.30749855
 0.60000000  0.75000000  0.14255229
 0.60000000  0.80000000 -0.30654210
 0.60000000  0.85000000 -1.11127151
 0.60000000  0.90000000 -1.86003502
 0.60000000  0.95000000 -1.03278881
 0.60000000  1.00000000 -0.63043608
 0.60000000  1.05000000 -0.25714716
 0.60000000  1.10000000 -1.70672081
 0.60000000  1.15000000 -1.40633856
 0.60000000  1.20000000 -1.55823546
 0.60000000  1.25000000 -0.55501776
 0.60000000  1.30000000 -0.13202826
 0.60000000  1.35000000 -0.94149530
 0.60000000  1.40000000 -2.16092337
 0.60000000  1.45000000 -2.72455251
 0.60000000  1.50000000 -2.59914145
 0.60000000  1.55000000 -1.56638199
 0.60000000  1.60000000 -0.33951261
 0.60000000  1.65000000  0.63791722
 0.60000000  1.70000000  0.53261738
 0.60000000  1.75000000  0.41554692
 0.60000000  1.80000000  0.22627877
 0.60000000  1.85000000 -0.07642751
 0.60000000  1.90000000 -0.52559484
 0.60000000  1.95000000 -0.61327063
 0.65000000  0.00000000  2.32754061
 0.65000000  0.05000000  1.88662989
 0.65000000  0.10000000  0.93926450
 0.65000000  0.15000000 -0.03154777
 0.65000000  0.20000000  0.61834327
 0.65000000  0.25000000  1.25207800
 0.65000000  0.30000000  2.09702018
 0.65000000  0.35000000  2.57387334
 0.65000000  0.40000000  2.52043855
 0.65000000  0.45000000  1.86489832
 0.65000000  0.50000000  0.75007053
 0.65000000  0.55000000  0.22360761
 0.65000000  0.60000000 -0.16341859
 0.65000000  0.65000000  0.08803886
 0.65000000  0.70000000  0.19981332
 0.65000000  0.75000000  0.20371255
 0.65000000  0.80000000  0.11323904
 0.65000000  0.85000000 -0.64666678
 0.65000000  0.90000000 -0.82798296
 0.65000000  0.95000000 -0.48640553
 0.65000000  1.00000000  0.11664384
 0.65000000  1.05000000 -0.56135044
 0.65000000  1.10000000 -0.68049105
 0.65000000  1.15000000 -1.20003483
 0.65000000  1.20000000 -0.55466141
 0.65000000  1.25000000  0.55038434
 0.65000000  1.30000000  0.50578519
 0.65000000  1.35000000 -0.00190398
 0.65000000  1.40000000 -1.08925197
 0.65000000  1.45000000 -2.68423966
 0.65000000  1.50000000 -2.54922885
 0.65000000  1.55000000 -1.37230478
 0.65000000  1.60000000 -0.29898816
 0.65000000  1.65000000  0.03248882
 0.65000000  1.70000000  0.25633087
 0.65000000  1.75000000 -0.17799821
 0.65000000  1.80000000 -0.46420135
 0.65000000  1.85000000 -0.89088235
 0.65000000  1.90000000 -1.03050761
 0.65000000  1.95000000 -1.00321004
 0.70000000  0.00000000  2.77939145
 0.70000000  0.05000000  2.16018475
 0.70000000  0.10000000  0.90354960
 0.70000000  0.15000000  0.09595863
 0.70000000  0.20000000 -0.20056134
 0.70000000  0.25000000  0.64859698
 0.70000000  0.30000000  1.61355865
 0.70000000  0.35000000  1.46052221
 0.70000000  0.40000000  1.55438216
 0.70000000  0.45000000  1.55226451
 0.70000000  0.50000000  0.80097506
 0.70000000  0.55000000  0.15652269
 0.70000000  0.60000000 -0.64357688
 0.70000000  0.65000000 -0.26005271
 0.70000000  0.70000000  0.51896409
 0.70000000  0.75000000  0.69639803
 0.70000000  0.80000000  0.63010368
 0.70000000  0.85000000  0.82625871
 0.70000000  0.90000000  0.11850039
 0.70000000  0.95000000  0.25661031
 0.70000000  1.00000000  0.35373468
 0.70000000  1.05000000 -0.16447659
 0.70000000  1.10000000 -0.63467974
 0.70000000  1.15000000 -0.08456351
 0.70000000  1.20000000 -0.45151870
 0.70000000  1.25000000  0.43356989
 0.70000000  1.30000000  1.17127871
 0.70000000  1.35000000  0.70763918
 0.70000000  1.40000000 -0.62879520
 0.70000000  1.45000000 -1.35734699
 0.70000000  1.50000000 -1.46591597
 0.70000000  1.55000000 -1.33619518
 0.70000000  1.60000000 -0.89076619
 0.70000000  1.65000000  0.03485670
 0.70000000  1.70000000  0.31519050
 0.70000000  1.75000000  0.04454736
 0.70000000  1.80000000 -1.09570029
 0.70000000  1.85000000 -1.16180738
 0.70000000  1.90000000 -1.30510366
 0.70000000  1.95000000 -1.45872126
 0.75000000  0.00000000  2.25485005
 0.75000000  0.05000000  1.42731360
 0.75000000  0.10000000  0.69342978
 0.75000000  0.15000000 -0.31409171
 0.75000000  0.20000000 -0.61029243
 0.75000000  0.25000000 -0.44295232
 0.75000000  0.30000000  0.39690688
 0.75000000  0.35000000  0.43665337
 0.75000000  0.40000000  0.98593660
 0.75000000  0.45000000  1.47455545
 0.75000000  0.50000000  0.53473820
 0.75000000  0.55000000 -0.54907749
 0.75000000  0.60000000 -0.60740405
 0.75000000  0.65000000 -0.05063893
 0.75000000  0.70000000  0.67882401
 0.75000000  0.75000000  1.68505771
 0.75000000  0.80000000  1.38794971
 0.75000000  0.85000000  1.49222099
 0.75000000  0.90000000  0.81356614
 0.75000000  0.95000000  0.85551649
 0.75000000  1.00000000  0.17496476
 0.75000000  1.05000000 -0.19092742
 0.75000000  1.10000000  0.41356401
 0.75000000  1.15000000  0.18682398
 0.75000000  1.20000000  0.62598715
 0.75000000  1.25000000  0.63359020
 0.75000000  1.30000000  0.30681092
 0.75000000  1.35000000  0.48874467
 0.75000000  1.40000000 -0.11769711
 0.75000000  1.45000000 -0.78958936
 0.75000000  1.50000000 -1.03155634
 0.75000000  1.55000000 -0.74668448
 0.75000000  1.60000000  0.02252338
 0.75000000  1.65000000  0.70043413
 0.75000000  1.70000000  1.08717951
 0.75000000  1.75000000  0.15364857
 0.75000000  1.80000000 -1.13504876
 0.75000000  1.85000000 -1.39996166
 0.75000000  1.90000000 -1.39899396
 0.75000000  1.95000000 -1.26448643
 0.80000000  0.00000000  2.04918351
 0.80000000  0.05000000  1.52842243
 0.80000000  0.10000000  0.52081880
 0.80000000  0.15000000 -0.44376515
 0.80000000  0.20000000 -0.56263625
 0.80000000  0.25000000 -0.27981167
 0.80000000  0.30000000 -0.64632600
 0.80000000  0.35000000 -0.05382669
 0.80000000  0.40000000  0.59678586
 0.80000000  0.45000000  0.73410354
 0.80000000  0.50000000  0.19205696
 0.80000000  0.55000000 -0.95498334
 0.80000000  0.60000000 -0.65313119
 0.80000000  0.65000000 -0.35598425
 0.80000000  0.70000000  0.83775308
 0.80000000  0.75000000  2.05134617
 0.80000000  0.80000000  2.66771644
 0.80000000  0.85000000  2.11560063
 0.80000000  0.90000000  1.72228210
 0.80000000  0.95000000  0.81764606
 0.80000000  1.00000000  0.00961891
 0.80000000  1.05000000 -0.06808630
 0.80000000  1.10000000 -0.11082806
 0.80000000  1.15000000 -0.06918833
 0.80000000  1.20000000  0.04146438
 0.80000000  1.25000000  0.39027148
 0.80000000  1.30000000  0.03943098
 0.80000000  1.35000000 -0.07160654
 0.80000000  1.40000000 -0.61626908
 0.80000000  1.45000000 -0.50550591
 0.80000000  1.50000000 -0.28392424
 0.80000000  1.55000000  0.32978546
 0.80000000  1.60000000  1.05881945
 0.80000000  1.65000000  1.59962030
 0.80000000  1.70000000  1.42668323
 0.80000000  1.75000000  0.38020464
 0.80000000  1.80000000 -0.91566366
 0.80000000  1.85000000 -0.86358583
 0.80000000  1.90000000 -0.56348510
 0.80000000  1.95000000 -1.07419944
 0.85000000  0.00000000  1.75318131
 0.85000000  0.05000000  1.37123896
 0.85000000  0.10000000  0.71605940
 0.85000000  0.15000000 -0.07627692
 0.85000000  0.20000000 -0.01010172
 0.85000000  0.25000000 -0.25358790
 0.85000000  0.30000000 -0.64324777
 0.85000000  0.35000000 -0.19997085
 0.85000000  0.40000000  0.31148097
 0.85000000  0.45000000  0.00947168
 0.85000000  0.50000000 -0.74265801
 0.85000000  0.55000000 -1.73072104
 0.85000000  0.60000000 -1.24636670
 0.85000000  0.65000000 -0.61067412
 0.85000000  0.70000000  1.02737407
 0.85000000  0.75000000  1.88470687
 0.85000000  0.80000000  2.20329637
 0.85000000  0.85000000  2.05602808
 0.85000000  0.90000000  1.88226083
 0.85000000  0.95000000  1.01570406
 0.85000000  1.00000000 -0.27872267
 0.85000000  1.05000000 -0.56570710
 0.85000000  1.10000000 -0.01948977
 0.85000000  1.15000000 -0.60346137
 0.85000000  1.20000000 -0.35772453
 0.85000000  1.25000000  0.03692482
 0.85000000  1.30000000 -0.45707397
 0.85000000  1.35000000 -0.56350604
 0.85000000  1.40000000 -0.98168530
 0.85000000  1.45000000 -0.45712542
 0.85000000  1.50000000  0.47388910
 0.85000000  1.55000000  0.42254220
 0.85000000  1.60000000  1.45320478
 0.85000000  1.65000000  1.80812751
 0.85000000  1.70000000  1.45800697
 0.85000000  1.75000000  0.64380784
 0.85000000  1.80000000  0.11274402
 0.85000000  1.85000000 -0.33979177
 0.85000000  1.90000000 -0.08863633
 0.85000000  1.95000000 -0.05617938
 0.90000000  0.00000000  0.83792275
 0.90000000  0.05000000  0.69335076
 0.90000000  0.10000000  0.21199788
 0.90000000  0.15000000 -0.26626731
 0.90000000  0.20000000 -0.45664636
 0.90000000  0.25000000 -0.77875379
 0.90000000  0.30000000 -0.82993177
 0.90000000  0.35000000 -0.53776976
 0.90000000  0.40000000 -0.23888278
 0.90000000  0.45000000 -0.56054140
 0.90000000  0.50000000 -1.55427371
 0.90000000  0.55000000 -2.54245992
 0.90000000  0.60000000 -1.74209840
 0.90000000  0.65000000 -0.40328652
 0.90000000  0.70000000  0.40304774
 0.90000000  0.75000000  0.68757182
 0.90000000  0.80000000  1.69907972
 0.90000000  0.85000000  1.09215716
 0.90000000  0.90000000  1.10513743
 0.90000000  0.95000000  0.17158586
 0.90000000  1.00000000 -0.26960714
 0.90000000  1.05000000 -1.08397424
 0.90000000  1.10000000  0.17769567
 0.90000000  1.15000000 -0.24195503
 0.90000000  1.20000000 -0.04961707
 0.90000000  1.25000000 -0.57036954
 0.90000000  1.30000000 -0.42258620
 0.90000000  1.35000000 -0.56127707
 0.90000000  1.40000000 -0.97284985
 0.90000000  1.45000000 -0.73257611
 0.90000000  1.50000000 -0.11989082
 0.90000000  1.55000000  0.92083866
 0.90000000  1.60000000  1.18276717
 0.90000000  1.65000000  1.08713046
 0.90000000  1.70000000  1.04449986
 0.90000000  1.75000000  0.59540251
 0.90000000  1.80000000  0.46157810
 0.90000000  1.85000000  0.56884418
 0.90000000  1.90000000  0.31640097
 0.90000000  1.95000000 -0.32253946
 0.95000000  0.00000000  0.13400896
 0.95000000  0.05000000 -0.17246030
 0.95000000  0.10000000 -0.91796421
 0.95000000  0.15000000 -0.94230685
 0.95000000  0.20000000 -0.66330183
 0.95000000  0.25000000 -1.16553644
 0.95000000  0.30000000 -1.08719807
 0.95000000  0.35000000 -0.40086642
 0.95000000  0.40000000 -0.09167401
 0.95000000  0.45000000 -0.62617423
 0.95000000  0.50000000 -0.84082078
 0.95000000  0.55000000 -1.01608939
 0.95000000  0.60000000 -1.18650294
 0.95000000  0.65000000 -0.35088404
 0.95000000  0.70000000 -0.16021212
 0.95000000  0.75000000  0.24140074
 0.95000000  0.80000000  0.22232412
 0.95000000  0.85000000  0.38202038
 0.95000000  0.90000000  0.15821299
 0.95000000  0.95000000 -0.45577213
 0.95000000  1.00000000 -0.36620965
 0.95000000  1.05000000  0.53372756
 0.95000000  1.10000000  1.01678713
 0.95000000  1.15000000  0.10729074
 0.95000000  1.20000000  0.17034759
 0.95000000  1.25000000  0.24208074
 0.95000000  1.30000000  0.06576465
 0.95000000  1.35000000 -0.38926600
 0.95000000  1.40000000 -0.51259594
 0.95000000  1.45000000 -0.17688971
 0.95000000  1.50000000  0.54978847
 0.95000000  1.55000000  1.04732399
 0.95000000  1.60000000  1.55561508
 0.95000000  1.65000000  0.65199405
 0.95000000  1.70000000  0.36289988
 0.95000000  1.75000000  0.64150319
 0.95000000  1.80000000  0.97175818
 0.95000000  1.85000000  0.80114696
 0.95000000  1.90000000  0.01616023
 0.95000000  1.95000000 -0.40859858
 1.00000000  0.00000000 -0.51228393
 1.00000000  0.05000000 -0.88225116
 1.00000000  0.10000000 -1.53461106
 1.00000000  0.15000000 -1.07697456
 1.00000000  0.20000000 -1.14022772
 1.00000000  0.25000000 -0.81824918
 1.00000000  0.30000000 -1.12887145
 1.00000000  0.35000000 -0.63035885
 1.00000000  0.40000000 -0.25399649
 1.00000000  0.45000000 -0.20087306
 1.00000000  0.50000000 -0.74694035
 1.00000000  0.55000000 -0.48167970
 1.00000000  0.60000000 -0.28772371
 1.00000000  0.65000000 -0.05888090
 1.00000000  0.70000000 -0.41226178
 1.00000000  0.75000000 -0.10455976
 1.00000000  0.80000000  0.07037112
 1.00000000  0.85000000 -0.12743725
 1.00000000  0.90000000  0.32266792
 1.00000000  0.95000000 -0.19714428
 1.00000000  1.00000000  0.07709535
 1.00000000  1.05000000  1.67338912
 1.00000000  1.10000000  1.54450440
 1.00000000  1.15000000  1.25665537
 1.00000000  1.20000000  0.35043995
 1.00000000  1.25000000  0.04047911
 1.00000000  1.30000000 -0.52606137
 1.00000000  1.35000000 -0.30730110
 1.00000000  1.40000000 -0.37372166
 1.00000000  1.45000000 -0.33896024
 1.00000000  1.50000000  0.92001530
 1.00000000  1.55000000  1.19388240
 1.00000000  1.60000000  1.29698384
 1.00000000  1.65000000  1.18530596
 1.00000000  1.70000000  0.92830710
 1.00000000  1.75000000  0.74379113
 1.00000000  1.80000000  1.13253451
 1.00000000  1.85000000  0.58380490
 1.00000000  1.90000000  0.19025079
 1.00000000  1.95000000 -0.50096233
 1.05000000  0.00000000 -0.34566382
 1.05000000  0.05000000 -0.76682628
 1.05000000  0.10000000 -0.73133534
 1.05000000  0.15000000 -0.93775549
 1.05000000  0.20000000 -1.10647438
 1.05000000  0.25000000 -0.90172158
 1.05000000  0.30000000 -0.94696100
 1.05000000  0.35000000 -0.78620958
 1.05000000  0.40000000 -0.24345295
 1.05000000  0.45000000 -0.41747791
 1.05000000  0.50000000 -0.00490740
 1.05000000  0.55000000  0.33525389
 1.05000000  0.60000000  0.09802307
 1.05000000  0.65000000 -0.12088834
 1.05000000  0.70000000 -0.89306667
 1.05000000  0.75000000 -0.26652182
 1.05000000  0.80000000  0.18277418
 1.05000000  0.85000000  0.55850076
 1.05000000  0.90000000  0.03111166
 1.05000000  0.95000000  0.19311500
 1.05000000  1.00000000  0.96545117
 1.05000000  1.05000000  1.53325139
 1.05000000  1.10000000  2.31513466
 1.05000000  1.15000000  2.14689219
 1.05000000  1.20000000  1.18383069
 1.05000000  1.25000000 -0.12823738
 1.05000000  1.30000000 -0.82257442
 1.05000000  1.35000000 -0.90812107
 1.05000000  1.40000000 -1.02022992
 1.05000000  1.45000000 -0.53871438
 1.05000000  1.50000000  0.27152666
 1.05000000  1.55000000  1.01873794
 1.05000000  1.60000000  1.69896028
 1.05000000  1.65000000  1.36706220
 1.05000000  1.70000000  1.02137077
 1.05000000  1.75000000  0.99198504
 1.05000000  1.80000000  1.10738707
 1.05000000  1.85000000  0.92618191
 1.05000000  1.90000000  0.39925043
 1.05000000  1.95000000  0.28161878
 1.10000000  0.00000000  0.59804491
 1.10000000  0.05000000  0.17254026
 1.10000000  0.10000000  0.16981650
 1.10000000  0.15000000 -0.25358568
 1.10000000  0.20000000 -0.71577731
 1.10000000  0.25000000 -0.87889510
 1.10000000  0.30000000 -0.82269142
 1.10000000  0.35000000 -0.47082703
 1.10000000  0.40000000 -0.06623459
 1.10000000  0.45000000  0.10929856
 1.10000000  0.50000000  0.18828669
 1.10000000  0.55000000 -0.13201034
 1.10000000  0.60000000 -0.01889585
 1.10000000  0.65000000 -0.53164303
 1.10000000  0.70000000 -0.47093049
 1.10000000  0.75000000 -0.51654023
 1.10000000  0.80000000  0.05369608
 1.10000000  0.85000000  0.21684843
 1.10000000  0.90000000  0.21673823
 1.10000000  0.95000000 -0.50414747
 1.10000000  1.00000000  0.22811934
 1.10000000  1.05000000  1.57009355
 1.10000000  1.10000000  2.42004118
 1.10000000  1.15000000  1.83545707
 1.10000000  1.20000000  0.98717704
 1.10000000  1.25000000  0.17996799
 1.10000000  1.30000000 -1.26219995
 1.10000000  1.35000000 -1.60965137
 1.10000000  1.40000000 -1.02273850
 1.10000000  1.45000000 -0.60212839
 1.10000000  1.50000000  0.62762066
 1.10000000  1.55000000  0.82417989
 1.10000000  1.60000000  1.23706814
 1.10000000  1.65000000  1.37405154
 1.10000000  1.70000000  1.17127256
 1.10000000  1.75000000  1.25525210
 1.10000000  1.80000000  1.28235912
 1.10000000  1.85000000  0.72786710
 1.10000000  1.90000000  1.11539405
 1.10000000  1.95000000  0.63088601
 1.15000000  0.00000000  1.18373027
 1.15000000  0.05000000  1.03108471
 1.15000000  0.10000000  0.59188887
 1.15000000  0.15000000 -0.31342757
 1.15000000  0.20000000 -0.41744797
 1.15000000  0.25000000 -1.05995997
 1.15000000  0.30000000 -0.68581661
 1.15000000  0.35000000 -0.26290785
 1.15000000  0.40000000 -0.01222766
 1.15000000  0.45000000  0.58754844
 1.15000000  0.50000000  0.35767897
 1.15000000  0.55000000  0.52714173
 1.15000000  0.60000000  0.07332730
 1.15000000  0.65000000 -0.80071095
 1.15000000  0.70000000 -1.07795716
 1.15000000  0.75000000 -0.04340837
 1.15000000  0.80000000 -0.04576319
 1.15000000  0.85000000 -0.21329788
 1.15000000  0.90000000 -0.49698739
 1.15000000  0.95000000 -0.89275113
 1.15000000  1.00000000 -0.68010728
 1.15000000  1.05000000  1.02466360
 1.15000000  1.10000000  1.84185570
 1.15000000  1.15000000  1.56417279
 1.15000000  1.20000000  1.21877327
 1.15000000  1.25000000 -0.13512181
 1.15000000  1.30000000 -1.01564971
 1.15000000  1.35000000 -1.62078064
 1.15000000  1.40000000 -0.75987981
 1.15000000  1.45000000 -0.35784180
 1.15000000  1.50000000  0.10019172
 1.15000000  1.55000000  0.50932218
 1.15000000  1.60000000  1.21922333
 1.15000000  1.65000000  1.16353275
 1.15000000  1.70000000  1.20573159
 1.15000000  1.75000000  0.92848131
 1.15000000  1.80000000  1.23612722
 1.15000000  1.85000000  1.23294577
 1.15000000  1.90000000  1.40007442
 1.15000000  1.95000000  1.19466715
 1.20000000  0.00000000  0.93622377
 1.20000000  0.05000000  1.05944618
 1.20000000  0.10000000  0.29251202
 1.20000000  0.15000000 -0.23727925
 1.20000000  0.20000000 -0.38517683
 1.20000000  0.25000000 -0.64828663
 1.20000000  0.30000000 -0.63169123
 1.20000000  0.35000000 -0.41961285
 1.20000000  0.40000000  0.13566280
 1.20000000  0.45000000  0.57455005
 1.20000000  0.50000000  0.62957239
 1.20000000  0.55000000  0.66798311
 1.20000000  0.60000000  0.45469558
 1.20000000  0.65000000 -0.03586521
 1.20000000  0.70000000 -0.67276677
 1.20000000  0.75000000 -0.91357083
 1.20000000  0.80000000 -0.60510463
 1.20000000  0.85000000 -0.91454929
 1.20000000  0.90000000 -1.36401606
 1.20000000  0.95000000 -1.12547512
 1.20000000  1.00000000 -1.52703025
 1.20000000  1.05000000 -0.37647849
 1.20000000  1.10000000  1.32180315
 1.20000000  1.15000000  1.63174437
 1.20000000  1.20000000  0.54245619
 1.20000000  1.25000000 -0.37785448
 1.20000000  1.30000000 -1.53607206
 1.20000000  1.35000000 -1.41922621
 1.20000000  1.40000000 -1.26475197
 1.20000000  1.45000000 -0.74933878
 1.20000000  1.50000000 -0.63853251
 1.20000000  1.55000000 -0.35544740
 1.20000000  1.60000000  0.54299119
 1.20000000  1.65000000  0.69709957
 1.20000000  1.70000000  1.26512927
 1.20000000  1.75000000  1.20378528
 1.20000000  1.80000000  1.39605116
 1.20000000  1.85000000  1.50440633
 1.20000000  1.90000000  1.26577274
 1.20000000  1.95000000  1.28548304
 1.25000000  0.00000000  0.86331312
 1.25000000  0.05000000 -0.13688211
 1.25000000  0.10000000 -0.05746176
 1.25000000  0.15000000 -0.70064441
 1.25000000  0.20000000 -0.75313297
 1.25000000  0.25000000 -0.85279552
 1.25000000  0.30000000 -0.65778135
 1.25000000  0.35000000 -0.39902390
 1.25000000  0.40000000 -0.07120802
 1.25000000  0.45000000  0.38117241
 1.25000000  0.50000000  0.10115533
 1.25000000  0.55000000  0.98338026
 1.25000000  0.60000000  0.85473641
 1.25000000  0.65000000  0.33802964
 1.25000000  0.70000000 -0.57439795
 1.25000000  0.75000000 -1.36619496
 1.25000000  0.80000000 -1.00108033
 1.25000000  0.85000000 -1.38637623
 1.25000000  0.90000000 -1.46797395
 1.25000000  0.95000000 -1.91838834
 1.25000000  1.00000000 -1.60787008
 1.25000000  1.05000000 -0.39398576
 1.25000000  1.10000000  0.48424983
 1.25000000  1.15000000  0.83053856
 1.25000000  1.20000000  0.38939604
 1.25000000  1.25000000 -1.09746536
 1.25000000  1.30000000 -1.13564134
 1.25000000  1.35000000 -1.23917326
 1.25000000  1.40000000 -0.91906336
 1.25000000  1.45000000 -0.93794462
 1.25000000  1.50000000 -0.88938417
 1.25000000  1.55000000 -0.85127530
 1.25000000  1.60000000 -0.43253615
 1.25000000  1.65000000  0.55521982
 1.25000000  1.70000000  0.49289820
 1.25000000  1.75000000  0.61323679
 1.25000000  1.80000000  1.19346236
 1.25000000  1.85000000  1.35271949
 1.25000000  1.90000000  1.14225991
 1.25000000  1.95000000  1.10585889
 1.30000000  0.00000000  0.16174213
 1.30000000  0.05000000 -0.68969393
 1.30000000  0.10000000 -1.42773440
 1.30000000  0.15000000 -1.41853950
 1.30000000  0.20000000 -1.54590723
 1.30000000  0.25000000 -1.06060272
 1.30000000  0.30000000 -1.18328374
 1.30000000  0.35000000 -1.43472038
 1.30000000  0.40000000 -0.45153293
 1.30000000  0.45000000 -0.30817126
 1.30000000  0.50000000  0.18034984
 1.30000000  0.55000000  0.72049529
 1.30000000  0.60000000  1.32233548
 1.30000000  0.65000000  0.37467285
 1.30000000  0.70000000  0.46497950
 1.30000000  0.75000000 -0.60061171
 1.30000000  0.80000000 -1.51288443
 1.30000000  0.85000000 -1.64414423
 1.30000000  0.90000000 -1.98839701
 1.30000000  0.95000000 -1.55459896
 1.30000000  1.00000000 -1.50380533
 1.30000000  1.05000000 -0.54938509
 1.30000000  1.10000000  0.94829879
 1.30000000  1.15000000  1.09453028
 1.30000000  1.20000000  0.09982012
 1.30000000  1.25000000 -1.00961576
 1.30000000  1.30000000 -0.93638274
 1.30000000  1.35000000 -1.47179847
 1.30000000  1.40000000 -1.60078442
 1.30000000  1.45000000 -1.32156146
 1.30000000  1.50000000 -1.24102332
 1.30000000  1.55000000 -0.61442197
 1.30000000  1.60000000  0.15152630
 1.30000000  1.65000000 -0.32319027
 1.30000000  1.70000000  0.13081631
 1.30000000  1.75000000  0.13194856
 1.30000000  1.80000000  0.73458801
 1.30000000  1.85000000  0.25081288
 1.30000000  1.90000000  0.94786153
 1.30000000  1.95000000  0.98671707
 1.35000000  0.00000000 -0.19105094
 1.35000000  0.05000000 -1.22180149
 1.35000000  0.10000000 -1.78758135
 1.35000000  0.15000000 -1.45132708
 1.35000000  0.20000000 -1.34352026
 1.35000000  0.25000000 -0.90710231
 1.35000000  0.30000000 -1.10602479
 1.35000000  0.35000000 -1.12841387
 1.35000000  0.40000000 -1.31407707
 1.35000000  0.45000000 -0.53540099
 1.35000000  0.50000000 -0.11012641
 1.35000000  0.55000000 -0.03344660
 1.35000000  0.60000000  0.16573617
 1.35000000  0.65000000  0.46034757
 1.35000000  0.70000000  0.39279288
 1.35000000  0.75000000  0.07030947
 1.35000000  0.80000000 -0.83914518
 1.35000000  0.85000000 -1.55010203
 1.35000000  0.90000000 -1.44997064
 1.35000000  0.95000000 -1.69816097
 1.35000000  1.00000000 -1.53949587
 1.35000000  1.05000000 -0.52408342
 1.35000000  1.10000000  1.20603705
 1.35000000  1.15000000  1.21822064
 1.35000000  1.20000000  1.11506673
 1.35000000  1.25000000 -0.01918948
 1.35000000  1.30000000 -0.18586178
 1.35000000  1.35000000 -0.35963789
 1.35000000  1.40000000 -0.65645650
 1.35000000  1.45000000 -0.54840549
 1.35000000  1.50000000 -0.47426485
 1.35000000  1.55000000 -0.08015418
 1.35000000  1.60000000 -0.10189488
 1.35000000  1.65000000 -0.47462735
 1.35000000  1.70000000 -0.15846416
 1.35000000  1.75000000  0.05687506
 1.35000000  1.80000000  0.06827412
 1.35000000  1.85000000  0.79985820
 1.35000000  1.90000000  0.72282349
 1.35000000  1.95000000  0.83173059
 1.40000000  0.00000000  0.14852982
 1.40000000  0.05000000 -0.77800373
 1.40000000  0.10000000 -0.86587807
 1.40000000  0.15000000 -0.91106867
 1.40000000  0.20000000 -0.71762445
 1.40000000  0.25000000 -1.31568992
 1.40000000  0.30000000 -1.16150255
 1.40000000  0.35000000 -1.68401391
 1.40000000  0.40000000 -1.60155895
 1.40000000  0.45000000 -0.93920524
 1.40000000  0.50000000 -0.77889118
 1.40000000  0.55000000 -0.03484071
 1.40000000  0.60000000 -0.30869180
 1.40000000  0.65000000  0.16184299
 1.40000000  0.70000000 -0.12890521
 1.40000000  0.75000000  0.25191828
 1.40000000  0.80000000 -0.41473204
 1.40000000  0.85000000 -1.36719796
 1.40000000  0.90000000 -1.61213792
 1.40000000  0.95000000 -1.69455105
 1.40000000  1.00000000 -1.16317820
 1.40000000  1.05000000 -0.05575120
 1.40000000  1.10000000  0.71257417
 1.40000000  1.15000000  1.09298882
 1.40000000  1.20000000  0.95359208
 1.40000000  1.25000000  0.80159624
 1.40000000  1.30000000  0.81643345
 1.40000000  1.35000000  0.74940469
 1.40000000  1.40000000  0.74542524
 1.40000000  1.45000000  0.18331014
 1.40000000  1.50000000  0.77947911
 1.40000000  1.55000000 -0.16541463
 1.40000000  1.60000000 -0.47220406
 1.40000000  1.65000000 -0.61969135
 1.40000000  1.70000000 -0.18182286
 1.40000000  1.75000000 -0.51278290
 1.40000000  1.80000000  0.91168139
 1.40000000  1.85000000  0.63435362
 1.40000000  1.90000000  0.69231947
 1.40000000  1.95000000  1.17517408
 1.45000000  0.00000000  0.21193695
 1.45000000  0.05000000 -1.41568011
 1.45000000  0.10000000 -0.73198716
 1.45000000  0.15000000 -0.61983244
 1.45000000  0.20000000  0.11576236
 1.45000000  0.25000000 -0.65031230
 1.45000000  0.30000000 -0.74875329
 1.45000000  0.35000000 -1.02554835
 1.45000000  0.40000000 -1.39913892
 1.45000000  0.45000000 -1.50783456
 1.45000000  0.50000000 -1.00829206
 1.45000000  0.55000000 -0.88246369
 1.45000000  0.60000000 -0.90971936
 1.45000000  0.65000000 -1.06424224
 1.45000000  0.70000000 -0.68471193
 1.45000000  0.75000000 -0.08775520
 1.45000000  0.80000000 -0.33511389
 1.45000000  0.85000000 -0.75431670
 1.45000000  0.90000000 -0.93794218
 1.45000000  0.95000000 -1.26930066
 1.45000000  1.00000000 -0.91719176
 1.45000000  1.05000000 -0.34271475
 1.45000000  1.10000000  0.77794170
 1.45000000  1.15000000  0.74275644
 1.45000000  1.20000000  0.17871615
 1.45000000  1.25000000  0.31499003
 1.45000000  1.30000000  1.03585123
 1.45000000  1.35000000  1.47768488
 1.45000000  1.40000000  1.34867479
 1.45000000  1.45000000  1.24068525
 1.45000000  1.50000000  1.37407526
 1.45000000  1.55000000  1.08038804
 1.45000000  1.60000000 -0.08935545
 1.45000000  1.65000000 -0.43925999
 1.45000000  1.70000000 -0.00269106
 1.45000000  1.75000000  0.53354608
 1.45000000  1.80000000  0.97905800
 1.45000000  1.85000000  1.27754338
 1.45000000  1.90000000  1.86522964
 1.45000000  1.95000000  1.57087020
 1.50000000  0.00000000  0.49556358
 1.50000000  0.05000000 -0.07486171
 1.50000000  0.10000000 -0.48390474
 1.50000000  0.15000000 -0.59896475
 1.50000000  0.20000000 -0.05448723
 1.50000000  0.25000000 -0.31285873
 1.50000000  0.30000000 -0.69710897
 1.50000000  0.35000000 -1.06359187
 1.50000000  0.40000000 -0.94192466
 1.50000000  0.45000000 -0.78973081
 1.50000000  0.50000000 -0.92327572
 1.50000000  0.55000000 -1.01556929
 1.50000000  0.60000000 -0.98203493
 1.50000000  0.65000000 -1.32054359
 1.50000000  0.70000000 -0.47881167
 1.50000000  0.75000000 -0.32528690
 1.50000000  0.80000000 -0.08173836
 1.50000000  0.85000000 -0.22003608
 1.50000000  0.90000000 -0.98589290
 1.50000000  0.95000000 -1.24892142
 1.50000000  1.00000000 -0.75654341
 1.50000000  1.05000000  0.04269961
 1.50000000  1.10000000 -0.27229532
 1.50000000  1.15000000 -0.63527984
 1.50000000  1.20000000 -0.84302499
 1.50000000  1.25000000 -0.26144104
 1.50000000  1.30000000  0.58273140
 1.50000000  1.35000000  0.61849954
 1.50000000  1.40000000  1.18198929
 1.50000000  1.45000000  1.52579410
 1.50000000  1.50000000  1.41639886
 1.50000000  1.55000000  1.40811982
 1.50000000  1.60000000  0.47981937
 1.50000000  1.65000000 -0.02401834
 1.50000000  1.70000000  0.63025345
 1.50000000  1.75000000  0.66516735
 1.50000000  1.80000000  1.14292414
 1.50000000  1.85000000  1.85219731
 1.50000000  1.90000000  1.62196809
 1.50000000  1.95000000  1.88710923
 1.55000000  0.00000000 -0.07564297
 1.55000000  0.05000000 -0.61060538
 1.55000000  0.10000000  0.13374800
 1.55000000  0.15000000 -0.43948891
 1.55000000  0.20000000 -0.44953804
 1.55000000  0.25000000 -0.87829094
 1.55000000  0.30000000 -0.62961211
 1.55000000  0.35000000 -0.86051160
 1.55000000  0.40000000 -0.68394847
 1.55000000  0.45000000 -0.47324873
 1.55000000  0.50000000 -0.40007459
 1.55000000  0.55000000 -0.73394907
 1.55000000  0.60000000 -0.58570438
 1.55000000  0.65000000 -0.17044996
 1.55000000  0.70000000 -0.12574243
 1.55000000  0.75000000  0.88374970
 1.55000000  0.80000000  0.88003149
 1.55000000  0.85000000  0.70443497
 1.55000000  0.90000000 -0.37500083
 1.55000000  0.95000000 -0.59004220
 1.55000000  1.00000000 -0.35095436
 1.55000000  1.05000000 -0.24862564
 1.55000000  1.10000000 -0.86846466
 1.55000000  1.15000000 -1.43742102
 1.55000000  1.20000000 -1.58867388
 1.55000000  1.25000000 -1.20339573
 1.55000000  1.30000000 -0.48606769
 1.55000000  1.35000000  0.15469517
 1.55000000  1.40000000  0.60038046
 1.55000000  1.45000000  0.72516326
 1.55000000  1.50000000  0.81492691
 1.55000000  1.55000000  1.02794025
 1.55000000  1.60000000  0.73310812
 1.55000000  1.65000000  0.39896249
 1.55000000  1.70000000  0.38173531
 1.55000000  1.75000000  0.81729163
 1.55000000  1.80000000  1.31974448
 1.55000000  1.85000000  1.59374636
 1.55000000  1.90000000  1.85180608
 1.55000000  1.95000000  1.17742122
 1.60000000  0.00000000 -0.42824338
 1.60000000  0.05000000 -0.50257282
 1.60000000  0.10000000 -0.34139585
 1.60000000  0.15000000 -0.36420494
 1.60000000  0.20000000 -0.40643526
 1.60000000  0.25000000 -1.01654161
 1.60000000  0.30000000 -1.27952398
 1.60000000  0.35000000 -0.56700731
 1.60000000  0.40000000 -0.05384799
 1.60000000  0.45000000 -0.01406324
 1.60000000  0.50000000 -0.03947298
 1.60000000  0.55000000 -0.59716415
 1.60000000  0.60000000 -0.43329713
 1.60000000  0.65000000  0.09395335
 1.60000000  0.70000000  0.39169534
 1.60000000  0.75000000  1.23622570
 1.60000000  0.80000000  1.81134163
 1.60000000  0.85000000  1.45772174
 1.60000000  0.90000000  0.06983680
 1.60000000  0.95000000 -0.61049713
 1.60000000  1.00000000 -0.48828794
 1.60000000  1.05000000 -0.33946817
 1.60000000  1.10000000 -0.93439177
 1.60000000  1.15000000 -1.23519771
 1.60000000  1.20000000 -1.30323200
 1.60000000  1.25000000 -0.95790596
 1.60000000  1.30000000 -0.82290640
 1.60000000  1.35000000 -0.62315138
 1.60000000  1.40000000 -1.02863778
 1.60000000  1.45000000 -0.66291745
 1.60000000  1.50000000 -0.66935202
 1.60000000  1.55000000 -0.08690782
 1.60000000  1.60000000 -0.26030572
 1.60000000  1.65000000 -0.29126143
 1.60000000  1.70000000  0.13337851
 1.60000000  1.75000000  0.73628582
 1.60000000  1.80000000  0.85504634
 1.60000000  1.85000000  1.44518645
 1.60000000  1.90000000  1.60044451
 1.60000000  1.95000000  1.27356350
 1.65000000  0.00000000 -1.14703833
 1.65000000  0.05000000 -0.33292881
 1.65000000  0.10000000  0.21672611
 1.65000000  0.15000000  0.27901082
 1.65000000  0.20000000 -0.32818338
 1.65000000  0.25000000 -1.17390027
 1.65000000  0.30000000 -0.78285912
 1.65000000  0.35000000 -0.06863210
 1.65000000  0.40000000  0.06660822
 1.65000000  0.45000000 -0.14964516
 1.65000000  0.50000000 -0.49761184
 1.65000000  0.55000000 -0.60184155
 1.65000000  0.60000000 -0.53886630
 1.65000000  0.65000000 -0.29547191
 1.65000000  0.70000000  0.60459955
 1.65000000  0.75000000  1.29132511
 1.65000000  0.80000000  2.24583482
 1.65000000  0.85000000  1.94372837
 1.65000000  0.90000000  0.67202313
 1.65000000  0.95000000 -0.24089766
 1.65000000  1.00000000 -0.47384589
 1.65000000  1.05000000 -0.31987156
 1.65000000  1.10000000 -0.92277417
 1.65000000  1.15000000 -1.02946892
 1.65000000  1.20000000 -0.38414895
 1.65000000  1.25000000 -0.20125918
 1.65000000  1.30000000 -0.44882603
 1.65000000  1.35000000 -0.78733157
 1.65000000  1.40000000 -1.44471274
 1.65000000  1.45000000 -1.46102591
 1.65000000  1.50000000 -1.59234531
 1.65000000  1.55000000 -1.10968535
 1.65000000  1.60000000 -1.32315054
 1.65000000  1.65000000 -0.89361255
 1.65000000  1.70000000 -0.21283362
 1.65000000  1.75000000  0.68098195
 1.65000000  1.80000000  1.72803585
 1.65000000  1.85000000  1.71081626
 1.65000000  1.90000000  0.90049744
 1.65000000  1.95000000  0.64225581
 1.70000000  0.00000000 -0.68582421
 1.70000000  0.05000000 -0.63045712
 1.70000000  0.10000000  0.40735765
 1.70000000  0.15000000  0.84866734
 1.70000000  0.20000000  0.56640160
 1.70000000  0.25000000 -0.08361407
 1.70000000  0.30000000 -1.12993392
 1.70000000  0.35000000 -0.86413195
 1.70000000  0.40000000 -0.47311950
 1.70000000  0.45000000 -0.46557652
 1.70000000  0.50000000 -0.81822524
 1.70000000  0.55000000 -0.95184910
 1.70000000  0.60000000 -0.65003229
 1.70000000  0.65000000  0.07896018
 1.70000000  0.70000000  0.48487089
 1.70000000  0.75000000  0.95296615
 1.70000000  0.80000000  1.80276051
 1.70000000  0.85000000  1.22595351
 1.70000000  0.90000000  0.42154126
 1.70000000  0.95000000 -0.69653737
 1.70000000  1.00000000 -1.21488328
 1.70000000  1.05000000 -1.46004548
 1.70000000  1.10000000 -0.81217570
 1.70000000  1.15000000  0.26745741
 1.70000000  1.20000000  1.07094579
 1.70000000  1.25000000  0.55229622
 1.70000000  1.30000000  0.10192670
 1.70000000  1.35000000 -0.73389682
 1.70000000  1.40000000 -1.64435114
 1.70000000  1.45000000 -1.43678919
 1.70000000  1.50000000 -1.30853140
 1.70000000  1.55000000 -1.80349356
 1.70000000  1.60000000 -1.77319662
 1.70000000  1.65000000 -1.51923614
 1.70000000  1.70000000 -0.34178823
 1.70000000  1.75000000  0.88541132
 1.70000000  1.80000000  1.53826816
 1.70000000  1.85000000  1.71322835
 1.70000000  1.90000000  1.29600193
 1.70000000  1.95000000 -0.00002099
 1.75000000  0.00000000 -0.63372546
 1.75000000  0.05000000 -0.74424262
 1.75000000  0.10000000  0.60730478
 1.75000000  0.15000000  1.34736497
 1.75000000  0.20000000  1.02723846
 1.75000000  0.25000000  0.26316875
 1.75000000  0.30000000 -0.72640179
 1.75000000  0.35000000 -0.83425481
 1.75000000  0.40000000 -0.73495777
 1.75000000  0.45000000 -1.25964277
 1.75000000  0.50000000 -0.38537656
 1.75000000  0.55000000 -0.18170854
 1.75000000  0.60000000 -0.01572983
 1.75000000  0.65000000  0.00524902
 1.75000000  0.70000000 -0.35033850
 1.75000000  0.75000000  0.96779904
 1.75000000  0.80000000  1.66460163
 1.75000000  0.85000000  0.79970594
 1.75000000  0.90000000 -0.49293593
 1.75000000  0.95000000 -1.52716747
 1.75000000  1.00000000 -2.39417267
 1.75000000  1.05000000 -2.34257669
 1.75000000  1.10000000 -1.17216972
 1.75000000  1.15000000  0.55138940
 1.75000000  1.20000000  1.55719209
 1.75000000  1.25000000  1.59229072
 1.75000000  1.30000000  0.18465615
 1.75000000  1.35000000 -1.00222683
 1.75000000  1.40000000 -1.28102679
 1.75000000  1.45000000 -1.28919743
 1.75000000  1.50000000 -1.33344554
 1.75000000  1.55000000 -1.60970511
 1.75000000  1.60000000 -2.29111411
 1.75000000  1.65000000 -1.16803445
 1.75000000  1.70000000 -0.07722343
 1.75000000  1.75000000  1.14967288
 1.75000000  1.80000000  2.07668843
 1.75000000  1.85000000  1.89352717
 1.75000000  1.90000000  1.55066929
 1.75000000  1.95000000  1.09566446
 1.80000000  0.00000000 -0.81495643
 1.80000000  0.05000000 -1.10018903
 1.80000000  0.10000000 -0.25746863
 1.80000000  0.15000000  0.31227015
 1.80000000  0.20000000  0.38691401
 1.80000000  0.25000000  0.18110115
 1.80000000  0.30000000 -0.53382398
 1.80000000  0.35000000 -1.17070369
 1.80000000  0.40000000 -1.61187840
 1.80000000  0.45000000 -1.33155783
 1.80000000  0.50000000 -0.89033442
 1.80000000  0.55000000  0.07360269
 1.80000000  0.60000000  0.38556359
 1.80000000  0.65000000 -0.13245577
 1.80000000  0.70000000 -0.34885674
 1.80000000  0.75000000 -0.37323778
 1.80000000  0.80000000  0.14542395
 1.80000000  0.85000000  0.15782295
 1.80000000  0.90000000 -0.84316974
 1.80000000  0.95000000 -2.27234777
 1.80000000  1.00000000 -2.11200846
 1.80000000  1.05000000 -1.79275913
 1.80000000  1.10000000 -0.85243302
 1.80000000  1.15000000  1.40244749
 1.80000000  1.20000000  2.54453651
 1.80000000  1.25000000  1.98893608
 1.80000000  1.30000000  0.75605573
 1.80000000  1.35000000 -0.72173546
 1.80000000  1.40000000 -1.22744026
 1.80000000  1.45000000 -0.82045842
 1.80000000  1.50000000 -1.46840932
 1.80000000  1.55000000 -1.80379821
 1.80000000  1.60000000 -2.06797352
 1.80000000  1.65000000 -0.60090181
 1.80000000  1.70000000  0.55239077
 1.80000000  1.75000000  1.50039279
 1.80000000  1.80000000  2.05939463
 1.80000000  1.85000000  2.28194459
 1.80000000  1.90000000  1.48099501
 1.80000000  1.95000000  1.21593979
 1.85000000  0.00000000 -1.21702722
 1.85000000  0.05000000 -1.43796598
 1.85000000  0.10000000 -1.21459990
 1.85000000  0.15000000 -0.72818346
 1.85000000  0.20000000  0.42995732
 1.85000000  0.25000000  0.07148114
 1.85000000  0.30000000 -0.90235267
 1.85000000  0.35000000 -1.38629978
 1.85000000  0.40000000 -2.11861210
 1.85000000  0.45000000 -1.54251100
 1.85000000  0.50000000 -0.98694329
 1.85000000  0.55000000  0.33378397
 1.85000000  0.60000000 -0.00623210
 1.85000000  0.65000000 -1.25524249
 1.85000000  0.70000000 -1.08641611
 1.85000000  0.75000000 -0.70314824
 1.85000000  0.80000000 -0.82299123
 1.85000000  0.85000000 -0.76515844
 1.85000000  0.90000000 -1.12584680
 1.85000000  0.95000000 -1.62319220
 1.85000000  1.00000000 -1.98809895
 1.85000000  1.05000000 -1.57230856
 1.85000000  1.10000000 -0.22718700
 1.85000000  1.15000000  2.14647374
 1.85000000  1.20000000  2.98953343
 1.85000000  1.25000000  2.29883594
 1.85000000  1.30000000  0.72479365
 1.85000000  1.35000000 -0.25182189
 1.85000000  1.40000000 -0.63044027
 1.85000000  1.45000000 -0.64717228
 1.85000000  1.50000000 -1.24090785
 1.85000000  1.55000000 -1.75179086
 1.85000000  1.60000000 -1.66386691
 1.85000000  1.65000000 -0.92590679
 1.85000000  1.70000000  0.06623911
 1.85000000  1.75000000  1.08877648
 1.85000000  1.80000000  1.36130598
 1.85000000  1.85000000  1.99378118
 1.85000000  1.90000000  2.09308753
 1.85000000  1.95000000  1.40726713
 1.90000000  0.00000000 -0.70439553
 1.90000000  0.05000000 -1.18328532
 1.90000000  0.10000000 -0.79635393
 1.90000000  0.15000000 -0.35297519
 1.90000000  0.20000000  0.90177833
 1.90000000  0.25000000  0.05419329
 1.90000000  0.30000000 -0.58288044
 1.90000000  0.35000000 -1.42583879
 1.90000000  0.40000000 -1.88581954
 1.90000000  0.45000000 -1.35310047
 1.90000000  0.50000000 -0.95083092
 1.90000000  0.55000000 -0.78242704
 1.90000000  0.60000000 -0.65861237
 1.90000000  0.65000000 -1.11632211
 1.90000000  0.70000000 -1.86446579
 1.90000000  0.75000000 -1.95711719
 1.90000000  0.80000000 -1.71100544
 1.90000000  0.85000000 -1.10615285
 1.90000000  0.90000000 -0.91103886
 1.90000000  0.95000000 -0.34965528
 1.90000000  1.00000000 -0.56552346
 1.90000000  1.05000000 -0.41705538
 1.90000000  1.10000000  0.20167967
 1.90000000  1.15000000  1.78807854
 1.90000000  1.20000000  2.72196508
 1.90000000  1.25000000  2.33537629
 1.90000000  1.30000000  1.57822735
 1.90000000  1.35000000  0.67765084
 1.90000000  1.40000000 -0.25879014
 1.90000000  1.45000000 -0.49193142
 1.90000000  1.50000000 -0.84040680
 1.90000000  1.55000000 -1.16542961
 1.90000000  1.60000000 -1.59321632
 1.90000000  1.65000000 -1.52762392
 1.90000000  1.70000000 -0.13138951
 1.90000000  1.75000000  1.18629384
 1.90000000  1.80000000  1.62704716
 1.90000000  1.85000000  2.54051165
 1.90000000  1.90000000  1.88037813
 1.90000000  1.95000000  1.71255572
 1.95000000  0.00000000 -0.36195398
 1.95000000  0.05000000 -0.78323007
 1.95000000  0.10000000 -0.54957653
 1.95000000  0.15000000 -0.17038702
 1.95000000  0.20000000  0.14556026
 1.95000000  0.25000000 -0.00823568
 1.95000000  0.30000000 -0.22397953
 1.95000000  0.35000000 -0.54396224
 1.95000000  0.40000000 -0.52955346
 1.95000000  0.45000000 -0.27967457
 1.95000000  0.50000000  0.20675047
 1.95000000  0.55000000 -0.60686225
 1.95000000  0.60000000 -0.99129299
 1.95000000  0.65000000 -1.39097009
 1.95000000  0.70000000 -1.90745241
 1.95000000  0.75000000 -2.14002915
 1.95000000  0.80000000 -2.78266757
 1.95000000  0.85000000 -1.91349761
 1.95000000  0.90000000 -0.69406178
 1.95000000  0.95000000  0.41350588
 1.95000000  1.00000000  0.55076398
 1.95000000  1.05000000  0.02703386
 1.95000000  1.10000000  0.32882891
 1.95000000  1.15000000  0.84288497
 1.95000000  1.20000000  1.62991633
 1.95000000  1.25000000  1.12534803
 1.95000000  1.30000000  1.41156823
 1.95000000  1.35000000  0.36642546
 1.95000000  1.40000000  0.40517490
 1.95000000  1.45000000  0.24102517
 1.95000000  1.50000000  0.21119518
 1.95000000  1.55000000 -0.63472377
 1.95000000  1.60000000 -1.53980818
 1.95000000  1.65000000 -1.13869604
 1.95000000  1.70000000 -0.07172840
 1.95000000  1.75000000  0.80082486
 1.95000000  1.80000000  1.50578687
 1.95000000  1.85000000  2.06569662
 1.95000000  1.90000000  1.71089095
 1.95000000  1.95000000  1.10031562
