 0.00000000  0.00000000  0.11585619
 0.00000000  0.05000000 -0.67632089
 0.00000000  0.10000000 -0.27352522
 0.00000000  0.15000000 -0.77100813
 0.00000000  0.20000000 -0.93992254
 0.00000000  0.25000000 -0.73706853
 0.00000000  0.30000000 -0.68960403
 0.00000000  0.35000000 -0.49619309
 0.00000000  0.40000000 -0.66111363
 0.00000000  0.45000000 -0.81393316
 0.00000000  0.50000000 -0.87705655
 0.00000000  0.55000000 -0.34996823
 0.00000000  0.60000000 -0.93451994
 0.00000000  0.65000000 -0.93300581
 0.00000000  0.70000000 -0.78575001
 0.00000000  0.75000000 -0.98109307
 0.00000000  0.80000000 -0.93434675
 0.00000000  0.85000000 -1.01725199
 0.00000000  0.90000000 -1.12891142
 0.00000000  0.95000000 -1.40836255
 0.05000000  0.00000000  0.14572269
 0.05000000  0.05000000 -0.50951189
 0.05000000  0.10000000 -0.38884356
 0.05000000  0.15000000 -0.71220460
 0.05000000  0.20000000 -0.30699371
 0.05000000  0.25000000 -0.59419042
 0.05000000  0.30000000 -0.58225026
 0.05000000  0.35000000 -1.11409335
 0.05000000  0.40000000 -1.13108345
 0.05000000  0.45000000 -1.56783338
 0.05000000  0.50000000 -1.04588223
 0.05000000  0.55000000 -1.21113458
 0.05000000  0.60000000 -1.64034118
 0.05000000  0.65000000 -1.20330240
 0.05000000  0.70000000 -1.37390508
 0.05000000  0.75000000 -1.20266917
 0.05000000  0.80000000 -1.25732773
 0.05000000  0.85000000 -1.10922355
 0.05000000  0.90000000 -0.93834489
 0.05000000  0.95000000 -1.34681211
 0.10000000  0.00000000 -0.08694134
 0.10000000  0.05000000 -0.10878066
 0.10000000  0.10000000 -0.12531004
 0.10000000  0.15000000 -0.54483992
 0.10000000  0.20000000 -1.11017844
 0.10000000  0.25000000 -1.19108121
 0.10000000  0.30000000 -1.03011725
 0.10000000  0.35000000 -1.55590953
 0.10000000  0.40000000 -1.25675756
 0.10000000  0.45000000 -1.39136131
 0.10000000  0.50000000 -1.56364099
 0.10000000  0.55000000 -1.49938214
 0.10000000  0.60000000 -1.45219800
 0.10000000  0.65000000 -1.32069849
 0.10000000  0.70000000 -1.26199921
 0.10000000  0.75000000 -1.29720823
 0.10000000  0.80000000 -0.98368306
 0.10000000  0.85000000 -0.89559375
 0.10000000  0.90000000 -1.26423990
 0.10000000  0.95000000 -1.13891798
 0.15000000  0.00000000 -0.00121520
 0.15000000  0.05000000  0.01818447
 0.15000000  0.10000000 -0.17615772
 0.15000000  0.15000000 -0.47074770
 0.15000000  0.20000000 -0.85542693
 0.15000000  0.25000000 -1.32948739
 0.15000000  0.30000000 -1.13359874
 0.15000000  0.35000000 -0.91082730
 0.15000000  0.40000000 -1.71361913
 0.15000000  0.45000000 -1.10079295
 0.15000000  0.50000000 -1.65466883
 0.15000000  0.55000000 -1.41806858
 0.15000000  0.60000000 -1.70742092
 0.15000000  0.65000000 -1.48910021
 0.15000000  0.70000000 -1.58803633
 0.15000000  0.75000000 -1.50509052
 0.15000000  0.80000000 -1.65606580
 0.15000000  0.85000000 -1.30817810
 0.15000000  0.90000000 -1.65990383
 0.15000000  0.95000000 -1.01419079
 0.20000000  0.00000000  0.18536100
 0.20000000  0.05000000  0.11186802
 0.20000000  0.10000000 -0.65763546
 0.20000000  0.15000000 -0.36958792
 0.20000000  0.20000000 -0.19756748
 0.20000000  0.25000000 -0.85594294
 0.20000000  0.30000000 -1.36147265
 0.20000000  0.35000000 -1.32938303
 0.20000000  0.40000000 -1.46165901
 0.20000000  0.45000000 -1.35617243
 0.20000000  0.50000000 -1.50342269
 0.20000000  0.55000000 -1.31551345
 0.20000000  0.60000000 -1.50625908
 0.20000000  0.65000000 -1.53520991
 0.20000000  0.70000000 -1.48665597
 0.20000000  0.75000000 -1.47643087
 0.20000000  0.80000000 -1.31434084
 0.20000000  0.85000000 -1.09719791
 0.20000000  0.90000000 -1.42443613
 0.20000000  0.95000000 -1.15877193
 0.25000000  0.00000000  0.38908313
 0.25000000  0.05000000  0.21027756
 0.25000000  0.10000000 -0.20611427
 0.25000000  0.15000000 -0.06465370
 0.25000000  0.20000000 -0.32092605
 0.25000000  0.25000000 -0.70607390
 0.25000000  0.30000000 -0.74265569
 0.25000000  0.35000000 -1.17169754
 0.25000000  0.40000000 -0.97582960
 0.25000000  0.45000000 -1.15442929
 0.25000000  0.50000000 -1.12538345
 0.25000000  0.55000000 -1.36552744
 0.25000000  0.60000000 -1.16252702
 0.25000000  0.65000000 -1.44579451
 0.25000000  0.70000000 -1.09067741
 0.25000000  0.75000000 -0.82935057
 0.25000000  0.80000000 -1.45822629
 0.25000000  0.85000000 -0.78271397
 0.25000000  0.90000000 -1.08808505
 0.25000000  0.95000000 -0.86438717
 0.30000000  0.00000000  0.75258717
 0.30000000  0.05000000  0.30491272
 0.30000000  0.10000000  0.27931407
 0.30000000  0.15000000 -0.35287237
 0.30000000  0.20000000 -0.57768915
 0.30000000  0.25000000 -0.64902515
 0.30000000  0.30000000 -0.39721735
 0.30000000  0.35000000 -0.94572573
 0.30000000  0.40000000 -0.87649141
 0.30000000  0.45000000 -1.30137357
 0.30000000  0.50000000 -1.19210493
 0.30000000  0.55000000 -1.21715269
 0.30000000  0.60000000 -1.19070175
 0.30000000  0.65000000 -1.27034002
 0.30000000  0.70000000 -1.09767763
 0.30000000  0.75000000 -0.82530959
 0.30000000  0.80000000 -0.69215125
 0.30000000  0.85000000 -0.67878241
 0.30000000  0.90000000 -0.91029777
 0.30000000  0.95000000 -0.65410606
 0.35000000  0.00000000  0.77649419
 0.35000000  0.05000000  0.49711553
 0.35000000  0.10000000  0.47666562
 0.35000000  0.15000000  0.27957719
 0.35000000  0.20000000  0.35856792
 0.35000000  0.25000000 -0.11461858
 0.35000000  0.30000000 -0.53554134
 0.35000000  0.35000000 -0.21595544
 0.35000000  0.40000000 -0.66327710
 0.35000000  0.45000000 -0.37579654
 0.35000000  0.50000000 -0.74155502
 0.35000000  0.55000000 -0.66698971
 0.35000000  0.60000000 -0.85443358
 0.35000000  0.65000000 -0.85824577
 0.35000000  0.70000000 -0.60614645
 0.35000000  0.75000000 -0.55652417
 0.35000000  0.80000000 -0.36239280
 0.35000000  0.85000000 -0.61637144
 0.35000000  0.90000000 -0.64800829
 0.35000000  0.95000000 -0.49228496
 0.40000000  0.00000000  0.91359365
 0.40000000  0.05000000  0.76305057
 0.40000000  0.10000000  0.76233155
 0.40000000  0.15000000  0.34526193
 0.40000000  0.20000000  0.18095153
 0.40000000  0.25000000  0.32626937
 0.40000000  0.30000000  0.32261210
 0.40000000  0.35000000 -0.71945615
 0.40000000  0.40000000 -0.27521786
 0.40000000  0.45000000 -0.30319768
 0.40000000  0.50000000 -0.54797417
 0.40000000  0.55000000 -0.38519212
 0.40000000  0.60000000 -0.64367176
 0.40000000  0.65000000 -1.05255512
 0.40000000  0.70000000 -0.18434563
 0.40000000  0.75000000 -0.18647782
 0.40000000  0.80000000 -0.04594154
 0.40000000  0.85000000  0.02227664
 0.40000000  0.90000000 -0.68097204
 0.40000000  0.95000000 -0.81763655
 0.45000000  0.00000000  0.83582159
 0.45000000  0.05000000  0.44171431
 0.45000000  0.10000000  1.20816604
 0.45000000  0.15000000  1.01931693
 0.45000000  0.20000000  0.64127781
 0.45000000  0.25000000  0.03744483
 0.45000000  0.30000000  0.40133913
 0.45000000  0.35000000  0.15078361
 0.45000000  0.40000000  0.00296093
 0.45000000  0.45000000 -0.03435047
 0.45000000  0.50000000  0.18143562
 0.45000000  0.55000000 -0.04845758
 0.45000000  0.60000000 -0.36497747
 0.45000000  0.65000000 -0.37797066
 0.45000000  0.70000000 -0.15311288
 0.45000000  0.75000000 -0.33777240
 0.45000000  0.80000000 -0.42813387
 0.45000000  0.85000000 -0.56166921
 0.45000000  0.90000000 -0.35875175
 0.45000000  0.95000000 -0.80248694
 0.50000000  0.00000000  1.16016664
 0.50000000  0.05000000  1.06937579
 0.50000000  0.10000000  1.02075517
 0.50000000  0.15000000  0.84986687
 0.50000000  0.20000000  0.78906273
 0.50000000  0.25000000  0.86580516
 0.50000000  0.30000000  0.73084219
 0.50000000  0.35000000  0.62581542
 0.50000000  0.40000000  0.48735114
 0.50000000  0.45000000  0.06899555
 0.50000000  0.50000000  0.21477259
 0.50000000  0.55000000  0.14875044
 0.50000000  0.60000000  0.38193907
 0.50000000  0.65000000 -0.02084260
 0.50000000  0.70000000  0.26999876
 0.50000000  0.75000000  0.16177259
 0.50000000  0.80000000  0.06360635
 0.50000000  0.85000000  0.05862199
 0.50000000  0.90000000 -0.61102394
 0.50000000  0.95000000 -0.22597090
 0.55000000  0.00000000  1.28366979
 0.55000000  0.05000000  1.44235075
 0.55000000  0.10000000  1.17216466
 0.55000000  0.15000000  1.35620293
 0.55000000  0.20000000  1.24980803
 0.55000000  0.25000000  0.84857231
 0.55000000  0.30000000  1.06424409
 0.55000000  0.35000000  0.83127255
 0.55000000  0.40000000  0.61583165
 0.55000000  0.45000000  0.33945926
 0.55000000  0.50000000  0.45897987
 0.55000000  0.55000000  0.28891629
 0.55000000  0.60000000  0.21946547
 0.55000000  0.65000000  0.30510567
 0.55000000  0.70000000  0.50631349
 0.55000000  0.75000000  0.18777555
 0.55000000  0.80000000  0.15562408
 0.55000000  0.85000000 -0.09970422
 0.55000000  0.90000000 -0.20669540
 0.55000000  0.95000000 -0.24200165
 0.60000000  0.00000000  1.03278019
 0.60000000  0.05000000  1.51586985
 0.60000000  0.10000000  1.42430348
 0.60000000  0.15000000  1.50437818
 0.60000000  0.20000000  1.16159793
 0.60000000  0.25000000  0.96064901
 0.60000000  0.30000000  1.60770305
 0.60000000  0.35000000  0.67791413
 0.60000000  0.40000000  0.56868483
 0.60000000  0.45000000  0.60939625
 0.60000000  0.50000000  0.73591841
 0.60000000  0.55000000  0.22548408
 0.60000000  0.60000000  0.60664781
 0.60000000  0.65000000  0.33952914
 0.60000000  0.70000000  0.58230031
 0.60000000  0.75000000 -0.02713074
 0.60000000  0.80000000  0.33807634
 0.60000000  0.85000000  0.15961739
 0.60000000  0.90000000 -0.46084962
 0.60000000  0.95000000 -0.33572022
 0.65000000  0.00000000  1.82181399
 0.65000000  0.05000000  1.76457313
 0.65000000  0.10000000  1.69323030
 0.65000000  0.15000000  1.73096251
 0.65000000  0.20000000  1.84498340
 0.65000000  0.25000000  1.49050524
 0.65000000  0.30000000  0.86158815
 0.65000000  0.35000000  0.62848646
 0.65000000  0.40000000  0.74062668
 0.65000000  0.45000000  0.92407542
 0.65000000  0.50000000  0.70277934
 0.65000000  0.55000000  0.71546389
 0.65000000  0.60000000  0.38725971
 0.65000000  0.65000000  0.46762548
 0.65000000  0.70000000 -0.35734303
 0.65000000  0.75000000  0.30731698
 0.65000000  0.80000000  0.33648423
 0.65000000  0.85000000 -0.10495177
 0.65000000  0.90000000 -0.24479126
 0.65000000  0.95000000 -0.37455706
 0.70000000  0.00000000  1.84613172
 0.70000000  0.05000000  1.81404846
 0.70000000  0.10000000  1.04382626
 0.70000000  0.15000000  1.36370859
 0.70000000  0.20000000  1.28033624
 0.70000000  0.25000000  1.43909089
 0.70000000  0.30000000  1.38966717
 0.70000000  0.35000000  1.36909272
 0.70000000  0.40000000  0.66906865
 0.70000000  0.45000000  1.00142614
 0.70000000  0.50000000  0.73531935
 0.70000000  0.55000000  0.81439068
 0.70000000  0.60000000  0.28763361
 0.70000000  0.65000000  0.19975254
 0.70000000  0.70000000  0.30816855
 0.70000000  0.75000000 -0.09032447
 0.70000000  0.80000000  0.13376685
 0.70000000  0.85000000  0.19236413
 0.70000000  0.90000000 -0.50232069
 0.70000000  0.95000000 -0.89787781
 0.75000000  0.00000000  2.04028459
 0.75000000  0.05000000  1.98835025
 0.75000000  0.10000000  1.55688700
 0.75000000  0.15000000  1.77222510
 0.75000000  0.20000000  1.72138618
 0.75000000  0.25000000  1.46186911
 0.75000000  0.30000000  1.40260397
 0.75000000  0.35000000  0.93373289
 0.75000000  0.40000000  1.04594729
 0.75000000  0.45000000  1.01331879
 0.75000000  0.50000000  0.70803785
 0.75000000  0.55000000  0.53134500
 0.75000000  0.60000000  0.05409144
 0.75000000  0.65000000  0.24271320
 0.75000000  0.70000000  0.04897509
 0.75000000  0.75000000 -0.33338659
 0.75000000  0.80000000 -0.18575304
 0.75000000  0.85000000 -0.41099455
 0.75000000  0.90000000 -0.53928499
 0.75000000  0.95000000 -0.62424092
 0.80000000  0.00000000  2.02841927
 0.80000000  0.05000000  2.00602345
 0.80000000  0.10000000  1.64986715
 0.80000000  0.15000000  1.59857194
 0.80000000  0.20000000  1.35459274
 0.80000000  0.25000000  1.49799259
 0.80000000  0.30000000  1.47580140
 0.80000000  0.35000000  0.62996742
 0.80000000  0.40000000  0.86015079
 0.80000000  0.45000000  0.86574071
 0.80000000  0.50000000  0.84326815
 0.80000000  0.55000000  0.74887121
 0.80000000  0.60000000  0.99746762
 0.80000000  0.65000000  0.06334645
 0.80000000  0.70000000  0.14996589
 0.80000000  0.75000000  0.07881459
 0.80000000  0.80000000 -0.33414752
 0.80000000  0.85000000 -0.48589625
 0.80000000  0.90000000 -0.38889868
 0.80000000  0.95000000 -0.80336428
 0.85000000  0.00000000  1.99946069
 0.85000000  0.05000000  1.92992114
 0.85000000  0.10000000  2.12246593
 0.85000000  0.15000000  1.74889951
 0.85000000  0.20000000  1.54383188
 0.85000000  0.25000000  1.98394445
 0.85000000  0.30000000  1.34634897
 0.85000000  0.35000000  0.83539605
 0.85000000  0.40000000  1.19887717
 0.85000000  0.45000000  0.51269872
 0.85000000  0.50000000  0.27804230
 0.85000000  0.55000000  0.32970661
 0.85000000  0.60000000  0.44509308
 0.85000000  0.65000000 -0.02263478
 0.85000000  0.70000000 -0.03994268
 0.85000000  0.75000000 -0.03549386
 0.85000000  0.80000000 -0.46136149
 0.85000000  0.85000000 -0.54776970
 0.85000000  0.90000000 -1.10960073
 0.85000000  0.95000000 -0.87830045
 0.90000000  0.00000000  2.66246489
 0.90000000  0.05000000  1.90345492
 0.90000000  0.10000000  2.32456468
 0.90000000  0.15000000  1.62459170
 0.90000000  0.20000000  1.52074396
 0.90000000  0.25000000  2.06407106
 0.90000000  0.30000000  1.34556106
 0.90000000  0.35000000  1.43833188
 0.90000000  0.40000000  1.20141162
 0.90000000  0.45000000  0.96551297
 0.90000000  0.50000000  0.90558859
 0.90000000  0.55000000  0.86439708
 0.90000000  0.60000000  0.45697245
 0.90000000  0.65000000 -0.04613531
 0.90000000  0.70000000 -0.02303300
 0.90000000  0.75000000 -0.35360931
 0.90000000  0.80000000 -0.41590269
 0.90000000  0.85000000 -0.39186939
 0.90000000  0.90000000 -0.64365877
 0.90000000  0.95000000 -0.94705074
 0.95000000  0.00000000  2.01424899
 0.95000000  0.05000000  1.86230120
 0.95000000  0.10000000  1.81012155
 0.95000000  0.15000000  1.84029983
 0.95000000  0.20000000  1.34904201
 0.95000000  0.25000000  1.28400928
 0.95000000  0.30000000  1.29195710
 0.95000000  0.35000000  1.23415440
 0.95000000  0.40000000  0.66619423
 0.95000000  0.45000000  1.16040236
 0.95000000  0.50000000  0.60686381
 0.95000000  0.55000000  0.46731208
 0.95000000  0.60000000  0.66133843
 0.95000000  0.65000000  0.05332588
 0.95000000  0.70000000 -0.12471769
 0.95000000  0.75000000 -0.01436367
 0.95000000  0.80000000 -0.20426370
 0.95000000  0.85000000 -0.43572112
 0.95000000  0.90000000 -0.72692549
 0.95000000  0.95000000 -1.17546188
