-0.25000000 -0.25000000  0.01956504
-0.25000000 -0.20000000  0.24184041
-0.25000000 -0.15000000  0.48412419
-0.25000000 -0.10000000  0.72649561
-0.25000000 -0.05000000  0.95795590
-0.25000000  0.00000000  1.16271821
-0.25000000  0.05000000  1.30356291
-0.25000000  0.10000000  1.36032099
-0.25000000  0.15000000  1.33784434
-0.25000000  0.20000000  1.23728090
-0.25000000  0.25000000  1.06465218
-0.25000000  0.30000000  0.84543438
-0.25000000  0.35000000  0.61290911
-0.25000000  0.40000000  0.37870473
-0.25000000  0.45000000  0.19826656
-0.25000000  0.50000000  0.03865493
-0.25000000  0.55000000 -0.07494134
-0.25000000  0.60000000 -0.13493695
-0.25000000  0.65000000 -0.16019579
-0.25000000  0.70000000 -0.15829885
-0.25000000  0.75000000 -0.12417773
-0.25000000  0.80000000 -0.07324236
-0.25000000  0.85000000 -0.00380211
-0.25000000  0.90000000  0.09050331
-0.25000000  0.95000000  0.20645569
-0.25000000  1.00000000  0.33289837
-0.25000000  1.05000000  0.44935177
-0.25000000  1.10000000  0.56069159
-0.25000000  1.15000000  0.65157167
-0.25000000  1.20000000  0.69171163
-0.25000000  1.25000000  0.69148824
-0.25000000  1.30000000  0.64451733
-0.25000000  1.35000000  0.57449050
-0.25000000  1.40000000  0.47239121
-0.25000000  1.45000000  0.37680414
-0.25000000  1.50000000  0.30750770
-0.25000000  1.55000000  0.31793120
-0.25000000  1.60000000  0.41789880
-0.25000000  1.65000000  0.62572711
-0.25000000  1.70000000  0.91506931
-0.25000000  1.75000000  1.25847211
-0.25000000  1.80000000  1.59813564
-0.25000000  1.85000000  1.88138286
-0.25000000  1.90000000  2.05012222
-0.25000000  1.95000000  2.07778726
-0.25000000  2.00000000  1.97735783
-0.25000000  2.05000000  1.75491713
-0.25000000  2.10000000  1.46475401
-0.25000000  2.15000000  1.13671030
-0.25000000  2.20000000  0.81254151
-0.20000000 -0.25000000 -0.39583839
-0.20000000 -0.20000000 -0.12013789
-0.20000000 -0.15000000  0.16867534
-0.20000000 -0.10000000  0.47348977
-0.20000000 -0.05000000  0.75979707
-0.20000000  0.00000000  1.01068545
-0.20000000  0.05000000  1.18751142
-0.20000000  0.10000000  1.28636582
-0.20000000  0.15000000  1.28072962
-0.20000000  0.20000000  1.19969994
-0.20000000  0.25000000  1.05098206
-0.20000000  0.30000000  0.85750147
-0.20000000  0.35000000  0.64375887
-0.20000000  0.40000000  0.43335060
-0.20000000  0.45000000  0.24152786
-0.20000000  0.50000000  0.09392277
-0.20000000  0.55000000 -0.02447970
-0.20000000  0.60000000 -0.10458698
-0.20000000  0.65000000 -0.15109561
-0.20000000  0.70000000 -0.16762671
-0.20000000  0.75000000 -0.16787922
-0.20000000  0.80000000 -0.13792492
-0.20000000  0.85000000 -0.09741599
-0.20000000  0.90000000 -0.03867437
-0.20000000  0.95000000  0.03134378
-0.20000000  1.00000000  0.12290013
-0.20000000  1.05000000  0.22434417
-0.20000000  1.10000000  0.32748723
-0.20000000  1.15000000  0.43382387
-0.20000000  1.20000000  0.52610033
-0.20000000  1.25000000  0.59268644
-0.20000000  1.30000000  0.63297388
-0.20000000  1.35000000  0.62832949
-0.20000000  1.40000000  0.57595984
-0.20000000  1.45000000  0.51438560
-0.20000000  1.50000000  0.45820205
-0.20000000  1.55000000  0.44731569
-0.20000000  1.60000000  0.51023013
-0.20000000  1.65000000  0.66235607
-0.20000000  1.70000000  0.88950673
-0.20000000  1.75000000  1.15957505
-0.20000000  1.80000000  1.44358306
-0.20000000  1.85000000  1.67311606
-0.20000000  1.90000000  1.83079432
-0.20000000  1.95000000  1.85303671
-0.20000000  2.00000000  1.75942322
-0.20000000  2.05000000  1.55471687
-0.20000000  2.10000000  1.26808390
-0.20000000  2.15000000  0.95293411
-0.20000000  2.20000000  0.63260656
-0.15000000 -0.25000000 -0.66851068
-0.15000000 -0.20000000 -0.35830776
-0.15000000 -0.15000000 -0.01880812
-0.15000000 -0.10000000  0.32349343
-0.15000000 -0.05000000  0.63613509
-0.15000000  0.00000000  0.90900299
-0.15000000  0.05000000  1.09665425
-0.15000000  0.10000000  1.19621059
-0.15000000  0.15000000  1.20134655
-0.15000000  0.20000000  1.11890250
-0.15000000  0.25000000  0.97654639
-0.15000000  0.30000000  0.79190316
-0.15000000  0.35000000  0.59922743
-0.15000000  0.40000000  0.39934726
-0.15000000  0.45000000  0.21360418
-0.15000000  0.50000000  0.06022688
-0.15000000  0.55000000 -0.05905298
-0.15000000  0.60000000 -0.15339819
-0.15000000  0.65000000 -0.21379928
-0.15000000  0.70000000 -0.25565129
-0.15000000  0.75000000 -0.27164281
-0.15000000  0.80000000 -0.27338353
-0.15000000  0.85000000 -0.25716747
-0.15000000  0.90000000 -0.22960535
-0.15000000  0.95000000 -0.18622843
-0.15000000  1.00000000 -0.12250439
-0.15000000  1.05000000 -0.02644226
-0.15000000  1.10000000  0.08821358
-0.15000000  1.15000000  0.23368471
-0.15000000  1.20000000  0.37841473
-0.15000000  1.25000000  0.52428289
-0.15000000  1.30000000  0.62988160
-0.15000000  1.35000000  0.69163839
-0.15000000  1.40000000  0.69638469
-0.15000000  1.45000000  0.65252931
-0.15000000  1.50000000  0.59063120
-0.15000000  1.55000000  0.54909593
-0.15000000  1.60000000  0.55118673
-0.15000000  1.65000000  0.64651562
-0.15000000  1.70000000  0.79535925
-0.15000000  1.75000000  1.00261245
-0.15000000  1.80000000  1.21533640
-0.15000000  1.85000000  1.40242786
-0.15000000  1.90000000  1.51338859
-0.15000000  1.95000000  1.53427760
-0.15000000  2.00000000  1.43685460
-0.15000000  2.05000000  1.23817263
-0.15000000  2.10000000  0.96276441
-0.15000000  2.15000000  0.64814986
-0.15000000  2.20000000  0.34668884
-0.10000000 -0.25000000 -0.76248814
-0.10000000 -0.20000000 -0.42329787
-0.10000000 -0.15000000 -0.05849860
-0.10000000 -0.10000000  0.28801145
-0.10000000 -0.05000000  0.60748747
-0.10000000  0.00000000  0.85816149
-0.10000000  0.05000000  1.01527206
-0.10000000  0.10000000  1.09969187
-0.10000000  0.15000000  1.07751820
-0.10000000  0.20000000  0.97681236
-0.10000000  0.25000000  0.82550633
-0.10000000  0.30000000  0.63683650
-0.10000000  0.35000000  0.44760116
-0.10000000  0.40000000  0.27251587
-0.10000000  0.45000000  0.10312311
-0.10000000  0.50000000 -0.04383042
-0.10000000  0.55000000 -0.15585377
-0.10000000  0.60000000 -0.24637409
-0.10000000  0.65000000 -0.31147850
-0.10000000  0.70000000 -0.36124840
-0.10000000  0.75000000 -0.39393917
-0.10000000  0.80000000 -0.41300209
-0.10000000  0.85000000 -0.41811717
-0.10000000  0.90000000 -0.40766158
-0.10000000  0.95000000 -0.38211073
-0.10000000  1.00000000 -0.32791450
-0.10000000  1.05000000 -0.23009021
-0.10000000  1.10000000 -0.08162667
-0.10000000  1.15000000  0.10232748
-0.10000000  1.20000000  0.30555684
-0.10000000  1.25000000  0.51158960
-0.10000000  1.30000000  0.66955557
-0.10000000  1.35000000  0.77382511
-0.10000000  1.40000000  0.79984174
-0.10000000  1.45000000  0.75369402
-0.10000000  1.50000000  0.66495001
-0.10000000  1.55000000  0.57419352
-0.10000000  1.60000000  0.53021470
-0.10000000  1.65000000  0.55279185
-0.10000000  1.70000000  0.64569736
-0.10000000  1.75000000  0.79402305
-0.10000000  1.80000000  0.94902675
-0.10000000  1.85000000  1.09148039
-0.10000000  1.90000000  1.17324666
-0.10000000  1.95000000  1.16613734
-0.10000000  2.00000000  1.06301045
-0.10000000  2.05000000  0.85380794
-0.10000000  2.10000000  0.57631196
-0.10000000  2.15000000  0.27674901
-0.10000000  2.20000000 -0.00669297
-0.05000000 -0.25000000 -0.69026808
-0.05000000 -0.20000000 -0.33101869
-0.05000000 -0.15000000  0.02921028
-0.05000000 -0.10000000  0.35356232
-0.05000000 -0.05000000  0.64409407
-0.05000000  0.00000000  0.85389769
-0.05000000  0.05000000  0.97839699
-0.05000000  0.10000000  0.99618514
-0.05000000  0.15000000  0.92655664
-0.05000000  0.20000000  0.79726058
-0.05000000  0.25000000  0.62834972
-0.05000000  0.30000000  0.43221606
-0.05000000  0.35000000  0.25027328
-0.05000000  0.40000000  0.07507420
-0.05000000  0.45000000 -0.08370370
-0.05000000  0.50000000 -0.20107256
-0.05000000  0.55000000 -0.29236098
-0.05000000  0.60000000 -0.35628228
-0.05000000  0.65000000 -0.40602629
-0.05000000  0.70000000 -0.44021762
-0.05000000  0.75000000 -0.46613911
-0.05000000  0.80000000 -0.48788153
-0.05000000  0.85000000 -0.50135098
-0.05000000  0.90000000 -0.50213484
-0.05000000  0.95000000 -0.48376804
-0.05000000  1.00000000 -0.42588385
-0.05000000  1.05000000 -0.31439461
-0.05000000  1.10000000 -0.14860819
-0.05000000  1.15000000  0.07549121
-0.05000000  1.20000000  0.32342596
-0.05000000  1.25000000  0.56803687
-0.05000000  1.30000000  0.76195189
-0.05000000  1.35000000  0.86400391
-0.05000000  1.40000000  0.88198590
-0.05000000  1.45000000  0.79557084
-0.05000000  1.50000000  0.66880423
-0.05000000  1.55000000  0.53947053
-0.05000000  1.60000000  0.43707627
-0.05000000  1.65000000  0.40975635
-0.05000000  1.70000000  0.45525859
-0.05000000  1.75000000  0.55189861
-0.05000000  1.80000000  0.67343909
-0.05000000  1.85000000  0.79194671
-0.05000000  1.90000000  0.84257263
-0.05000000  1.95000000  0.80839608
-0.05000000  2.00000000  0.68002510
-0.05000000  2.05000000  0.46482697
-0.05000000  2.10000000  0.18026023
-0.05000000  2.15000000 -0.11181829
-0.05000000  2.20000000 -0.35605831
 0.00000000 -0.25000000 -0.48538199
 0.00000000 -0.20000000 -0.14184628
 0.00000000 -0.15000000  0.18192850
 0.00000000 -0.10000000  0.47047882
 0.00000000 -0.05000000  0.70932997
 0.00000000  0.00000000  0.85706009
 0.00000000  0.05000000  0.92518251
 0.00000000  0.10000000  0.88326857
 0.00000000  0.15000000  0.76187318
 0.00000000  0.20000000  0.59144434
 0.00000000  0.25000000  0.39653356
 0.00000000  0.30000000  0.17996186
 0.00000000  0.35000000 -0.00529968
 0.00000000  0.40000000 -0.15776830
 0.00000000  0.45000000 -0.28403501
 0.00000000  0.50000000 -0.36994978
 0.00000000  0.55000000 -0.41475330
 0.00000000  0.60000000 -0.43873023
 0.00000000  0.65000000 -0.44613244
 0.00000000  0.70000000 -0.44739426
 0.00000000  0.75000000 -0.44894753
 0.00000000  0.80000000 -0.46243337
 0.00000000  0.85000000 -0.46873960
 0.00000000  0.90000000 -0.47143337
 0.00000000  0.95000000 -0.44751928
 0.00000000  1.00000000 -0.38658936
 0.00000000  1.05000000 -0.26943097
 0.00000000  1.10000000 -0.07375154
 0.00000000  1.15000000  0.17445489
 0.00000000  1.20000000  0.44376719
 0.00000000  1.25000000  0.69437872
 0.00000000  1.30000000  0.88344668
 0.00000000  1.35000000  0.96801516
 0.00000000  1.40000000  0.93898144
 0.00000000  1.45000000  0.80329123
 0.00000000  1.50000000  0.61942081
 0.00000000  1.55000000  0.43706297
 0.00000000  1.60000000  0.28860125
 0.00000000  1.65000000  0.21525964
 0.00000000  1.70000000  0.23158767
 0.00000000  1.75000000  0.30717894
 0.00000000  1.80000000  0.41908659
 0.00000000  1.85000000  0.50449825
 0.00000000  1.90000000  0.53342308
 0.00000000  1.95000000  0.47302010
 0.00000000  2.00000000  0.32236520
 0.00000000  2.05000000  0.07682365
 0.00000000  2.10000000 -0.19867262
 0.00000000  2.15000000 -0.46924173
 0.00000000  2.20000000 -0.68815181
 0.05000000 -0.25000000 -0.22206792
 0.05000000 -0.20000000  0.05659429
 0.05000000 -0.15000000  0.33239832
 0.05000000 -0.10000000  0.57288750
 0.05000000 -0.05000000  0.74215567
 0.05000000  0.00000000  0.83711927
 0.05000000  0.05000000  0.82501576
 0.05000000  0.10000000  0.73811486
 0.05000000  0.15000000  0.56825787
 0.05000000  0.20000000  0.36124884
 0.05000000  0.25000000  0.14056494
 0.05000000  0.30000000 -0.07465670
 0.05000000  0.35000000 -0.24762837
 0.05000000  0.40000000 -0.38696002
 0.05000000  0.45000000 -0.47230987
 0.05000000  0.50000000 -0.50931851
 0.05000000  0.55000000 -0.50053959
 0.05000000  0.60000000 -0.46086020
 0.05000000  0.65000000 -0.40791716
 0.05000000  0.70000000 -0.35775909
 0.05000000  0.75000000 -0.32981237
 0.05000000  0.80000000 -0.31704942
 0.05000000  0.85000000 -0.32106851
 0.05000000  0.90000000 -0.32257824
 0.05000000  0.95000000 -0.29741093
 0.05000000  1.00000000 -0.22613709
 0.05000000  1.05000000 -0.08962424
 0.05000000  1.10000000  0.10978491
 0.05000000  1.15000000  0.37299329
 0.05000000  1.20000000  0.64212217
 0.05000000  1.25000000  0.88140168
 0.05000000  1.30000000  1.03520088
 0.05000000  1.35000000  1.06045347
 0.05000000  1.40000000  0.96520118
 0.05000000  1.45000000  0.77284549
 0.05000000  1.50000000  0.52470569
 0.05000000  1.55000000  0.27489396
 0.05000000  1.60000000  0.09874517
 0.05000000  1.65000000  0.00110380
 0.05000000  1.70000000  0.00460859
 0.05000000  1.75000000  0.06558623
 0.05000000  1.80000000  0.16698957
 0.05000000  1.85000000  0.23706409
 0.05000000  1.90000000  0.24920474
 0.05000000  1.95000000  0.16636010
 0.05000000  2.00000000 -0.01431773
 0.05000000  2.05000000 -0.26351613
 0.05000000  2.10000000 -0.53978044
 0.05000000  2.15000000 -0.78279857
 0.05000000  2.20000000 -0.95407153
 0.10000000 -0.25000000  0.01493178
 0.10000000 -0.20000000  0.23856779
 0.10000000 -0.15000000  0.42686500
 0.10000000 -0.10000000  0.58842364
 0.10000000 -0.05000000  0.69148971
 0.10000000  0.00000000  0.71446025
 0.10000000  0.05000000  0.67069711
 0.10000000  0.10000000  0.53728379
 0.10000000  0.15000000  0.34622594
 0.10000000  0.20000000  0.12244259
 0.10000000  0.25000000 -0.09553059
 0.10000000  0.30000000 -0.30344476
 0.10000000  0.35000000 -0.46658520
 0.10000000  0.40000000 -0.57890771
 0.10000000  0.45000000 -0.62204015
 0.10000000  0.50000000 -0.59796727
 0.10000000  0.55000000 -0.52171406
 0.10000000  0.60000000 -0.40801171
 0.10000000  0.65000000 -0.29038015
 0.10000000  0.70000000 -0.17205724
 0.10000000  0.75000000 -0.10090829
 0.10000000  0.80000000 -0.07092242
 0.10000000  0.85000000 -0.06180330
 0.10000000  0.90000000 -0.06261121
 0.10000000  0.95000000 -0.03792320
 0.10000000  1.00000000  0.02269453
 0.10000000  1.05000000  0.17444574
 0.10000000  1.10000000  0.38510435
 0.10000000  1.15000000  0.63954834
 0.10000000  1.20000000  0.89760273
 0.10000000  1.25000000  1.10217838
 0.10000000  1.30000000  1.20184194
 0.10000000  1.35000000  1.16076811
 0.10000000  1.40000000  0.99006414
 0.10000000  1.45000000  0.71325413
 0.10000000  1.50000000  0.39686531
 0.10000000  1.55000000  0.10949176
 0.10000000  1.60000000 -0.10460308
 0.10000000  1.65000000 -0.22022290
 0.10000000  1.70000000 -0.23105195
 0.10000000  1.75000000 -0.17018981
 0.10000000  1.80000000 -0.08477222
 0.10000000  1.85000000 -0.02651868
 0.10000000  1.90000000 -0.03531134
 0.10000000  1.95000000 -0.13843566
 0.10000000  2.00000000 -0.33127944
 0.10000000  2.05000000 -0.56681401
 0.10000000  2.10000000 -0.82643019
 0.10000000  2.15000000 -1.03511310
 0.10000000  2.20000000 -1.16413794
 0.15000000 -0.25000000  0.18256579
 0.15000000 -0.20000000  0.31237137
 0.15000000 -0.15000000  0.42738257
 0.15000000 -0.10000000  0.50730540
 0.15000000 -0.05000000  0.54726414
 0.15000000  0.00000000  0.53108962
 0.15000000  0.05000000  0.43973352
 0.15000000  0.10000000  0.29093139
 0.15000000  0.15000000  0.09364656
 0.15000000  0.20000000 -0.11807349
 0.15000000  0.25000000 -0.32850692
 0.15000000  0.30000000 -0.50728404
 0.15000000  0.35000000 -0.63949490
 0.15000000  0.40000000 -0.71543547
 0.15000000  0.45000000 -0.71754217
 0.15000000  0.50000000 -0.62798122
 0.15000000  0.55000000 -0.48216330
 0.15000000  0.60000000 -0.28860656
 0.15000000  0.65000000 -0.08407381
 0.15000000  0.70000000  0.08935906
 0.15000000  0.75000000  0.20478743
 0.15000000  0.80000000  0.26835729
 0.15000000  0.85000000  0.27046963
 0.15000000  0.90000000  0.26516659
 0.15000000  0.95000000  0.27191072
 0.15000000  1.00000000  0.34491258
 0.15000000  1.05000000  0.47866668
 0.15000000  1.10000000  0.69342568
 0.15000000  1.15000000  0.93413792
 0.15000000  1.20000000  1.17078626
 0.15000000  1.25000000  1.31922506
 0.15000000  1.30000000  1.35629036
 0.15000000  1.35000000  1.23345387
 0.15000000  1.40000000  0.98029903
 0.15000000  1.45000000  0.64214696
 0.15000000  1.50000000  0.26956901
 0.15000000  1.55000000 -0.06605239
 0.15000000  1.60000000 -0.30044165
 0.15000000  1.65000000 -0.43599848
 0.15000000  1.70000000 -0.46497295
 0.15000000  1.75000000 -0.42036946
 0.15000000  1.80000000 -0.34112122
 0.15000000  1.85000000 -0.29502460
 0.15000000  1.90000000 -0.31942923
 0.15000000  1.95000000 -0.42845266
 0.15000000  2.00000000 -0.61650245
 0.15000000  2.05000000 -0.84494541
 0.15000000  2.10000000 -1.06219091
 0.15000000  2.15000000 -1.22538817
 0.15000000  2.20000000 -1.29213567
 0.20000000 -0.25000000  0.25591063
 0.20000000 -0.20000000  0.30018793
 0.20000000 -0.15000000  0.33249214
 0.20000000 -0.10000000  0.33883601
 0.20000000 -0.05000000  0.31784628
 0.20000000  0.00000000  0.25733255
 0.20000000  0.05000000  0.15226881
 0.20000000  0.10000000  0.00740531
 0.20000000  0.15000000 -0.16352291
 0.20000000  0.20000000 -0.34926273
 0.20000000  0.25000000 -0.52326059
 0.20000000  0.30000000 -0.67224287
 0.20000000  0.35000000 -0.77291215
 0.20000000  0.40000000 -0.80795965
 0.20000000  0.45000000 -0.74995989
 0.20000000  0.50000000 -0.61517338
 0.20000000  0.55000000 -0.39270270
 0.20000000  0.60000000 -0.11673761
 0.20000000  0.65000000  0.15777577
 0.20000000  0.70000000  0.40499483
 0.20000000  0.75000000  0.56337047
 0.20000000  0.80000000  0.64601545
 0.20000000  0.85000000  0.65528992
 0.20000000  0.90000000  0.63526677
 0.20000000  0.95000000  0.62557216
 0.20000000  1.00000000  0.67081225
 0.20000000  1.05000000  0.80205139
 0.20000000  1.10000000  1.00436598
 0.20000000  1.15000000  1.21568572
 0.20000000  1.20000000  1.41368857
 0.20000000  1.25000000  1.51877628
 0.20000000  1.30000000  1.47182596
 0.20000000  1.35000000  1.28397138
 0.20000000  1.40000000  0.95564625
 0.20000000  1.45000000  0.54894551
 0.20000000  1.50000000  0.13885649
 0.20000000  1.55000000 -0.22561126
 0.20000000  1.60000000 -0.48965321
 0.20000000  1.65000000 -0.64130400
 0.20000000  1.70000000 -0.69437694
 0.20000000  1.75000000 -0.66068166
 0.20000000  1.80000000 -0.60504581
 0.20000000  1.85000000 -0.58127068
 0.20000000  1.90000000 -0.60544480
 0.20000000  1.95000000 -0.70925886
 0.20000000  2.00000000 -0.87276739
 0.20000000  2.05000000 -1.06306527
 0.20000000  2.10000000 -1.23559005
 0.20000000  2.15000000 -1.33436442
 0.20000000  2.20000000 -1.35933682
 0.25000000 -0.25000000  0.25189534
 0.25000000 -0.20000000  0.22621137
 0.25000000 -0.15000000  0.19020518
 0.25000000 -0.10000000  0.13127502
 0.25000000 -0.05000000  0.05922376
 0.25000000  0.00000000 -0.03171863
 0.25000000  0.05000000 -0.14721200
 0.25000000  0.10000000 -0.27516968
 0.25000000  0.15000000 -0.41923864
 0.25000000  0.20000000 -0.55355042
 0.25000000  0.25000000 -0.68217186
 0.25000000  0.30000000 -0.79168907
 0.25000000  0.35000000 -0.85139409
 0.25000000  0.40000000 -0.84904114
 0.25000000  0.45000000 -0.74997339
 0.25000000  0.50000000 -0.54922672
 0.25000000  0.55000000 -0.26081850
 0.25000000  0.60000000  0.07751366
 0.25000000  0.65000000  0.43315621
 0.25000000  0.70000000  0.73594617
 0.25000000  0.75000000  0.94879241
 0.25000000  0.80000000  1.04716113
 0.25000000  0.85000000  1.05772731
 0.25000000  0.90000000  1.00854515
 0.25000000  0.95000000  0.97521299
 0.25000000  1.00000000  1.00462800
 0.25000000  1.05000000  1.10281739
 0.25000000  1.10000000  1.26100888
 0.25000000  1.15000000  1.45397361
 0.25000000  1.20000000  1.61483557
 0.25000000  1.25000000  1.65001377
 0.25000000  1.30000000  1.54455433
 0.25000000  1.35000000  1.28055286
 0.25000000  1.40000000  0.89543181
 0.25000000  1.45000000  0.44616491
 0.25000000  1.50000000  0.00757633
 0.25000000  1.55000000 -0.38149682
 0.25000000  1.60000000 -0.66395826
 0.25000000  1.65000000 -0.83184655
 0.25000000  1.70000000 -0.89693946
 0.25000000  1.75000000 -0.89030565
 0.25000000  1.80000000 -0.85876002
 0.25000000  1.85000000 -0.84226142
 0.25000000  1.90000000 -0.86917033
 0.25000000  1.95000000 -0.96248824
 0.25000000  2.00000000 -1.09247861
 0.25000000  2.05000000 -1.23218618
 0.25000000  2.10000000 -1.33401210
 0.25000000  2.15000000 -1.38811846
 0.25000000  2.20000000 -1.36624055
 0.30000000 -0.25000000  0.21596107
 0.30000000 -0.20000000  0.14224809
 0.30000000 -0.15000000  0.05154440
 0.30000000 -0.10000000 -0.04962909
 0.30000000 -0.05000000 -0.17095253
 0.30000000  0.00000000 -0.27845875
 0.30000000  0.05000000 -0.39875495
 0.30000000  0.10000000 -0.51055915
 0.30000000  0.15000000 -0.61774633
 0.30000000  0.20000000 -0.71276604
 0.30000000  0.25000000 -0.79987342
 0.30000000  0.30000000 -0.85979392
 0.30000000  0.35000000 -0.87787551
 0.30000000  0.40000000 -0.83954465
 0.30000000  0.45000000 -0.70017695
 0.30000000  0.50000000 -0.44977798
 0.30000000  0.55000000 -0.10653300
 0.30000000  0.60000000  0.30426567
 0.30000000  0.65000000  0.71531226
 0.30000000  0.70000000  1.07281241
 0.30000000  0.75000000  1.31617850
 0.30000000  0.80000000  1.42624514
 0.30000000  0.85000000  1.42850157
 0.30000000  0.90000000  1.36955677
 0.30000000  0.95000000  1.30564791
 0.30000000  1.00000000  1.29509023
 0.30000000  1.05000000  1.36539346
 0.30000000  1.10000000  1.49440299
 0.30000000  1.15000000  1.63767564
 0.30000000  1.20000000  1.73682640
 0.30000000  1.25000000  1.71595508
 0.30000000  1.30000000  1.53945524
 0.30000000  1.35000000  1.22096759
 0.30000000  1.40000000  0.78784508
 0.30000000  1.45000000  0.31216486
 0.30000000  1.50000000 -0.14300716
 0.30000000  1.55000000 -0.52906343
 0.30000000  1.60000000 -0.80273382
 0.30000000  1.65000000 -0.97600854
 0.30000000  1.70000000 -1.05127116
 0.30000000  1.75000000 -1.07186984
 0.30000000  1.80000000 -1.06272207
 0.30000000  1.85000000 -1.05580405
 0.30000000  1.90000000 -1.08336979
 0.30000000  1.95000000 -1.14010370
 0.30000000  2.00000000 -1.23174223
 0.30000000  2.05000000 -1.32324532
 0.30000000  2.10000000 -1.37144332
 0.30000000  2.15000000 -1.38304667
 0.30000000  2.20000000 -1.32863568
 0.35000000 -0.25000000  0.19128135
 0.35000000 -0.20000000  0.09301071
 0.35000000 -0.15000000 -0.02072383
 0.35000000 -0.10000000 -0.16338004
 0.35000000 -0.05000000 -0.31039605
 0.35000000  0.00000000 -0.44653215
 0.35000000  0.05000000 -0.56476088
 0.35000000  0.10000000 -0.65989869
 0.35000000  0.15000000 -0.73925581
 0.35000000  0.20000000 -0.79987791
 0.35000000  0.25000000 -0.83974019
 0.35000000  0.30000000 -0.86298496
 0.35000000  0.35000000 -0.85985625
 0.35000000  0.40000000 -0.77620373
 0.35000000  0.45000000 -0.59462416
 0.35000000  0.50000000 -0.32031504
 0.35000000  0.55000000  0.06637270
 0.35000000  0.60000000  0.51684008
 0.35000000  0.65000000  0.97825178
 0.35000000  0.70000000  1.36967776
 0.35000000  0.75000000  1.62589417
 0.35000000  0.80000000  1.75218422
 0.35000000  0.85000000  1.74663861
 0.35000000  0.90000000  1.68306240
 0.35000000  0.95000000  1.59363660
 0.35000000  1.00000000  1.55064779
 0.35000000  1.05000000  1.57442869
 0.35000000  1.10000000  1.66314878
 0.35000000  1.15000000  1.76017006
 0.35000000  1.20000000  1.78986811
 0.35000000  1.25000000  1.69309746
 0.35000000  1.30000000  1.46878221
 0.35000000  1.35000000  1.08816438
 0.35000000  1.40000000  0.63394860
 0.35000000  1.45000000  0.15547473
 0.35000000  1.50000000 -0.28794217
 0.35000000  1.55000000 -0.65183102
 0.35000000  1.60000000 -0.90558358
 0.35000000  1.65000000 -1.07099296
 0.35000000  1.70000000 -1.14848599
 0.35000000  1.75000000 -1.17150156
 0.35000000  1.80000000 -1.17945450
 0.35000000  1.85000000 -1.18142070
 0.35000000  1.90000000 -1.20439868
 0.35000000  1.95000000 -1.24355355
 0.35000000  2.00000000 -1.30031247
 0.35000000  2.05000000 -1.34762547
 0.35000000  2.10000000 -1.36260284
 0.35000000  2.15000000 -1.33002882
 0.35000000  2.20000000 -1.26031806
 0.40000000 -0.25000000  0.20066283
 0.40000000 -0.20000000  0.10625327
 0.40000000 -0.15000000 -0.02447788
 0.40000000 -0.10000000 -0.17890168
 0.40000000 -0.05000000 -0.34089518
 0.40000000  0.00000000 -0.49329661
 0.40000000  0.05000000 -0.61603964
 0.40000000  0.10000000 -0.70775931
 0.40000000  0.15000000 -0.77429912
 0.40000000  0.20000000 -0.79846356
 0.40000000  0.25000000 -0.81537262
 0.40000000  0.30000000 -0.80953619
 0.40000000  0.35000000 -0.76858096
 0.40000000  0.40000000 -0.66663993
 0.40000000  0.45000000 -0.47284284
 0.40000000  0.50000000 -0.16931689
 0.40000000  0.55000000  0.24990087
 0.40000000  0.60000000  0.72096737
 0.40000000  0.65000000  1.19281713
 0.40000000  0.70000000  1.59833937
 0.40000000  0.75000000  1.87064489
 0.40000000  0.80000000  2.00158640
 0.40000000  0.85000000  1.99671607
 0.40000000  0.90000000  1.90740536
 0.40000000  0.95000000  1.80041022
 0.40000000  1.00000000  1.72454260
 0.40000000  1.05000000  1.72117921
 0.40000000  1.10000000  1.76460454
 0.40000000  1.15000000  1.79820407
 0.40000000  1.20000000  1.77568017
 0.40000000  1.25000000  1.62716314
 0.40000000  1.30000000  1.33496579
 0.40000000  1.35000000  0.92495436
 0.40000000  1.40000000  0.45651083
 0.40000000  1.45000000 -0.01651086
 0.40000000  1.50000000 -0.42357249
 0.40000000  1.55000000 -0.74150374
 0.40000000  1.60000000 -0.96487000
 0.40000000  1.65000000 -1.09371654
 0.40000000  1.70000000 -1.16042912
 0.40000000  1.75000000 -1.19223302
 0.40000000  1.80000000 -1.19476300
 0.40000000  1.85000000 -1.20572016
 0.40000000  1.90000000 -1.23417571
 0.40000000  1.95000000 -1.26651383
 0.40000000  2.00000000 -1.29031615
 0.40000000  2.05000000 -1.31080994
 0.40000000  2.10000000 -1.30359434
 0.40000000  2.15000000 -1.27190714
 0.40000000  2.20000000 -1.18432117
 0.45000000 -0.25000000  0.24135845
 0.45000000 -0.20000000  0.16854591
 0.45000000 -0.15000000  0.04191174
 0.45000000 -0.10000000 -0.12088127
 0.45000000 -0.05000000 -0.29200507
 0.45000000  0.00000000 -0.44861390
 0.45000000  0.05000000 -0.57587153
 0.45000000  0.10000000 -0.65934772
 0.45000000  0.15000000 -0.71201158
 0.45000000  0.20000000 -0.72802884
 0.45000000  0.25000000 -0.71907324
 0.45000000  0.30000000 -0.70484247
 0.45000000  0.35000000 -0.64067238
 0.45000000  0.40000000 -0.51690096
 0.45000000  0.45000000 -0.31170053
 0.45000000  0.50000000 -0.00086078
 0.45000000  0.55000000  0.41102690
 0.45000000  0.60000000  0.88304665
 0.45000000  0.65000000  1.34263515
 0.45000000  0.70000000  1.74083738
 0.45000000  0.75000000  2.01200737
 0.45000000  0.80000000  2.13120898
 0.45000000  0.85000000  2.12278109
 0.45000000  0.90000000  2.02550375
 0.45000000  0.95000000  1.90664698
 0.45000000  1.00000000  1.81209824
 0.45000000  1.05000000  1.77405855
 0.45000000  1.10000000  1.78238772
 0.45000000  1.15000000  1.77007774
 0.45000000  1.20000000  1.69070493
 0.45000000  1.25000000  1.49221172
 0.45000000  1.30000000  1.17209869
 0.45000000  1.35000000  0.74631389
 0.45000000  1.40000000  0.28072399
 0.45000000  1.45000000 -0.15519354
 0.45000000  1.50000000 -0.51920922
 0.45000000  1.55000000 -0.78404654
 0.45000000  1.60000000 -0.95341298
 0.45000000  1.65000000 -1.04169001
 0.45000000  1.70000000 -1.08479102
 0.45000000  1.75000000 -1.10852630
 0.45000000  1.80000000 -1.11658528
 0.45000000  1.85000000 -1.13587076
 0.45000000  1.90000000 -1.16072950
 0.45000000  1.95000000 -1.19323665
 0.45000000  2.00000000 -1.22196921
 0.45000000  2.05000000 -1.22568027
 0.45000000  2.10000000 -1.21899729
 0.45000000  2.15000000 -1.18235644
 0.45000000  2.20000000 -1.12623052
 0.50000000 -0.25000000  0.27898941
 0.50000000 -0.20000000  0.21794141
 0.50000000 -0.15000000  0.12330505
 0.50000000 -0.10000000 -0.03305821
 0.50000000 -0.05000000 -0.20213854
 0.50000000  0.00000000 -0.36124409
 0.50000000  0.05000000 -0.48038242
 0.50000000  0.10000000 -0.56200419
 0.50000000  0.15000000 -0.60303499
 0.50000000  0.20000000 -0.59944852
 0.50000000  0.25000000 -0.58955948
 0.50000000  0.30000000 -0.54429713
 0.50000000  0.35000000 -0.47453939
 0.50000000  0.40000000 -0.34561128
 0.50000000  0.45000000 -0.14757955
 0.50000000  0.50000000  0.14729878
 0.50000000  0.55000000  0.52970814
 0.50000000  0.60000000  0.96625019
 0.50000000  0.65000000  1.40298045
 0.50000000  0.70000000  1.76746460
 0.50000000  0.75000000  2.02425594
 0.50000000  0.80000000  2.13889854
 0.50000000  0.85000000  2.12666958
 0.50000000  0.90000000  2.02088165
 0.50000000  0.95000000  1.89406572
 0.50000000  1.00000000  1.79822976
 0.50000000  1.05000000  1.73688898
 0.50000000  1.10000000  1.71781134
 0.50000000  1.15000000  1.68253144
 0.50000000  1.20000000  1.57070663
 0.50000000  1.25000000  1.34420899
 0.50000000  1.30000000  1.01136652
 0.50000000  1.35000000  0.58834418
 0.50000000  1.40000000  0.14808204
 0.50000000  1.45000000 -0.24880211
 0.50000000  1.50000000 -0.56070331
 0.50000000  1.55000000 -0.76439798
 0.50000000  1.60000000 -0.88372950
 0.50000000  1.65000000 -0.92443454
 0.50000000  1.70000000 -0.93948426
 0.50000000  1.75000000 -0.94072843
 0.50000000  1.80000000 -0.94590603
 0.50000000  1.85000000 -0.97937815
 0.50000000  1.90000000 -1.02412123
 0.50000000  1.95000000 -1.06250209
 0.50000000  2.00000000 -1.10145146
 0.50000000  2.05000000 -1.12613854
 0.50000000  2.10000000 -1.12335925
 0.50000000  2.15000000 -1.10220511
 0.50000000  2.20000000 -1.05869361
 0.55000000 -0.25000000  0.24374888
 0.55000000 -0.20000000  0.21397165
 0.55000000 -0.15000000  0.13199036
 0.55000000 -0.10000000 -0.00322621
 0.55000000 -0.05000000 -0.14882190
 0.55000000  0.00000000 -0.28454724
 0.55000000  0.05000000 -0.38856410
 0.55000000  0.10000000 -0.46109241
 0.55000000  0.15000000 -0.47973536
 0.55000000  0.20000000 -0.46259811
 0.55000000  0.25000000 -0.42939251
 0.55000000  0.30000000 -0.36991065
 0.55000000  0.35000000 -0.29500005
 0.55000000  0.40000000 -0.17424880
 0.55000000  0.45000000  0.00612891
 0.55000000  0.50000000  0.27541596
 0.55000000  0.55000000  0.60960116
 0.55000000  0.60000000  0.99290097
 0.55000000  0.65000000  1.37041628
 0.55000000  0.70000000  1.70245852
 0.55000000  0.75000000  1.92463994
 0.55000000  0.80000000  2.02525552
 0.55000000  0.85000000  2.00052774
 0.55000000  0.90000000  1.90392319
 0.55000000  0.95000000  1.78363061
 0.55000000  1.00000000  1.68237512
 0.55000000  1.05000000  1.61654600
 0.55000000  1.10000000  1.58953378
 0.55000000  1.15000000  1.53970048
 0.55000000  1.20000000  1.42017313
 0.55000000  1.25000000  1.20146472
 0.55000000  1.30000000  0.87255654
 0.55000000  1.35000000  0.47931058
 0.55000000  1.40000000  0.07829727
 0.55000000  1.45000000 -0.26453069
 0.55000000  1.50000000 -0.53146490
 0.55000000  1.55000000 -0.68019606
 0.55000000  1.60000000 -0.74143884
 0.55000000  1.65000000 -0.74429163
 0.55000000  1.70000000 -0.71885812
 0.55000000  1.75000000 -0.70608096
 0.55000000  1.80000000 -0.72166637
 0.55000000  1.85000000 -0.75538259
 0.55000000  1.90000000 -0.80679593
 0.55000000  1.95000000 -0.88038497
 0.55000000  2.00000000 -0.93281387
 0.55000000  2.05000000 -0.97669110
 0.55000000  2.10000000 -1.00053102
 0.55000000  2.15000000 -1.00397420
 0.55000000  2.20000000 -0.99420936
 0.60000000 -0.25000000  0.10007374
 0.60000000 -0.20000000  0.08920442
 0.60000000 -0.15000000  0.03265911
 0.60000000 -0.10000000 -0.07717410
 0.60000000 -0.05000000 -0.18738041
 0.60000000  0.00000000 -0.29649874
 0.60000000  0.05000000 -0.36359973
 0.60000000  0.10000000 -0.39150190
 0.60000000  0.15000000 -0.37931083
 0.60000000  0.20000000 -0.34318496
 0.60000000  0.25000000 -0.27789347
 0.60000000  0.30000000 -0.20021180
 0.60000000  0.35000000 -0.11565081
 0.60000000  0.40000000 -0.00624180
 0.60000000  0.45000000  0.14186264
 0.60000000  0.50000000  0.35950719
 0.60000000  0.55000000  0.63646934
 0.60000000  0.60000000  0.94617414
 0.60000000  0.65000000  1.27142687
 0.60000000  0.70000000  1.54092181
 0.60000000  0.75000000  1.73109198
 0.60000000  0.80000000  1.81759882
 0.60000000  0.85000000  1.79352282
 0.60000000  0.90000000  1.69468529
 0.60000000  0.95000000  1.59006760
 0.60000000  1.00000000  1.49406870
 0.60000000  1.05000000  1.43403684
 0.60000000  1.10000000  1.40556617
 0.60000000  1.15000000  1.37136000
 0.60000000  1.20000000  1.27778001
 0.60000000  1.25000000  1.08365805
 0.60000000  1.30000000  0.79705939
 0.60000000  1.35000000  0.44773995
 0.60000000  1.40000000  0.09312278
 0.60000000  1.45000000 -0.21259578
 0.60000000  1.50000000 -0.41694035
 0.60000000  1.55000000 -0.51564537
 0.60000000  1.60000000 -0.53129553
 0.60000000  1.65000000 -0.50324943
 0.60000000  1.70000000 -0.45547848
 0.60000000  1.75000000 -0.43109895
 0.60000000  1.80000000 -0.44025857
 0.60000000  1.85000000 -0.48071132
 0.60000000  1.90000000 -0.55906020
 0.60000000  1.95000000 -0.63771870
 0.60000000  2.00000000 -0.72495244
 0.60000000  2.05000000 -0.79007661
 0.60000000  2.10000000 -0.84623555
 0.60000000  2.15000000 -0.88385452
 0.60000000  2.20000000 -0.89645250
 0.65000000 -0.25000000 -0.16768844
 0.65000000 -0.20000000 -0.16636409
 0.65000000 -0.15000000 -0.21868058
 0.65000000 -0.10000000 -0.28558158
 0.65000000 -0.05000000 -0.35217351
 0.65000000  0.00000000 -0.41090390
 0.65000000  0.05000000 -0.42861541
 0.65000000  0.10000000 -0.41065934
 0.65000000  0.15000000 -0.34824655
 0.65000000  0.20000000 -0.26345698
 0.65000000  0.25000000 -0.16951364
 0.65000000  0.30000000 -0.06440562
 0.65000000  0.35000000  0.03315784
 0.65000000  0.40000000  0.13393790
 0.65000000  0.45000000  0.25407726
 0.65000000  0.50000000  0.41521804
 0.65000000  0.55000000  0.61306910
 0.65000000  0.60000000  0.86378395
 0.65000000  0.65000000  1.10984503
 0.65000000  0.70000000  1.32419916
 0.65000000  0.75000000  1.48168311
 0.65000000  0.80000000  1.55434556
 0.65000000  0.85000000  1.53018733
 0.65000000  0.90000000  1.45379275
 0.65000000  0.95000000  1.34489205
 0.65000000  1.00000000  1.26359203
 0.65000000  1.05000000  1.23055471
 0.65000000  1.10000000  1.22041526
 0.65000000  1.15000000  1.21997751
 0.65000000  1.20000000  1.15114207
 0.65000000  1.25000000  1.00834247
 0.65000000  1.30000000  0.77191974
 0.65000000  1.35000000  0.48021528
 0.65000000  1.40000000  0.17900518
 0.65000000  1.45000000 -0.06897827
 0.65000000  1.50000000 -0.22378358
 0.65000000  1.55000000 -0.28761345
 0.65000000  1.60000000 -0.26671866
 0.65000000  1.65000000 -0.20712523
 0.65000000  1.70000000 -0.14475446
 0.65000000  1.75000000 -0.11469868
 0.65000000  1.80000000 -0.13272487
 0.65000000  1.85000000 -0.17822477
 0.65000000  1.90000000 -0.27175908
 0.65000000  1.95000000 -0.37304027
 0.65000000  2.00000000 -0.47323957
 0.65000000  2.05000000 -0.57598191
 0.65000000  2.10000000 -0.65282606
 0.65000000  2.15000000 -0.72671311
 0.65000000  2.20000000 -0.77908402
 0.70000000 -0.25000000 -0.52780827
 0.70000000 -0.20000000 -0.54351963
 0.70000000 -0.15000000 -0.57917794
 0.70000000 -0.10000000 -0.61454219
 0.70000000 -0.05000000 -0.62803326
 0.70000000  0.00000000 -0.62806862
 0.70000000  0.05000000 -0.58491742
 0.70000000  0.10000000 -0.50182528
 0.70000000  0.15000000 -0.38181578
 0.70000000  0.20000000 -0.23910322
 0.70000000  0.25000000 -0.09916366
 0.70000000  0.30000000  0.02826143
 0.70000000  0.35000000  0.13606232
 0.70000000  0.40000000  0.23693752
 0.70000000  0.45000000  0.32987890
 0.70000000  0.50000000  0.43878235
 0.70000000  0.55000000  0.58068589
 0.70000000  0.60000000  0.74379256
 0.70000000  0.65000000  0.93137854
 0.70000000  0.70000000  1.09909628
 0.70000000  0.75000000  1.22850676
 0.70000000  0.80000000  1.28101655
 0.70000000  0.85000000  1.25987166
 0.70000000  0.90000000  1.18789882
 0.70000000  0.95000000  1.09802165
 0.70000000  1.00000000  1.03722874
 0.70000000  1.05000000  1.02933274
 0.70000000  1.10000000  1.04449876
 0.70000000  1.15000000  1.07820102
 0.70000000  1.20000000  1.06330010
 0.70000000  1.25000000  0.97063919
 0.70000000  1.30000000  0.79647679
 0.70000000  1.35000000  0.57148392
 0.70000000  1.40000000  0.33643851
 0.70000000  1.45000000  0.14422251
 0.70000000  1.50000000  0.03502907
 0.70000000  1.55000000  0.00572565
 0.70000000  1.60000000  0.04856921
 0.70000000  1.65000000  0.12345039
 0.70000000  1.70000000  0.19026113
 0.70000000  1.75000000  0.21980885
 0.70000000  1.80000000  0.20956893
 0.70000000  1.85000000  0.14440785
 0.70000000  1.90000000  0.04405495
 0.70000000  1.95000000 -0.06233132
 0.70000000  2.00000000 -0.17977675
 0.70000000  2.05000000 -0.31143622
 0.70000000  2.10000000 -0.42704957
 0.70000000  2.15000000 -0.52641699
 0.70000000  2.20000000 -0.60349139
 0.75000000 -0.25000000 -0.93662487
 0.75000000 -0.20000000 -0.98395058
 0.75000000 -0.15000000 -0.99829051
 0.75000000 -0.10000000 -0.99955590
 0.75000000 -0.05000000 -0.96686447
 0.75000000  0.00000000 -0.90316668
 0.75000000  0.05000000 -0.78738313
 0.75000000  0.10000000 -0.63732199
 0.75000000  0.15000000 -0.45555815
 0.75000000  0.20000000 -0.26003672
 0.75000000  0.25000000 -0.06957974
 0.75000000  0.30000000  0.09859485
 0.75000000  0.35000000  0.20792836
 0.75000000  0.40000000  0.30780252
 0.75000000  0.45000000  0.36443533
 0.75000000  0.50000000  0.42991805
 0.75000000  0.55000000  0.51056899
 0.75000000  0.60000000  0.62491131
 0.75000000  0.65000000  0.75933286
 0.75000000  0.70000000  0.89300815
 0.75000000  0.75000000  0.98914044
 0.75000000  0.80000000  1.04187956
 0.75000000  0.85000000  1.01983035
 0.75000000  0.90000000  0.94596071
 0.75000000  0.95000000  0.87029553
 0.75000000  1.00000000  0.83802278
 0.75000000  1.05000000  0.84505258
 0.75000000  1.10000000  0.90477612
 0.75000000  1.15000000  0.96809744
 0.75000000  1.20000000  1.00392171
 0.75000000  1.25000000  0.97420121
 0.75000000  1.30000000  0.86828773
 0.75000000  1.35000000  0.70471855
 0.75000000  1.40000000  0.53432562
 0.75000000  1.45000000  0.39640876
 0.75000000  1.50000000  0.32993295
 0.75000000  1.55000000  0.33631746
 0.75000000  1.60000000  0.38086806
 0.75000000  1.65000000  0.46896543
 0.75000000  1.70000000  0.52766722
 0.75000000  1.75000000  0.55982464
 0.75000000  1.80000000  0.53369669
 0.75000000  1.85000000  0.46574000
 0.75000000  1.90000000  0.36631982
 0.75000000  1.95000000  0.25852598
 0.75000000  2.00000000  0.13248944
 0.75000000  2.05000000 -0.01443174
 0.75000000  2.10000000 -0.16181429
 0.75000000  2.15000000 -0.29841087
 0.75000000  2.20000000 -0.41609773
 0.80000000 -0.25000000 -1.32593559
 0.80000000 -0.20000000 -1.38515775
 0.80000000 -0.15000000 -1.39869491
 0.80000000 -0.10000000 -1.36516964
 0.80000000 -0.05000000 -1.29163945
 0.80000000  0.00000000 -1.16493208
 0.80000000  0.05000000 -0.99468623
 0.80000000  0.10000000 -0.77427713
 0.80000000  0.15000000 -0.54399283
 0.80000000  0.20000000 -0.28913039
 0.80000000  0.25000000 -0.06950361
 0.80000000  0.30000000  0.12034340
 0.80000000  0.35000000  0.24305349
 0.80000000  0.40000000  0.32053465
 0.80000000  0.45000000  0.35873633
 0.80000000  0.50000000  0.38594183
 0.80000000  0.55000000  0.42670311
 0.80000000  0.60000000  0.50045574
 0.80000000  0.65000000  0.59593206
 0.80000000  0.70000000  0.70447393
 0.80000000  0.75000000  0.79340124
 0.80000000  0.80000000  0.82435688
 0.80000000  0.85000000  0.80577383
 0.80000000  0.90000000  0.75137431
 0.80000000  0.95000000  0.68868993
 0.80000000  1.00000000  0.65531230
 0.80000000  1.05000000  0.69107617
 0.80000000  1.10000000  0.77814332
 0.80000000  1.15000000  0.88171645
 0.80000000  1.20000000  0.96524978
 0.80000000  1.25000000  0.99245187
 0.80000000  1.30000000  0.94399831
 0.80000000  1.35000000  0.84311678
 0.80000000  1.40000000  0.73036008
 0.80000000  1.45000000  0.65047172
 0.80000000  1.50000000  0.62264778
 0.80000000  1.55000000  0.64297991
 0.80000000  1.60000000  0.71587298
 0.80000000  1.65000000  0.78309433
 0.80000000  1.70000000  0.84038756
 0.80000000  1.75000000  0.85418095
 0.80000000  1.80000000  0.82060686
 0.80000000  1.85000000  0.76180674
 0.80000000  1.90000000  0.68188138
 0.80000000  1.95000000  0.57224366
 0.80000000  2.00000000  0.44778211
 0.80000000  2.05000000  0.28741669
 0.80000000  2.10000000  0.11381055
 0.80000000  2.15000000 -0.06093795
 0.80000000  2.20000000 -0.20576826
 0.85000000 -0.25000000 -1.62310683
 0.85000000 -0.20000000 -1.69792907
 0.85000000 -0.15000000 -1.71303400
 0.85000000 -0.10000000 -1.65786608
 0.85000000 -0.05000000 -1.53383562
 0.85000000  0.00000000 -1.35882292
 0.85000000  0.05000000 -1.13287870
 0.85000000  0.10000000 -0.87105554
 0.85000000  0.15000000 -0.59317278
 0.85000000  0.20000000 -0.31603803
 0.85000000  0.25000000 -0.08196205
 0.85000000  0.30000000  0.11017330
 0.85000000  0.35000000  0.23026703
 0.85000000  0.40000000  0.28755634
 0.85000000  0.45000000  0.30077380
 0.85000000  0.50000000  0.29476998
 0.85000000  0.55000000  0.31815354
 0.85000000  0.60000000  0.36889281
 0.85000000  0.65000000  0.44194020
 0.85000000  0.70000000  0.54276046
 0.85000000  0.75000000  0.62239160
 0.85000000  0.80000000  0.65344230
 0.85000000  0.85000000  0.63283585
 0.85000000  0.90000000  0.58816174
 0.85000000  0.95000000  0.52359502
 0.85000000  1.00000000  0.50566102
 0.85000000  1.05000000  0.54710315
 0.85000000  1.10000000  0.65078204
 0.85000000  1.15000000  0.79817732
 0.85000000  1.20000000  0.92108456
 0.85000000  1.25000000  0.99147165
 0.85000000  1.30000000  1.00470657
 0.85000000  1.35000000  0.96095048
 0.85000000  1.40000000  0.90180413
 0.85000000  1.45000000  0.86771081
 0.85000000  1.50000000  0.86148806
 0.85000000  1.55000000  0.89781073
 0.85000000  1.60000000  0.96649209
 0.85000000  1.65000000  1.02308386
 0.85000000  1.70000000  1.06038124
 0.85000000  1.75000000  1.06306603
 0.85000000  1.80000000  1.03651456
 0.85000000  1.85000000  0.98074443
 0.85000000  1.90000000  0.91528862
 0.85000000  1.95000000  0.82993909
 0.85000000  2.00000000  0.71051345
 0.85000000  2.05000000  0.55191017
 0.85000000  2.10000000  0.36895744
 0.85000000  2.15000000  0.16747087
 0.85000000  2.20000000  0.00203390
 0.90000000 -0.25000000 -1.78810160
 0.90000000 -0.20000000 -1.88627198
 0.90000000 -0.15000000 -1.88196640
 0.90000000 -0.10000000 -1.79899846
 0.90000000 -0.05000000 -1.64273418
 0.90000000  0.00000000 -1.43103755
 0.90000000  0.05000000 -1.17098210
 0.90000000  0.10000000 -0.89364685
 0.90000000  0.15000000 -0.60354202
 0.90000000  0.20000000 -0.33764343
 0.90000000  0.25000000 -0.10595629
 0.90000000  0.30000000  0.06867357
 0.90000000  0.35000000  0.16514460
 0.90000000  0.40000000  0.19489188
 0.90000000  0.45000000  0.18534304
 0.90000000  0.50000000  0.16818438
 0.90000000  0.55000000  0.17352980
 0.90000000  0.60000000  0.21192827
 0.90000000  0.65000000  0.29747847
 0.90000000  0.70000000  0.39134439
 0.90000000  0.75000000  0.47095147
 0.90000000  0.80000000  0.50581656
 0.90000000  0.85000000  0.48913914
 0.90000000  0.90000000  0.43174495
 0.90000000  0.95000000  0.37227188
 0.90000000  1.00000000  0.34808706
 0.90000000  1.05000000  0.40113425
 0.90000000  1.10000000  0.51687298
 0.90000000  1.15000000  0.67588627
 0.90000000  1.20000000  0.83918742
 0.90000000  1.25000000  0.96126977
 0.90000000  1.30000000  1.02185693
 0.90000000  1.35000000  1.02872759
 0.90000000  1.40000000  1.00446621
 0.90000000  1.45000000  0.99640152
 0.90000000  1.50000000  1.01227037
 0.90000000  1.55000000  1.05317910
 0.90000000  1.60000000  1.09719550
 0.90000000  1.65000000  1.13148542
 0.90000000  1.70000000  1.15196538
 0.90000000  1.75000000  1.13961953
 0.90000000  1.80000000  1.10933598
 0.90000000  1.85000000  1.08597632
 0.90000000  1.90000000  1.04115782
 0.90000000  1.95000000  0.99075488
 0.90000000  2.00000000  0.90090859
 0.90000000  2.05000000  0.76657903
 0.90000000  2.10000000  0.57489808
 0.90000000  2.15000000  0.36436028
 0.90000000  2.20000000  0.19187776
 0.95000000 -0.25000000 -1.83307484
 0.95000000 -0.20000000 -1.89768070
 0.95000000 -0.15000000 -1.89209090
 0.95000000 -0.10000000 -1.78207242
 0.95000000 -0.05000000 -1.60230388
 0.95000000  0.00000000 -1.37003068
 0.95000000  0.05000000 -1.11163409
 0.95000000  0.10000000 -0.83604792
 0.95000000  0.15000000 -0.57116296
 0.95000000  0.20000000 -0.33126648
 0.95000000  0.25000000 -0.14175848
 0.95000000  0.30000000 -0.01664862
 0.95000000  0.35000000  0.03759384
 0.95000000  0.40000000  0.03143575
 0.95000000  0.45000000  0.00616332
 0.95000000  0.50000000 -0.02493960
 0.95000000  0.55000000 -0.02266705
 0.95000000  0.60000000  0.03350432
 0.95000000  0.65000000  0.12761963
 0.95000000  0.70000000  0.23555824
 0.95000000  0.75000000  0.33316460
 0.95000000  0.80000000  0.37314496
 0.95000000  0.85000000  0.35151583
 0.95000000  0.90000000  0.29344466
 0.95000000  0.95000000  0.22154981
 0.95000000  1.00000000  0.19522726
 0.95000000  1.05000000  0.23769989
 0.95000000  1.10000000  0.35868598
 0.95000000  1.15000000  0.53540861
 0.95000000  1.20000000  0.72776624
 0.95000000  1.25000000  0.88548519
 0.95000000  1.30000000  0.97109413
 0.95000000  1.35000000  1.01908811
 0.95000000  1.40000000  1.02132206
 0.95000000  1.45000000  1.02855052
 0.95000000  1.50000000  1.03150987
 0.95000000  1.55000000  1.05893020
 0.95000000  1.60000000  1.07363314
 0.95000000  1.65000000  1.08776873
 0.95000000  1.70000000  1.06995720
 0.95000000  1.75000000  1.05184949
 0.95000000  1.80000000  1.03060053
 0.95000000  1.85000000  1.02550799
 0.95000000  1.90000000  1.03536354
 0.95000000  1.95000000  1.02678101
 0.95000000  2.00000000  0.98499575
 0.95000000  2.05000000  0.87747465
 0.95000000  2.10000000  0.71147497
 0.95000000  2.15000000  0.51788624
 0.95000000  2.20000000  0.35757393
 1.00000000 -0.25000000 -1.74270446
 1.00000000 -0.20000000 -1.80936243
 1.00000000 -0.15000000 -1.76516423
 1.00000000 -0.10000000 -1.63854864
 1.00000000 -0.05000000 -1.44564347
 1.00000000  0.00000000 -1.21774206
 1.00000000  0.05000000 -0.96678407
 1.00000000  0.10000000 -0.72902913
 1.00000000  0.15000000 -0.50740231
 1.00000000  0.20000000 -0.33595600
 1.00000000  0.25000000 -0.21232756
 1.00000000  0.30000000 -0.14740927
 1.00000000  0.35000000 -0.15373233
 1.00000000  0.40000000 -0.18558592
 1.00000000  0.45000000 -0.23595954
 1.00000000  0.50000000 -0.27132262
 1.00000000  0.55000000 -0.25612113
 1.00000000  0.60000000 -0.17478069
 1.00000000  0.65000000 -0.05995687
 1.00000000  0.70000000  0.07012501
 1.00000000  0.75000000  0.18016631
 1.00000000  0.80000000  0.23355698
 1.00000000  0.85000000  0.22052967
 1.00000000  0.90000000  0.14961521
 1.00000000  0.95000000  0.07111351
 1.00000000  1.00000000  0.03799932
 1.00000000  1.05000000  0.07099141
 1.00000000  1.10000000  0.19719536
 1.00000000  1.15000000  0.38286907
 1.00000000  1.20000000  0.58423098
 1.00000000  1.25000000  0.75962378
 1.00000000  1.30000000  0.86995834
 1.00000000  1.35000000  0.93839306
 1.00000000  1.40000000  0.95207192
 1.00000000  1.45000000  0.94087730
 1.00000000  1.50000000  0.93001392
 1.00000000  1.55000000  0.92010654
 1.00000000  1.60000000  0.89927116
 1.00000000  1.65000000  0.87058711
 1.00000000  1.70000000  0.82925609
 1.00000000  1.75000000  0.79831768
 1.00000000  1.80000000  0.79450730
 1.00000000  1.85000000  0.83683415
 1.00000000  1.90000000  0.88194988
 1.00000000  1.95000000  0.94653414
 1.00000000  2.00000000  0.95191178
 1.00000000  2.05000000  0.90494090
 1.00000000  2.10000000  0.78514329
 1.00000000  2.15000000  0.62250104
 1.00000000  2.20000000  0.47847594
 1.05000000 -0.25000000 -1.59569302
 1.05000000 -0.20000000 -1.62075555
 1.05000000 -0.15000000 -1.54640381
 1.05000000 -0.10000000 -1.40575354
 1.05000000 -0.05000000 -1.21455219
 1.05000000  0.00000000 -1.00005451
 1.05000000  0.05000000 -0.77708941
 1.05000000  0.10000000 -0.60460779
 1.05000000  0.15000000 -0.46214861
 1.05000000  0.20000000 -0.37439641
 1.05000000  0.25000000 -0.33293283
 1.05000000  0.30000000 -0.34630898
 1.05000000  0.35000000 -0.39269649
 1.05000000  0.40000000 -0.47058276
 1.05000000  0.45000000 -0.53761947
 1.05000000  0.50000000 -0.55586589
 1.05000000  0.55000000 -0.51531165
 1.05000000  0.60000000 -0.41618963
 1.05000000  0.65000000 -0.26727016
 1.05000000  0.70000000 -0.10742771
 1.05000000  0.75000000  0.02764293
 1.05000000  0.80000000  0.10166981
 1.05000000  0.85000000  0.09581885
 1.05000000  0.90000000  0.02917398
 1.05000000  0.95000000 -0.04988143
 1.05000000  1.00000000 -0.09870237
 1.05000000  1.05000000 -0.07600865
 1.05000000  1.10000000  0.04550975
 1.05000000  1.15000000  0.22584616
 1.05000000  1.20000000  0.43210027
 1.05000000  1.25000000  0.61244590
 1.05000000  1.30000000  0.74414634
 1.05000000  1.35000000  0.81134721
 1.05000000  1.40000000  0.80242515
 1.05000000  1.45000000  0.77153723
 1.05000000  1.50000000  0.72113522
 1.05000000  1.55000000  0.67032966
 1.05000000  1.60000000  0.61207488
 1.05000000  1.65000000  0.53861352
 1.05000000  1.70000000  0.48248845
 1.05000000  1.75000000  0.44028660
 1.05000000  1.80000000  0.45572468
 1.05000000  1.85000000  0.52083738
 1.05000000  1.90000000  0.62342506
 1.05000000  1.95000000  0.74962134
 1.05000000  2.00000000  0.83450990
 1.05000000  2.05000000  0.85141001
 1.05000000  2.10000000  0.78952462
 1.05000000  2.15000000  0.67926634
 1.05000000  2.20000000  0.58259769
 1.10000000 -0.25000000 -1.43674517
 1.10000000 -0.20000000 -1.39888446
 1.10000000 -0.15000000 -1.29993254
 1.10000000 -0.10000000 -1.14322883
 1.10000000 -0.05000000 -0.95696141
 1.10000000  0.00000000 -0.78323496
 1.10000000  0.05000000 -0.61760458
 1.10000000  0.10000000 -0.50529719
 1.10000000  0.15000000 -0.44559521
 1.10000000  0.20000000 -0.44216131
 1.10000000  0.25000000 -0.48975213
 1.10000000  0.30000000 -0.58852743
 1.10000000  0.35000000 -0.69683529
 1.10000000  0.40000000 -0.78972647
 1.10000000  0.45000000 -0.85756689
 1.10000000  0.50000000 -0.86379730
 1.10000000  0.55000000 -0.79648917
 1.10000000  0.60000000 -0.65984934
 1.10000000  0.65000000 -0.47428277
 1.10000000  0.70000000 -0.27547811
 1.10000000  0.75000000 -0.11407403
 1.10000000  0.80000000 -0.01678621
 1.10000000  0.85000000 -0.00951680
 1.10000000  0.90000000 -0.04922273
 1.10000000  0.95000000 -0.12939019
 1.10000000  1.00000000 -0.17035421
 1.10000000  1.05000000 -0.16752861
 1.10000000  1.10000000 -0.05879010
 1.10000000  1.15000000  0.11407502
 1.10000000  1.20000000  0.31554769
 1.10000000  1.25000000  0.48429340
 1.10000000  1.30000000  0.60321220
 1.10000000  1.35000000  0.64224720
 1.10000000  1.40000000  0.62811087
 1.10000000  1.45000000  0.55676974
 1.10000000  1.50000000  0.45951574
 1.10000000  1.55000000  0.35402783
 1.10000000  1.60000000  0.25475053
 1.10000000  1.65000000  0.15182015
 1.10000000  1.70000000  0.07563609
 1.10000000  1.75000000  0.04047319
 1.10000000  1.80000000  0.06705510
 1.10000000  1.85000000  0.16630518
 1.10000000  1.90000000  0.32228828
 1.10000000  1.95000000  0.50038108
 1.10000000  2.00000000  0.65559314
 1.10000000  2.05000000  0.74812609
 1.10000000  2.10000000  0.75037504
 1.10000000  2.15000000  0.70632571
 1.10000000  2.20000000  0.63700509
 1.15000000 -0.25000000 -1.26502256
 1.15000000 -0.20000000 -1.18905968
 1.15000000 -0.15000000 -1.05599670
 1.15000000 -0.10000000 -0.89192834
 1.15000000 -0.05000000 -0.72448647
 1.15000000  0.00000000 -0.57116961
 1.15000000  0.05000000 -0.46468330
 1.15000000  0.10000000 -0.43020199
 1.15000000  0.15000000 -0.45956149
 1.15000000  0.20000000 -0.54106763
 1.15000000  0.25000000 -0.68595598
 1.15000000  0.30000000 -0.83863538
 1.15000000  0.35000000 -0.99099147
 1.15000000  0.40000000 -1.11865654
 1.15000000  0.45000000 -1.17323993
 1.15000000  0.50000000 -1.16246069
 1.15000000  0.55000000 -1.05057800
 1.15000000  0.60000000 -0.87900137
 1.15000000  0.65000000 -0.65761125
 1.15000000  0.70000000 -0.41698882
 1.15000000  0.75000000 -0.22257021
 1.15000000  0.80000000 -0.08917030
 1.15000000  0.85000000 -0.05073759
 1.15000000  0.90000000 -0.08087725
 1.15000000  0.95000000 -0.14648719
 1.15000000  1.00000000 -0.18846334
 1.15000000  1.05000000 -0.18076986
 1.15000000  1.10000000 -0.09094135
 1.15000000  1.15000000  0.07089049
 1.15000000  1.20000000  0.25034681
 1.15000000  1.25000000  0.40050196
 1.15000000  1.30000000  0.49566844
 1.15000000  1.35000000  0.50874116
 1.15000000  1.40000000  0.44406358
 1.15000000  1.45000000  0.33671519
 1.15000000  1.50000000  0.19095187
 1.15000000  1.55000000  0.04958719
 1.15000000  1.60000000 -0.08649760
 1.15000000  1.65000000 -0.21850270
 1.15000000  1.70000000 -0.30966665
 1.15000000  1.75000000 -0.34720891
 1.15000000  1.80000000 -0.30727552
 1.15000000  1.85000000 -0.17392193
 1.15000000  1.90000000  0.02646233
 1.15000000  1.95000000  0.26313527
 1.15000000  2.00000000  0.48251461
 1.15000000  2.05000000  0.63453243
 1.15000000  2.10000000  0.70399159
 1.15000000  2.15000000  0.71009853
 1.15000000  2.20000000  0.68205041
 1.20000000 -0.25000000 -1.11848368
 1.20000000 -0.20000000 -0.99000840
 1.20000000 -0.15000000 -0.83725951
 1.20000000 -0.10000000 -0.66366121
 1.20000000 -0.05000000 -0.51842739
 1.20000000  0.00000000 -0.40426767
 1.20000000  0.05000000 -0.35214351
 1.20000000  0.10000000 -0.37746950
 1.20000000  0.15000000 -0.48050572
 1.20000000  0.20000000 -0.65000914
 1.20000000  0.25000000 -0.86097698
 1.20000000  0.30000000 -1.07272502
 1.20000000  0.35000000 -1.27052700
 1.20000000  0.40000000 -1.40738600
 1.20000000  0.45000000 -1.45503530
 1.20000000  0.50000000 -1.40979087
 1.20000000  0.55000000 -1.26192176
 1.20000000  0.60000000 -1.03390343
 1.20000000  0.65000000 -0.76805126
 1.20000000  0.70000000 -0.48886211
 1.20000000  0.75000000 -0.26035783
 1.20000000  0.80000000 -0.10651098
 1.20000000  0.85000000 -0.03804810
 1.20000000  0.90000000 -0.04355766
 1.20000000  0.95000000 -0.09266566
 1.20000000  1.00000000 -0.13613134
 1.20000000  1.05000000 -0.12233826
 1.20000000  1.10000000 -0.04493130
 1.20000000  1.15000000  0.09146039
 1.20000000  1.20000000  0.24119126
 1.20000000  1.25000000  0.36503167
 1.20000000  1.30000000  0.42432022
 1.20000000  1.35000000  0.40153257
 1.20000000  1.40000000  0.29462725
 1.20000000  1.45000000  0.13899105
 1.20000000  1.50000000 -0.03361101
 1.20000000  1.55000000 -0.21865025
 1.20000000  1.60000000 -0.39026110
 1.20000000  1.65000000 -0.52186488
 1.20000000  1.70000000 -0.62368742
 1.20000000  1.75000000 -0.65546990
 1.20000000  1.80000000 -0.60231508
 1.20000000  1.85000000 -0.44289895
 1.20000000  1.90000000 -0.21409725
 1.20000000  1.95000000  0.06929952
 1.20000000  2.00000000  0.33838723
 1.20000000  2.05000000  0.54445772
 1.20000000  2.10000000  0.66253175
 1.20000000  2.15000000  0.69979317
 1.20000000  2.20000000  0.69525859
 1.25000000 -0.25000000 -0.96823371
 1.25000000 -0.20000000 -0.79216849
 1.25000000 -0.15000000 -0.62262400
 1.25000000 -0.10000000 -0.45598968
 1.25000000 -0.05000000 -0.33717744
 1.25000000  0.00000000 -0.25972223
 1.25000000  0.05000000 -0.24770075
 1.25000000  0.10000000 -0.33082945
 1.25000000  0.15000000 -0.48841194
 1.25000000  0.20000000 -0.71500457
 1.25000000  0.25000000 -0.98459218
 1.25000000  0.30000000 -1.24546334
 1.25000000  0.35000000 -1.46942317
 1.25000000  0.40000000 -1.60079216
 1.25000000  0.45000000 -1.63581216
 1.25000000  0.50000000 -1.56315566
 1.25000000  0.55000000 -1.37359934
 1.25000000  0.60000000 -1.10476712
 1.25000000  0.65000000 -0.79521272
 1.25000000  0.70000000 -0.49072388
 1.25000000  0.75000000 -0.22761367
 1.25000000  0.80000000 -0.04528067
 1.25000000  0.85000000  0.03949170
 1.25000000  0.90000000  0.05158075
 1.25000000  0.95000000  0.01944712
 1.25000000  1.00000000 -0.02091580
 1.25000000  1.05000000 -0.00586345
 1.25000000  1.10000000  0.05888975
 1.25000000  1.15000000  0.16760416
 1.25000000  1.20000000  0.28335356
 1.25000000  1.25000000  0.37050212
 1.25000000  1.30000000  0.38739929
 1.25000000  1.35000000  0.31776520
 1.25000000  1.40000000  0.16910520
 1.25000000  1.45000000 -0.02293853
 1.25000000  1.50000000 -0.22889423
 1.25000000  1.55000000 -0.43816767
 1.25000000  1.60000000 -0.62647155
 1.25000000  1.65000000 -0.77153754
 1.25000000  1.70000000 -0.86663615
 1.25000000  1.75000000 -0.89125746
 1.25000000  1.80000000 -0.81007074
 1.25000000  1.85000000 -0.63477048
 1.25000000  1.90000000 -0.35817677
 1.25000000  1.95000000 -0.05438320
 1.25000000  2.00000000  0.25783229
 1.25000000  2.05000000  0.49280297
 1.25000000  2.10000000  0.64586791
 1.25000000  2.15000000  0.68199285
 1.25000000  2.20000000  0.66977410
 1.30000000 -0.25000000 -0.79177266
 1.30000000 -0.20000000 -0.58459697
 1.30000000 -0.15000000 -0.41025669
 1.30000000 -0.10000000 -0.25383967
 1.30000000 -0.05000000 -0.15408144
 1.30000000  0.00000000 -0.11989677
 1.30000000  0.05000000 -0.14789835
 1.30000000  0.10000000 -0.25445878
 1.30000000  0.15000000 -0.45522486
 1.30000000  0.20000000 -0.71205072
 1.30000000  0.25000000 -1.01467907
 1.30000000  0.30000000 -1.30128156
 1.30000000  0.35000000 -1.53771194
 1.30000000  0.40000000 -1.68119061
 1.30000000  0.45000000 -1.70176052
 1.30000000  0.50000000 -1.58496548
 1.30000000  0.55000000 -1.36904275
 1.30000000  0.60000000 -1.06752746
 1.30000000  0.65000000 -0.72181640
 1.30000000  0.70000000 -0.39366426
 1.30000000  0.75000000 -0.12542035
 1.30000000  0.80000000  0.06275552
 1.30000000  0.85000000  0.16450740
 1.30000000  0.90000000  0.17431302
 1.30000000  0.95000000  0.14825577
 1.30000000  1.00000000  0.11516933
 1.30000000  1.05000000  0.11261105
 1.30000000  1.10000000  0.17083626
 1.30000000  1.15000000  0.25468164
 1.30000000  1.20000000  0.35104062
 1.30000000  1.25000000  0.39607513
 1.30000000  1.30000000  0.37617978
 1.30000000  1.35000000  0.26149862
 1.30000000  1.40000000  0.08055180
 1.30000000  1.45000000 -0.14858758
 1.30000000  1.50000000 -0.39353418
 1.30000000  1.55000000 -0.61733300
 1.30000000  1.60000000 -0.81175987
 1.30000000  1.65000000 -0.96457649
 1.30000000  1.70000000 -1.04766017
 1.30000000  1.75000000 -1.05202503
 1.30000000  1.80000000 -0.95714110
 1.30000000  1.85000000 -0.74043463
 1.30000000  1.90000000 -0.44424839
 1.30000000  1.95000000 -0.10529234
 1.30000000  2.00000000  0.22858189
 1.30000000  2.05000000  0.48564307
 1.30000000  2.10000000  0.63729397
 1.30000000  2.15000000  0.67079296
 1.30000000  2.20000000  0.61701993
 1.35000000 -0.25000000 -0.58128456
 1.35000000 -0.20000000 -0.35128524
 1.35000000 -0.15000000 -0.17710575
 1.35000000 -0.10000000 -0.04869576
 1.35000000 -0.05000000  0.01529260
 1.35000000  0.00000000  0.03186887
 1.35000000  0.05000000 -0.02360973
 1.35000000  0.10000000 -0.15248094
 1.35000000  0.15000000 -0.35485502
 1.35000000  0.20000000 -0.63843502
 1.35000000  0.25000000 -0.93771443
 1.35000000  0.30000000 -1.22658261
 1.35000000  0.35000000 -1.46271768
 1.35000000  0.40000000 -1.60111105
 1.35000000  0.45000000 -1.60375692
 1.35000000  0.50000000 -1.46918384
 1.35000000  0.55000000 -1.23210514
 1.35000000  0.60000000 -0.90965741
 1.35000000  0.65000000 -0.55731789
 1.35000000  0.70000000 -0.22448314
 1.35000000  0.75000000  0.04182185
 1.35000000  0.80000000  0.20769907
 1.35000000  0.85000000  0.28497249
 1.35000000  0.90000000  0.28094531
 1.35000000  0.95000000  0.23967300
 1.35000000  1.00000000  0.19587668
 1.35000000  1.05000000  0.20077797
 1.35000000  1.10000000  0.24107117
 1.35000000  1.15000000  0.31336715
 1.35000000  1.20000000  0.37870600
 1.35000000  1.25000000  0.40360470
 1.35000000  1.30000000  0.34841233
 1.35000000  1.35000000  0.20433791
 1.35000000  1.40000000 -0.01324050
 1.35000000  1.45000000 -0.27574545
 1.35000000  1.50000000 -0.53976555
 1.35000000  1.55000000 -0.78540111
 1.35000000  1.60000000 -1.00147858
 1.35000000  1.65000000 -1.13588315
 1.35000000  1.70000000 -1.20627904
 1.35000000  1.75000000 -1.17222649
 1.35000000  1.80000000 -1.03814382
 1.35000000  1.85000000 -0.79635207
 1.35000000  1.90000000 -0.46505383
 1.35000000  1.95000000 -0.08244275
 1.35000000  2.00000000  0.26320335
 1.35000000  2.05000000  0.52674214
 1.35000000  2.10000000  0.65670596
 1.35000000  2.15000000  0.65586462
 1.35000000  2.20000000  0.55159303
 1.40000000 -0.25000000 -0.33089748
 1.40000000 -0.20000000 -0.08087954
 1.40000000 -0.15000000  0.07981167
 1.40000000 -0.10000000  0.16822726
 1.40000000 -0.05000000  0.19270005
 1.40000000  0.00000000  0.17605491
 1.40000000  0.05000000  0.11340453
 1.40000000  0.10000000 -0.02252987
 1.40000000  0.15000000 -0.20698172
 1.40000000  0.20000000 -0.45546783
 1.40000000  0.25000000 -0.73507667
 1.40000000  0.30000000 -1.01014448
 1.40000000  0.35000000 -1.23485247
 1.40000000  0.40000000 -1.36394496
 1.40000000  0.45000000 -1.35769813
 1.40000000  0.50000000 -1.22665284
 1.40000000  0.55000000 -0.97681185
 1.40000000  0.60000000 -0.65456396
 1.40000000  0.65000000 -0.31272176
 1.40000000  0.70000000 -0.00869685
 1.40000000  0.75000000  0.22246594
 1.40000000  0.80000000  0.34821997
 1.40000000  0.85000000  0.37065909
 1.40000000  0.90000000  0.33098297
 1.40000000  0.95000000  0.26169097
 1.40000000  1.00000000  0.21061642
 1.40000000  1.05000000  0.19504560
 1.40000000  1.10000000  0.23424688
 1.40000000  1.15000000  0.30767381
 1.40000000  1.20000000  0.36747478
 1.40000000  1.25000000  0.36985395
 1.40000000  1.30000000  0.30548050
 1.40000000  1.35000000  0.13128301
 1.40000000  1.40000000 -0.10258209
 1.40000000  1.45000000 -0.39094416
 1.40000000  1.50000000 -0.68767526
 1.40000000  1.55000000 -0.95299067
 1.40000000  1.60000000 -1.16882450
 1.40000000  1.65000000 -1.31168546
 1.40000000  1.70000000 -1.35166316
 1.40000000  1.75000000 -1.28633968
 1.40000000  1.80000000 -1.09702612
 1.40000000  1.85000000 -0.79698634
 1.40000000  1.90000000 -0.42336500
 1.40000000  1.95000000 -0.02283104
 1.40000000  2.00000000  0.34353485
 1.40000000  2.05000000  0.60118790
 1.40000000  2.10000000  0.71230778
 1.40000000  2.15000000  0.66190835
 1.40000000  2.20000000  0.49295928
 1.45000000 -0.25000000 -0.05090189
 1.45000000 -0.20000000  0.18581399
 1.45000000 -0.15000000  0.32998824
 1.45000000 -0.10000000  0.38267699
 1.45000000 -0.05000000  0.37115778
 1.45000000  0.00000000  0.32995139
 1.45000000  0.05000000  0.25511581
 1.45000000  0.10000000  0.15863426
 1.45000000  0.15000000  0.01104425
 1.45000000  0.20000000 -0.19240342
 1.45000000  0.25000000 -0.43326779
 1.45000000  0.30000000 -0.67206477
 1.45000000  0.35000000 -0.87359634
 1.45000000  0.40000000 -0.98668977
 1.45000000  0.45000000 -0.99058538
 1.45000000  0.50000000 -0.85147436
 1.45000000  0.55000000 -0.62512601
 1.45000000  0.60000000 -0.33107821
 1.45000000  0.65000000 -0.02560137
 1.45000000  0.70000000  0.22488262
 1.45000000  0.75000000  0.37695594
 1.45000000  0.80000000  0.44451660
 1.45000000  0.85000000  0.40624377
 1.45000000  0.90000000  0.30415145
 1.45000000  0.95000000  0.19479668
 1.45000000  1.00000000  0.12175741
 1.45000000  1.05000000  0.09666174
 1.45000000  1.10000000  0.14922197
 1.45000000  1.15000000  0.22011939
 1.45000000  1.20000000  0.28840380
 1.45000000  1.25000000  0.29551620
 1.45000000  1.30000000  0.21993501
 1.45000000  1.35000000  0.04613688
 1.45000000  1.40000000 -0.20780120
 1.45000000  1.45000000 -0.51591737
 1.45000000  1.50000000 -0.83553359
 1.45000000  1.55000000 -1.11601720
 1.45000000  1.60000000 -1.33318834
 1.45000000  1.65000000 -1.46150816
 1.45000000  1.70000000 -1.47087991
 1.45000000  1.75000000 -1.35125699
 1.45000000  1.80000000 -1.10350896
 1.45000000  1.85000000 -0.75507948
 1.45000000  1.90000000 -0.32689135
 1.45000000  1.95000000  0.10337645
 1.45000000  2.00000000  0.47675259
 1.45000000  2.05000000  0.72711267
 1.45000000  2.10000000  0.80731890
 1.45000000  2.15000000  0.70822602
 1.45000000  2.20000000  0.47079751
 1.50000000 -0.25000000  0.23301647
 1.50000000 -0.20000000  0.45243059
 1.50000000 -0.15000000  0.55614744
 1.50000000 -0.10000000  0.57688422
 1.50000000 -0.05000000  0.53396530
 1.50000000  0.00000000  0.48006716
 1.50000000  0.05000000  0.41634041
 1.50000000  0.10000000  0.35520233
 1.50000000  0.15000000  0.26168339
 1.50000000  0.20000000  0.13354950
 1.50000000  0.25000000 -0.04211143
 1.50000000  0.30000000 -0.23378236
 1.50000000  0.35000000 -0.40753582
 1.50000000  0.40000000 -0.51503641
 1.50000000  0.45000000 -0.51803685
 1.50000000  0.50000000 -0.41313012
 1.50000000  0.55000000 -0.21621370
 1.50000000  0.60000000  0.01806651
 1.50000000  0.65000000  0.25223044
 1.50000000  0.70000000  0.42851121
 1.50000000  0.75000000  0.50194175
 1.50000000  0.80000000  0.46804034
 1.50000000  0.85000000  0.36418350
 1.50000000  0.90000000  0.20889409
 1.50000000  0.95000000  0.05726944
 1.50000000  1.00000000 -0.04881105
 1.50000000  1.05000000 -0.07043090
 1.50000000  1.10000000 -0.03368188
 1.50000000  1.15000000  0.06063173
 1.50000000  1.20000000  0.14694949
 1.50000000  1.25000000  0.17174706
 1.50000000  1.30000000  0.11075084
 1.50000000  1.35000000 -0.05920132
 1.50000000  1.40000000 -0.30764131
 1.50000000  1.45000000 -0.62317910
 1.50000000  1.50000000 -0.94758601
 1.50000000  1.55000000 -1.24318386
 1.50000000  1.60000000 -1.46558927
 1.50000000  1.65000000 -1.57348271
 1.50000000  1.70000000 -1.54881437
 1.50000000  1.75000000 -1.37608773
 1.50000000  1.80000000 -1.07333017
 1.50000000  1.85000000 -0.65856567
 1.50000000  1.90000000 -0.18966970
 1.50000000  1.95000000  0.27250124
 1.50000000  2.00000000  0.65840537
 1.50000000  2.05000000  0.89277288
 1.50000000  2.10000000  0.93654644
 1.50000000  2.15000000  0.79084135
 1.50000000  2.20000000  0.50380549
 1.55000000 -0.25000000  0.46880317
 1.55000000 -0.20000000  0.67741673
 1.55000000 -0.15000000  0.75668013
 1.55000000 -0.10000000  0.73724815
 1.55000000 -0.05000000  0.67955711
 1.55000000  0.00000000  0.61985319
 1.55000000  0.05000000  0.59641102
 1.55000000  0.10000000  0.58398256
 1.55000000  0.15000000  0.56963158
 1.55000000  0.20000000  0.50943150
 1.55000000  0.25000000  0.40688031
 1.55000000  0.30000000  0.26505668
 1.55000000  0.35000000  0.12395972
 1.55000000  0.40000000  0.01643759
 1.55000000  0.45000000 -0.00796064
 1.55000000  0.50000000  0.05347959
 1.55000000  0.55000000  0.19075652
 1.55000000  0.60000000  0.36358691
 1.55000000  0.65000000  0.50377722
 1.55000000  0.70000000  0.59091285
 1.55000000  0.75000000  0.57175526
 1.55000000  0.80000000  0.45786358
 1.55000000  0.85000000  0.27258882
 1.55000000  0.90000000  0.06233910
 1.55000000  0.95000000 -0.13807997
 1.55000000  1.00000000 -0.26489397
 1.55000000  1.05000000 -0.30244712
 1.55000000  1.10000000 -0.25225578
 1.55000000  1.15000000 -0.14674983
 1.55000000  1.20000000 -0.03974805
 1.55000000  1.25000000  0.01828490
 1.55000000  1.30000000 -0.01480711
 1.55000000  1.35000000 -0.14762754
 1.55000000  1.40000000 -0.38640951
 1.55000000  1.45000000 -0.69381760
 1.55000000  1.50000000 -1.01552046
 1.55000000  1.55000000 -1.31418612
 1.55000000  1.60000000 -1.52810556
 1.55000000  1.65000000 -1.61645408
 1.55000000  1.70000000 -1.54822074
 1.55000000  1.75000000 -1.33707912
 1.55000000  1.80000000 -0.98451895
 1.55000000  1.85000000 -0.51903648
 1.55000000  1.90000000 -0.00777517
 1.55000000  1.95000000  0.47090605
 1.55000000  2.00000000  0.85674434
 1.55000000  2.05000000  1.07999655
 1.55000000  2.10000000  1.10917126
 1.55000000  2.15000000  0.92395319
 1.55000000  2.20000000  0.58735570
 1.60000000 -0.25000000  0.64057122
 1.60000000 -0.20000000  0.81398164
 1.60000000 -0.15000000  0.87067970
 1.60000000 -0.10000000  0.84805035
 1.60000000 -0.05000000  0.79680443
 1.60000000  0.00000000  0.77884647
 1.60000000  0.05000000  0.78717891
 1.60000000  0.10000000  0.84703353
 1.60000000  0.15000000  0.91232875
 1.60000000  0.20000000  0.93437262
 1.60000000  0.25000000  0.89588553
 1.60000000  0.30000000  0.78825840
 1.60000000  0.35000000  0.66994406
 1.60000000  0.40000000  0.54849519
 1.60000000  0.45000000  0.49407974
 1.60000000  0.50000000  0.50482810
 1.60000000  0.55000000  0.57530614
 1.60000000  0.60000000  0.65871834
 1.60000000  0.65000000  0.71096159
 1.60000000  0.70000000  0.70181728
 1.60000000  0.75000000  0.58951093
 1.60000000  0.80000000  0.39648569
 1.60000000  0.85000000  0.13758311
 1.60000000  0.90000000 -0.11725045
 1.60000000  0.95000000 -0.34632234
 1.60000000  1.00000000 -0.48998104
 1.60000000  1.05000000 -0.53763011
 1.60000000  1.10000000 -0.49064547
 1.60000000  1.15000000 -0.37458977
 1.60000000  1.20000000 -0.25030040
 1.60000000  1.25000000 -0.15874611
 1.60000000  1.30000000 -0.14629235
 1.60000000  1.35000000 -0.24389278
 1.60000000  1.40000000 -0.43954360
 1.60000000  1.45000000 -0.71622739
 1.60000000  1.50000000 -1.01850285
 1.60000000  1.55000000 -1.29510222
 1.60000000  1.60000000 -1.49228488
 1.60000000  1.65000000 -1.55196119
 1.60000000  1.70000000 -1.46273896
 1.60000000  1.75000000 -1.21460843
 1.60000000  1.80000000 -0.82146481
 1.60000000  1.85000000 -0.33035362
 1.60000000  1.90000000  0.18768215
 1.60000000  1.95000000  0.67210717
 1.60000000  2.00000000  1.04948498
 1.60000000  2.05000000  1.26266843
 1.60000000  2.10000000  1.26823985
 1.60000000  2.15000000  1.06872054
 1.60000000  2.20000000  0.70412293
 1.65000000 -0.25000000  0.71117084
 1.65000000 -0.20000000  0.88973746
 1.65000000 -0.15000000  0.94153580
 1.65000000 -0.10000000  0.93092937
 1.65000000 -0.05000000  0.90319244
 1.65000000  0.00000000  0.92207590
 1.65000000  0.05000000  1.01096016
 1.65000000  0.10000000  1.13523770
 1.65000000  0.15000000  1.26565088
 1.65000000  0.20000000  1.35451182
 1.65000000  0.25000000  1.36403926
 1.65000000  0.30000000  1.29619347
 1.65000000  0.35000000  1.18157734
 1.65000000  0.40000000  1.04177019
 1.65000000  0.45000000  0.94518682
 1.65000000  0.50000000  0.89451121
 1.65000000  0.55000000  0.89061563
 1.65000000  0.60000000  0.88869067
 1.65000000  0.65000000  0.85501456
 1.65000000  0.70000000  0.75129365
 1.65000000  0.75000000  0.55654607
 1.65000000  0.80000000  0.30519935
 1.65000000  0.85000000  0.00156037
 1.65000000  0.90000000 -0.29166234
 1.65000000  0.95000000 -0.54490748
 1.65000000  1.00000000 -0.71051836
 1.65000000  1.05000000 -0.77469910
 1.65000000  1.10000000 -0.73665047
 1.65000000  1.15000000 -0.62271646
 1.65000000  1.20000000 -0.46896732
 1.65000000  1.25000000 -0.34969211
 1.65000000  1.30000000 -0.29794007
 1.65000000  1.35000000 -0.33807243
 1.65000000  1.40000000 -0.47978750
 1.65000000  1.45000000 -0.69923067
 1.65000000  1.50000000 -0.95487352
 1.65000000  1.55000000 -1.18942865
 1.65000000  1.60000000 -1.35274916
 1.65000000  1.65000000 -1.39773712
 1.65000000  1.70000000 -1.28311923
 1.65000000  1.75000000 -1.02208620
 1.65000000  1.80000000 -0.63211782
 1.65000000  1.85000000 -0.14476309
 1.65000000  1.90000000  0.36067635
 1.65000000  1.95000000  0.83947824
 1.65000000  2.00000000  1.19873053
 1.65000000  2.05000000  1.40077235
 1.65000000  2.10000000  1.39679398
 1.65000000  2.15000000  1.18245976
 1.65000000  2.20000000  0.83432051
 1.70000000 -0.25000000  0.70235132
 1.70000000 -0.20000000  0.86554291
 1.70000000 -0.15000000  0.93841654
 1.70000000 -0.10000000  0.96786680
 1.70000000 -0.05000000  0.99776466
 1.70000000  0.00000000  1.08121992
 1.70000000  0.05000000  1.23205716
 1.70000000  0.10000000  1.42025287
 1.70000000  0.15000000  1.61814687
 1.70000000  0.20000000  1.74344972
 1.70000000  0.25000000  1.79227219
 1.70000000  0.30000000  1.72969457
 1.70000000  0.35000000  1.60424164
 1.70000000  0.40000000  1.45139427
 1.70000000  0.45000000  1.30828585
 1.70000000  0.50000000  1.20802829
 1.70000000  0.55000000  1.12521923
 1.70000000  0.60000000  1.04962747
 1.70000000  0.65000000  0.93506597
 1.70000000  0.70000000  0.75570980
 1.70000000  0.75000000  0.50194809
 1.70000000  0.80000000  0.20310028
 1.70000000  0.85000000 -0.13471740
 1.70000000  0.90000000 -0.45366527
 1.70000000  0.95000000 -0.72421014
 1.70000000  1.00000000 -0.91723677
 1.70000000  1.05000000 -0.99632065
 1.70000000  1.10000000 -0.98009363
 1.70000000  1.15000000 -0.87356439
 1.70000000  1.20000000 -0.71399776
 1.70000000  1.25000000 -0.57278123
 1.70000000  1.30000000 -0.46396428
 1.70000000  1.35000000 -0.44982289
 1.70000000  1.40000000 -0.51238954
 1.70000000  1.45000000 -0.67248522
 1.70000000  1.50000000 -0.85616797
 1.70000000  1.55000000 -1.03328682
 1.70000000  1.60000000 -1.15428391
 1.70000000  1.65000000 -1.17178959
 1.70000000  1.70000000 -1.05844692
 1.70000000  1.75000000 -0.81541793
 1.70000000  1.80000000 -0.44736151
 1.70000000  1.85000000  0.00078415
 1.70000000  1.90000000  0.47571790
 1.70000000  1.95000000  0.91131553
 1.70000000  2.00000000  1.25304512
 1.70000000  2.05000000  1.44293761
 1.70000000  2.10000000  1.44296294
 1.70000000  2.15000000  1.25812886
 1.70000000  2.20000000  0.91006915
 1.75000000 -0.25000000  0.60481224
 1.75000000 -0.20000000  0.77356658
 1.75000000 -0.15000000  0.87614100
 1.75000000 -0.10000000  0.95938201
 1.75000000 -0.05000000  1.04860779
 1.75000000  0.00000000  1.20121289
 1.75000000  0.05000000  1.41766052
 1.75000000  0.10000000  1.65188805
 1.75000000  0.15000000  1.88675524
 1.75000000  0.20000000  2.05198098
 1.75000000  0.25000000  2.10662337
 1.75000000  0.30000000  2.05067725
 1.75000000  0.35000000  1.91781498
 1.75000000  0.40000000  1.74260804
 1.75000000  0.45000000  1.56845786
 1.75000000  0.50000000  1.41870158
 1.75000000  0.55000000  1.28584683
 1.75000000  0.60000000  1.14545191
 1.75000000  0.65000000  0.96050001
 1.75000000  0.70000000  0.73226890
 1.75000000  0.75000000  0.44096708
 1.75000000  0.80000000  0.10384933
 1.75000000  0.85000000 -0.25259500
 1.75000000  0.90000000 -0.59118206
 1.75000000  0.95000000 -0.88445107
 1.75000000  1.00000000 -1.09263052
 1.75000000  1.05000000 -1.19982370
 1.75000000  1.10000000 -1.21045046
 1.75000000  1.15000000 -1.12334841
 1.75000000  1.20000000 -0.97320586
 1.75000000  1.25000000 -0.80577522
 1.75000000  1.30000000 -0.66201587
 1.75000000  1.35000000 -0.58672446
 1.75000000  1.40000000 -0.57898608
 1.75000000  1.45000000 -0.64884169
 1.75000000  1.50000000 -0.76487929
 1.75000000  1.55000000 -0.87300206
 1.75000000  1.60000000 -0.95279160
 1.75000000  1.65000000 -0.95057755
 1.75000000  1.70000000 -0.84124805
 1.75000000  1.75000000 -0.62720409
 1.75000000  1.80000000 -0.31077223
 1.75000000  1.85000000  0.07100717
 1.75000000  1.90000000  0.48854147
 1.75000000  1.95000000  0.88209039
 1.75000000  2.00000000  1.19228564
 1.75000000  2.05000000  1.37680026
 1.75000000  2.10000000  1.39519908
 1.75000000  2.15000000  1.23333092
 1.75000000  2.20000000  0.93516525
 1.80000000 -0.25000000  0.45789911
 1.80000000 -0.20000000  0.62953689
 1.80000000 -0.15000000  0.76467695
 1.80000000 -0.10000000  0.89257738
 1.80000000 -0.05000000  1.04662710
 1.80000000  0.00000000  1.26309958
 1.80000000  0.05000000  1.52324553
 1.80000000  0.10000000  1.80424004
 1.80000000  0.15000000  2.05427764
 1.80000000  0.20000000  2.22555187
 1.80000000  0.25000000  2.28154111
 1.80000000  0.30000000  2.23477431
 1.80000000  0.35000000  2.09125086
 1.80000000  0.40000000  1.90826964
 1.80000000  0.45000000  1.71395984
 1.80000000  0.50000000  1.53305314
 1.80000000  0.55000000  1.35586194
 1.80000000  0.60000000  1.17544049
 1.80000000  0.65000000  0.95641958
 1.80000000  0.70000000  0.69740918
 1.80000000  0.75000000  0.37237432
 1.80000000  0.80000000  0.02230243
 1.80000000  0.85000000 -0.33326580
 1.80000000  0.90000000 -0.69480985
 1.80000000  0.95000000 -1.00124682
 1.80000000  1.00000000 -1.23855790
 1.80000000  1.05000000 -1.38047213
 1.80000000  1.10000000 -1.41484770
 1.80000000  1.15000000 -1.35573471
 1.80000000  1.20000000 -1.22048272
 1.80000000  1.25000000 -1.05289512
 1.80000000  1.30000000 -0.88664994
 1.80000000  1.35000000 -0.75762824
 1.80000000  1.40000000 -0.69021148
 1.80000000  1.45000000 -0.69085301
 1.80000000  1.50000000 -0.73172902
 1.80000000  1.55000000 -0.77539338
 1.80000000  1.60000000 -0.81006841
 1.80000000  1.65000000 -0.78932880
 1.80000000  1.70000000 -0.69051377
 1.80000000  1.75000000 -0.52613349
 1.80000000  1.80000000 -0.28410667
 1.80000000  1.85000000  0.02895305
 1.80000000  1.90000000  0.38385003
 1.80000000  1.95000000  0.71883906
 1.80000000  2.00000000  1.00486888
 1.80000000  2.05000000  1.19145375
 1.80000000  2.10000000  1.24291258
 1.80000000  2.15000000  1.12982225
 1.80000000  2.20000000  0.88827466
 1.85000000 -0.25000000  0.28049143
 1.85000000 -0.20000000  0.45390313
 1.85000000 -0.15000000  0.59412995
 1.85000000 -0.10000000  0.76529414
 1.85000000 -0.05000000  0.97013646
 1.85000000  0.00000000  1.22262509
 1.85000000  0.05000000  1.52248204
 1.85000000  0.10000000  1.82225963
 1.85000000  0.15000000  2.06545185
 1.85000000  0.20000000  2.23529616
 1.85000000  0.25000000  2.29453681
 1.85000000  0.30000000  2.23772684
 1.85000000  0.35000000  2.11049320
 1.85000000  0.40000000  1.92909243
 1.85000000  0.45000000  1.73094453
 1.85000000  0.50000000  1.54260705
 1.85000000  0.55000000  1.35398081
 1.85000000  0.60000000  1.15171262
 1.85000000  0.65000000  0.91422432
 1.85000000  0.70000000  0.63747287
 1.85000000  0.75000000  0.33019526
 1.85000000  0.80000000 -0.02821104
 1.85000000  0.85000000 -0.39050216
 1.85000000  0.90000000 -0.74731450
 1.85000000  0.95000000 -1.06891138
 1.85000000  1.00000000 -1.33186694
 1.85000000  1.05000000 -1.50042514
 1.85000000  1.10000000 -1.57518784
 1.85000000  1.15000000 -1.55047637
 1.85000000  1.20000000 -1.44087116
 1.85000000  1.25000000 -1.28263270
 1.85000000  1.30000000 -1.11725268
 1.85000000  1.35000000 -0.96887468
 1.85000000  1.40000000 -0.85893327
 1.85000000  1.45000000 -0.80179835
 1.85000000  1.50000000 -0.78666029
 1.85000000  1.55000000 -0.77433326
 1.85000000  1.60000000 -0.76746605
 1.85000000  1.65000000 -0.73349628
 1.85000000  1.70000000 -0.66174633
 1.85000000  1.75000000 -0.53643530
 1.85000000  1.80000000 -0.35443018
 1.85000000  1.85000000 -0.11620862
 1.85000000  1.90000000  0.16407324
 1.85000000  1.95000000  0.46478689
 1.85000000  2.00000000  0.72803692
 1.85000000  2.05000000  0.90530090
 1.85000000  2.10000000  0.99320830
 1.85000000  2.15000000  0.93692705
 1.85000000  2.20000000  0.76546337
 1.90000000 -0.25000000  0.10437030
 1.90000000 -0.20000000  0.25585527
 1.90000000 -0.15000000  0.40996325
 1.90000000 -0.10000000  0.59263554
 1.90000000 -0.05000000  0.81685215
 1.90000000  0.00000000  1.10148522
 1.90000000  0.05000000  1.41111836
 1.90000000  0.10000000  1.69137227
 1.90000000  0.15000000  1.94263394
 1.90000000  0.20000000  2.10474227
 1.90000000  0.25000000  2.15474707
 1.90000000  0.30000000  2.10190021
 1.90000000  0.35000000  1.97901308
 1.90000000  0.40000000  1.82373643
 1.90000000  0.45000000  1.63322664
 1.90000000  0.50000000  1.45425632
 1.90000000  0.55000000  1.26816288
 1.90000000  0.60000000  1.06411941
 1.90000000  0.65000000  0.83938124
 1.90000000  0.70000000  0.58081749
 1.90000000  0.75000000  0.27893224
 1.90000000  0.80000000 -0.04852037
 1.90000000  0.85000000 -0.39907841
 1.90000000  0.90000000 -0.75082441
 1.90000000  0.95000000 -1.07685865
 1.90000000  1.00000000 -1.34949936
 1.90000000  1.05000000 -1.55241226
 1.90000000  1.10000000 -1.65954709
 1.90000000  1.15000000 -1.66603587
 1.90000000  1.20000000 -1.59031112
 1.90000000  1.25000000 -1.47604909
 1.90000000  1.30000000 -1.32082023
 1.90000000  1.35000000 -1.17984525
 1.90000000  1.40000000 -1.06763551
 1.90000000  1.45000000 -0.98460043
 1.90000000  1.50000000 -0.93317542
 1.90000000  1.55000000 -0.89540393
 1.90000000  1.60000000 -0.86009745
 1.90000000  1.65000000 -0.81574274
 1.90000000  1.70000000 -0.74900034
 1.90000000  1.75000000 -0.66349809
 1.90000000  1.80000000 -0.52752327
 1.90000000  1.85000000 -0.34992788
 1.90000000  1.90000000 -0.13128998
 1.90000000  1.95000000  0.12550751
 1.90000000  2.00000000  0.37787248
 1.90000000  2.05000000  0.57450329
 1.90000000  2.10000000  0.68319902
 1.90000000  2.15000000  0.69683207
 1.90000000  2.20000000  0.60175605
 1.95000000 -0.25000000 -0.06189512
 1.95000000 -0.20000000  0.06988925
 1.95000000 -0.15000000  0.20888783
 1.95000000 -0.10000000  0.39950887
 1.95000000 -0.05000000  0.62574550
 1.95000000  0.00000000  0.90297987
 1.95000000  0.05000000  1.20173449
 1.95000000  0.10000000  1.48534924
 1.95000000  0.15000000  1.70344607
 1.95000000  0.20000000  1.85411343
 1.95000000  0.25000000  1.89808312
 1.95000000  0.30000000  1.85338752
 1.95000000  0.35000000  1.75168302
 1.95000000  0.40000000  1.59657396
 1.95000000  0.45000000  1.43622123
 1.95000000  0.50000000  1.26704741
 1.95000000  0.55000000  1.09082025
 1.95000000  0.60000000  0.91875157
 1.95000000  0.65000000  0.71555227
 1.95000000  0.70000000  0.50359373
 1.95000000  0.75000000  0.23675587
 1.95000000  0.80000000 -0.05029746
 1.95000000  0.85000000 -0.35849410
 1.95000000  0.90000000 -0.68623312
 1.95000000  0.95000000 -1.00837510
 1.95000000  1.00000000 -1.27603609
 1.95000000  1.05000000 -1.48783997
 1.95000000  1.10000000 -1.62059844
 1.95000000  1.15000000 -1.66829148
 1.95000000  1.20000000 -1.64346648
 1.95000000  1.25000000 -1.55960193
 1.95000000  1.30000000 -1.45887546
 1.95000000  1.35000000 -1.35930945
 1.95000000  1.40000000 -1.26866353
 1.95000000  1.45000000 -1.20508610
 1.95000000  1.50000000 -1.14459869
 1.95000000  1.55000000 -1.09123134
 1.95000000  1.60000000 -1.04485182
 1.95000000  1.65000000 -0.99686133
 1.95000000  1.70000000 -0.94366508
 1.95000000  1.75000000 -0.87017282
 1.95000000  1.80000000 -0.77635427
 1.95000000  1.85000000 -0.63015053
 1.95000000  1.90000000 -0.43796726
 1.95000000  1.95000000 -0.20764814
 1.95000000  2.00000000  0.02519778
 1.95000000  2.05000000  0.23503247
 1.95000000  2.10000000  0.38354089
 1.95000000  2.15000000  0.44610495
 1.95000000  2.20000000  0.42066843
 2.00000000 -0.25000000 -0.20243899
 2.00000000 -0.20000000 -0.10187999
 2.00000000 -0.15000000  0.02360451
 2.00000000 -0.10000000  0.19488960
 2.00000000 -0.05000000  0.41538360
 2.00000000  0.00000000  0.68917238
 2.00000000  0.05000000  0.96494658
 2.00000000  0.10000000  1.22411750
 2.00000000  0.15000000  1.42546116
 2.00000000  0.20000000  1.53975872
 2.00000000  0.25000000  1.58412112
 2.00000000  0.30000000  1.53811183
 2.00000000  0.35000000  1.44824818
 2.00000000  0.40000000  1.31088719
 2.00000000  0.45000000  1.15668792
 2.00000000  0.50000000  1.00391424
 2.00000000  0.55000000  0.85088944
 2.00000000  0.60000000  0.69983148
 2.00000000  0.65000000  0.55213860
 2.00000000  0.70000000  0.37851295
 2.00000000  0.75000000  0.18366392
 2.00000000  0.80000000 -0.04133890
 2.00000000  0.85000000 -0.29883033
 2.00000000  0.90000000 -0.57269860
 2.00000000  0.95000000 -0.84815645
 2.00000000  1.00000000 -1.10051262
 2.00000000  1.05000000 -1.30812446
 2.00000000  1.10000000 -1.45939239
 2.00000000  1.15000000 -1.52686173
 2.00000000  1.20000000 -1.55146445
 2.00000000  1.25000000 -1.52648077
 2.00000000  1.30000000 -1.49367062
 2.00000000  1.35000000 -1.45737334
 2.00000000  1.40000000 -1.41935340
 2.00000000  1.45000000 -1.39338778
 2.00000000  1.50000000 -1.35684989
 2.00000000  1.55000000 -1.31956146
 2.00000000  1.60000000 -1.27751037
 2.00000000  1.65000000 -1.22424874
 2.00000000  1.70000000 -1.17466369
 2.00000000  1.75000000 -1.10535914
 2.00000000  1.80000000 -1.01671076
 2.00000000  1.85000000 -0.89006717
 2.00000000  1.90000000 -0.71614991
 2.00000000  1.95000000 -0.49976234
 2.00000000  2.00000000 -0.26770875
 2.00000000  2.05000000 -0.05677281
 2.00000000  2.10000000  0.10674136
 2.00000000  2.15000000  0.21455790
 2.00000000  2.20000000  0.24058868
 2.05000000 -0.25000000 -0.34086753
 2.05000000 -0.20000000 -0.24429787
 2.05000000 -0.15000000 -0.13951941
 2.05000000 -0.10000000  0.01804804
 2.05000000 -0.05000000  0.23093808
 2.05000000  0.00000000  0.47842228
 2.05000000  0.05000000  0.73923452
 2.05000000  0.10000000  0.97408334
 2.05000000  0.15000000  1.15013538
 2.05000000  0.20000000  1.25082680
 2.05000000  0.25000000  1.28432411
 2.05000000  0.30000000  1.24387184
 2.05000000  0.35000000  1.14317052
 2.05000000  0.40000000  1.01177152
 2.05000000  0.45000000  0.85428440
 2.05000000  0.50000000  0.69359077
 2.05000000  0.55000000  0.55236208
 2.05000000  0.60000000  0.42561990
 2.05000000  0.65000000  0.31335951
 2.05000000  0.70000000  0.20465740
 2.05000000  0.75000000  0.08131552
 2.05000000  0.80000000 -0.05945663
 2.05000000  0.85000000 -0.22849295
 2.05000000  0.90000000 -0.42506545
 2.05000000  0.95000000 -0.63820174
 2.05000000  1.00000000 -0.84830496
 2.05000000  1.05000000 -1.01817975
 2.05000000  1.10000000 -1.16283061
 2.05000000  1.15000000 -1.26309394
 2.05000000  1.20000000 -1.32141064
 2.05000000  1.25000000 -1.36342724
 2.05000000  1.30000000 -1.38638727
 2.05000000  1.35000000 -1.42402372
 2.05000000  1.40000000 -1.45957395
 2.05000000  1.45000000 -1.49827365
 2.05000000  1.50000000 -1.51764056
 2.05000000  1.55000000 -1.51035741
 2.05000000  1.60000000 -1.48387785
 2.05000000  1.65000000 -1.43953425
 2.05000000  1.70000000 -1.37176296
 2.05000000  1.75000000 -1.29588171
 2.05000000  1.80000000 -1.18816791
 2.05000000  1.85000000 -1.06177004
 2.05000000  1.90000000 -0.88817676
 2.05000000  1.95000000 -0.68300164
 2.05000000  2.00000000 -0.46750413
 2.05000000  2.05000000 -0.25782018
 2.05000000  2.10000000 -0.08600561
 2.05000000  2.15000000  0.03383822
 2.05000000  2.20000000  0.08511283
 2.10000000 -0.25000000 -0.46042199
 2.10000000 -0.20000000 -0.37766302
 2.10000000 -0.15000000 -0.26449963
 2.10000000 -0.10000000 -0.11372436
 2.10000000 -0.05000000  0.08566590
 2.10000000  0.00000000  0.31597650
 2.10000000  0.05000000  0.55435501
 2.10000000  0.10000000  0.76088160
 2.10000000  0.15000000  0.91696603
 2.10000000  0.20000000  1.01642889
 2.10000000  0.25000000  1.04886878
 2.10000000  0.30000000  0.98866132
 2.10000000  0.35000000  0.88723786
 2.10000000  0.40000000  0.73677789
 2.10000000  0.45000000  0.56619391
 2.10000000  0.50000000  0.39364984
 2.10000000  0.55000000  0.24032962
 2.10000000  0.60000000  0.11900695
 2.10000000  0.65000000  0.04055157
 2.10000000  0.70000000 -0.00739451
 2.10000000  0.75000000 -0.05549684
 2.10000000  0.80000000 -0.10010532
 2.10000000  0.85000000 -0.16986853
 2.10000000  0.90000000 -0.27630645
 2.10000000  0.95000000 -0.40589451
 2.10000000  1.00000000 -0.54037145
 2.10000000  1.05000000 -0.67497745
 2.10000000  1.10000000 -0.77993955
 2.10000000  1.15000000 -0.87918186
 2.10000000  1.20000000 -0.96248027
 2.10000000  1.25000000 -1.05130383
 2.10000000  1.30000000 -1.14775082
 2.10000000  1.35000000 -1.26228868
 2.10000000  1.40000000 -1.38258297
 2.10000000  1.45000000 -1.49329403
 2.10000000  1.50000000 -1.56435216
 2.10000000  1.55000000 -1.59968966
 2.10000000  1.60000000 -1.58994804
 2.10000000  1.65000000 -1.54481561
 2.10000000  1.70000000 -1.47931601
 2.10000000  1.75000000 -1.37415069
 2.10000000  1.80000000 -1.25212843
 2.10000000  1.85000000 -1.10421831
 2.10000000  1.90000000 -0.93457699
 2.10000000  1.95000000 -0.74978027
 2.10000000  2.00000000 -0.55280921
 2.10000000  2.05000000 -0.36703669
 2.10000000  2.10000000 -0.21507447
 2.10000000  2.15000000 -0.11264656
 2.10000000  2.20000000 -0.05977268
 2.15000000 -0.25000000 -0.58109120
 2.15000000 -0.20000000 -0.48369078
 2.15000000 -0.15000000 -0.37102343
 2.15000000 -0.10000000 -0.22441865
 2.15000000 -0.05000000 -0.02741396
 2.15000000  0.00000000  0.19020779
 2.15000000  0.05000000  0.41837970
 2.15000000  0.10000000  0.61928741
 2.15000000  0.15000000  0.76403609
 2.15000000  0.20000000  0.85374055
 2.15000000  0.25000000  0.87480407
 2.15000000  0.30000000  0.82080515
 2.15000000  0.35000000  0.69537631
 2.15000000  0.40000000  0.52805956
 2.15000000  0.45000000  0.31691594
 2.15000000  0.50000000  0.11913370
 2.15000000  0.55000000 -0.05635638
 2.15000000  0.60000000 -0.18203287
 2.15000000  0.65000000 -0.24426846
 2.15000000  0.70000000 -0.25685595
 2.15000000  0.75000000 -0.22161950
 2.15000000  0.80000000 -0.18458946
 2.15000000  0.85000000 -0.16468862
 2.15000000  0.90000000 -0.16246023
 2.15000000  0.95000000 -0.18753524
 2.15000000  1.00000000 -0.23746505
 2.15000000  1.05000000 -0.28757278
 2.15000000  1.10000000 -0.35475882
 2.15000000  1.15000000 -0.42345696
 2.15000000  1.20000000 -0.51083010
 2.15000000  1.25000000 -0.63159449
 2.15000000  1.30000000 -0.78888744
 2.15000000  1.35000000 -0.96767988
 2.15000000  1.40000000 -1.17104442
 2.15000000  1.45000000 -1.34350798
 2.15000000  1.50000000 -1.48864089
 2.15000000  1.55000000 -1.56908111
 2.15000000  1.60000000 -1.58029318
 2.15000000  1.65000000 -1.53212622
 2.15000000  1.70000000 -1.43594382
 2.15000000  1.75000000 -1.31768288
 2.15000000  1.80000000 -1.18243373
 2.15000000  1.85000000 -1.03418315
 2.15000000  1.90000000 -0.86471334
 2.15000000  1.95000000 -0.70154260
 2.15000000  2.00000000 -0.54482942
 2.15000000  2.05000000 -0.39829421
 2.15000000  2.10000000 -0.28336161
 2.15000000  2.15000000 -0.22403402
 2.15000000  2.20000000 -0.20425563
 2.20000000 -0.25000000 -0.68215377
 2.20000000 -0.20000000 -0.58172454
 2.20000000 -0.15000000 -0.46276647
 2.20000000 -0.10000000 -0.31462488
 2.20000000 -0.05000000 -0.12909359
 2.20000000  0.00000000  0.08984699
 2.20000000  0.05000000  0.30447747
 2.20000000  0.10000000  0.50349558
 2.20000000  0.15000000  0.64742288
 2.20000000  0.20000000  0.73101868
 2.20000000  0.25000000  0.75217999
 2.20000000  0.30000000  0.68990737
 2.20000000  0.35000000  0.56124504
 2.20000000  0.40000000  0.37692656
 2.20000000  0.45000000  0.14612011
 2.20000000  0.50000000 -0.09305637
 2.20000000  0.55000000 -0.30114384
 2.20000000  0.60000000 -0.43769125
 2.20000000  0.65000000 -0.50026360
 2.20000000  0.70000000 -0.48613160
 2.20000000  0.75000000 -0.41113237
 2.20000000  0.80000000 -0.30329345
 2.20000000  0.85000000 -0.19639561
 2.20000000  0.90000000 -0.09046955
 2.20000000  0.95000000 -0.02552339
 2.20000000  1.00000000  0.03564514
 2.20000000  1.05000000  0.06146041
 2.20000000  1.10000000  0.06912548
 2.20000000  1.15000000  0.03974465
 2.20000000  1.20000000 -0.03160198
 2.20000000  1.25000000 -0.15650496
 2.20000000  1.30000000 -0.34363587
 2.20000000  1.35000000 -0.58717481
 2.20000000  1.40000000 -0.84637863
 2.20000000  1.45000000 -1.09872074
 2.20000000  1.50000000 -1.28625272
 2.20000000  1.55000000 -1.40869791
 2.20000000  1.60000000 -1.43909929
 2.20000000  1.65000000 -1.38889405
 2.20000000  1.70000000 -1.28368401
 2.20000000  1.75000000 -1.14773250
 2.20000000  1.80000000 -0.99520571
 2.20000000  1.85000000 -0.84541148
 2.20000000  1.90000000 -0.70838688
 2.20000000  1.95000000 -0.58720972
 2.20000000  2.00000000 -0.48348183
 2.20000000  2.05000000 -0.40927144
 2.20000000  2.10000000 -0.35445625
 2.20000000  2.15000000 -0.34162164
 2.20000000  2.20000000 -0.37291916
