Anytime H=4
[1.4287738595020838, 5.7861723263459126, 12.527904256940753, 19.039162283171642, 25.78089421376648]
LP
[0.39930157852260395, 0.60304549339854896, 1.0023470719211529, 1.2060909867970979, 1.6053925653197019]
myqEI
[0.95977303114443802, 4.2043063408105699, 6.0980194034383359, 5.3189743047952138, 6.7230594829173231]
PE
[1.4287738595020838, 4.2234550277333049, 9.6427817226624839, 14.856882729984711, 18.144534125990297]
BUCB
[0.39930157852260395, 2.4805484886984632, 5.1061850788334038, 9.4635835456772313, 16.083944286984867]
MLE H=4
[0.39930157852260395, 0.60304549339854896, 1.5628185245429869, 4.8073518342091184, 8.2221069628162748]
H=1
[0.95977303114443802, 4.2043063408105699, 7.6190614694177263, 11.086617363951323, 14.501372492558479]
H=2
[0.95977303114443802, 4.2043063408105699, 7.6190614694177263, 7.7336143934784296, 9.1376995716005389]
H=3
[0.39930157852260395, 0.60304549339854896, 1.5628185245429869, 4.8073518342091184, 8.2221069628162748]
