Physical State
[[ 1.15  1.2 ]
 [ 1.1   1.2 ]
 [ 1.05  1.2 ]
 [ 1.    1.2 ]]
Locations
[[ 1.    1.  ]
 [ 1.    1.05]
 [ 1.    1.1 ]
 [ 1.    1.15]
 [ 1.    1.2 ]
 [ 1.05  1.2 ]
 [ 1.1   1.2 ]
 [ 1.15  1.2 ]
 [ 1.2   1.2 ]
 [ 1.15  1.2 ]
 [ 1.1   1.2 ]
 [ 1.05  1.2 ]
 [ 1.    1.2 ]]
Measurements
[-0.69234348 -0.33168191 -0.01520321  0.19777339  0.27016341  0.32200653
  0.28693971  0.1619732  -0.0366336   0.1619732   0.28693971  0.32200653
  0.27016341]
Total accumulated reward = 1.89642036641
Nodes expanded = -1