Physical State
[[ 0.8   0.75]
 [ 0.8   0.7 ]
 [ 0.8   0.65]
 [ 0.8   0.6 ]]
Locations
[[ 1.    1.  ]
 [ 0.95  1.  ]
 [ 0.9   1.  ]
 [ 0.85  1.  ]
 [ 0.8   1.  ]
 [ 0.8   0.95]
 [ 0.8   0.9 ]
 [ 0.8   0.85]
 [ 0.8   0.8 ]
 [ 0.8   0.75]
 [ 0.8   0.7 ]
 [ 0.8   0.65]
 [ 0.8   0.6 ]]
Measurements
[-0.52585736 -0.5958773  -0.63893665 -0.6767862  -0.71922264 -0.67918158
 -0.67132217 -0.65857988 -0.61741369 -0.54111657 -0.40823393 -0.24553119
 -0.10736634]
Total accumulated reward = -6.55956812993
Nodes expanded = -1