Physical State
[[ 0.8   0.85]
 [ 0.8   0.9 ]
 [ 0.8   0.95]
 [ 0.8   1.  ]]
Locations
[[ 1.    1.  ]
 [ 1.    0.95]
 [ 1.    0.9 ]
 [ 1.    0.85]
 [ 1.    0.8 ]
 [ 0.95  0.8 ]
 [ 0.9   0.8 ]
 [ 0.85  0.8 ]
 [ 0.8   0.8 ]
 [ 0.8   0.85]
 [ 0.8   0.9 ]
 [ 0.8   0.95]
 [ 0.8   1.  ]]
Measurements
[-0.69234348 -1.03283308 -1.28718118 -1.43217451 -1.44687512 -1.21230191
 -1.05141657 -0.99671049 -1.03444497 -0.87558749 -0.71609303 -0.53960115
 -0.37796566]
Total accumulated reward = -12.0031851628
Nodes expanded = 4