Physical State
[[ 0.6   1.05]
 [ 0.6   1.1 ]
 [ 0.6   1.15]
 [ 0.6   1.2 ]]
Locations
[[ 1.    1.  ]
 [ 1.    0.95]
 [ 1.    0.9 ]
 [ 1.    0.85]
 [ 1.    0.8 ]
 [ 0.95  0.8 ]
 [ 0.9   0.8 ]
 [ 0.85  0.8 ]
 [ 0.8   0.8 ]
 [ 0.8   0.85]
 [ 0.8   0.9 ]
 [ 0.8   0.95]
 [ 0.8   1.  ]
 [ 0.75  1.  ]
 [ 0.7   1.  ]
 [ 0.65  1.  ]
 [ 0.6   1.  ]
 [ 0.6   1.05]
 [ 0.6   1.1 ]
 [ 0.6   1.15]
 [ 0.6   1.2 ]]
Measurements
[-0.69234348 -1.03283308 -1.28718118 -1.43217451 -1.44687512 -1.21230191
 -1.05141657 -0.99671049 -1.03444497 -0.87558749 -0.71609303 -0.53960115
 -0.37796566 -0.4596351  -0.60177096 -0.76564921 -0.92460956 -0.78439285
 -0.70442968 -0.6681075  -0.68582723]
Total accumulated reward = -17.5976072571
Nodes expanded = 4