Physical State
[[ 1.15  1.  ]
 [ 1.1   1.  ]
 [ 1.05  1.  ]
 [ 1.    1.  ]]
Locations
[[ 1.    1.  ]
 [ 1.    0.95]
 [ 1.    0.9 ]
 [ 1.    0.85]
 [ 1.    0.8 ]
 [ 1.05  0.8 ]
 [ 1.1   0.8 ]
 [ 1.15  0.8 ]
 [ 1.2   0.8 ]
 [ 1.2   0.85]
 [ 1.2   0.9 ]
 [ 1.2   0.95]
 [ 1.2   1.  ]
 [ 1.15  1.  ]
 [ 1.1   1.  ]
 [ 1.05  1.  ]
 [ 1.    1.  ]]
Measurements
[ 0.40832374  0.12995207 -0.17533903 -0.5010838  -0.79169806 -0.93227319
 -1.07770893 -1.21114466 -1.31221739 -1.19190295 -0.9965161  -0.75034745
 -0.45816042 -0.18978168  0.06500125  0.26528972  0.40832374]
Total accumulated reward = -8.71960688456
Nodes expanded = -1.0