Physical State
[[ 1.    0.85]
 [ 1.    0.9 ]
 [ 1.    0.95]
 [ 1.    1.  ]]
Locations
[[ 1.    1.  ]
 [ 1.    0.95]
 [ 1.    0.9 ]
 [ 1.    0.85]
 [ 1.    0.8 ]
 [ 1.    0.85]
 [ 1.    0.9 ]
 [ 1.    0.95]
 [ 1.    1.  ]
 [ 1.    0.95]
 [ 1.    0.9 ]
 [ 1.    0.85]
 [ 1.    0.8 ]
 [ 1.    0.85]
 [ 1.    0.9 ]
 [ 1.    0.95]
 [ 1.    1.  ]]
Measurements
[ 0.03799932  0.07111351  0.14961521  0.22052967  0.23355698  0.22052967
  0.14961521  0.07111351  0.03799932  0.07111351  0.14961521  0.22052967
  0.23355698  0.22052967  0.14961521  0.07111351  0.03799932]
Total accumulated reward = 2.30814614439
Nodes expanded = -1.0