-0.25000000 -0.25000000 -0.56351761
-0.25000000 -0.20000000 -0.46922676
-0.25000000 -0.15000000 -0.32854224
-0.25000000 -0.10000000 -0.16316523
-0.25000000 -0.05000000  0.00660968
-0.25000000  0.00000000  0.14172440
-0.25000000  0.05000000  0.23005934
-0.25000000  0.10000000  0.27678743
-0.25000000  0.15000000  0.25267155
-0.25000000  0.20000000  0.18953194
-0.25000000  0.25000000  0.08477597
-0.25000000  0.30000000 -0.05619960
-0.25000000  0.35000000 -0.21496144
-0.25000000  0.40000000 -0.36876788
-0.25000000  0.45000000 -0.49581814
-0.25000000  0.50000000 -0.55551509
-0.25000000  0.55000000 -0.52622390
-0.25000000  0.60000000 -0.41994195
-0.25000000  0.65000000 -0.25556236
-0.25000000  0.70000000 -0.05650345
-0.25000000  0.75000000  0.11614285
-0.25000000  0.80000000  0.23485071
-0.25000000  0.85000000  0.26893380
-0.25000000  0.90000000  0.21670313
-0.25000000  0.95000000  0.12122851
-0.25000000  1.00000000 -0.00088873
-0.25000000  1.05000000 -0.09680799
-0.25000000  1.10000000 -0.14301497
-0.25000000  1.15000000 -0.10344189
-0.25000000  1.20000000 -0.01717279
-0.25000000  1.25000000  0.11744901
-0.25000000  1.30000000  0.28450001
-0.25000000  1.35000000  0.40908645
-0.25000000  1.40000000  0.46781170
-0.25000000  1.45000000  0.44234898
-0.25000000  1.50000000  0.32624949
-0.25000000  1.55000000  0.14565203
-0.25000000  1.60000000 -0.05403694
-0.25000000  1.65000000 -0.23337781
-0.25000000  1.70000000 -0.34038256
-0.25000000  1.75000000 -0.32103512
-0.25000000  1.80000000 -0.18424273
-0.25000000  1.85000000  0.05462511
-0.25000000  1.90000000  0.33685684
-0.25000000  1.95000000  0.57893652
-0.25000000  2.00000000  0.70815221
-0.25000000  2.05000000  0.66199479
-0.25000000  2.10000000  0.43179789
-0.25000000  2.15000000  0.02298941
-0.25000000  2.20000000 -0.49888172
-0.20000000 -0.25000000 -0.40868297
-0.20000000 -0.20000000 -0.34764417
-0.20000000 -0.15000000 -0.23672608
-0.20000000 -0.10000000 -0.09887974
-0.20000000 -0.05000000  0.03725056
-0.20000000  0.00000000  0.14896446
-0.20000000  0.05000000  0.20482112
-0.20000000  0.10000000  0.20435128
-0.20000000  0.15000000  0.17311487
-0.20000000  0.20000000  0.10121772
-0.20000000  0.25000000 -0.00828530
-0.20000000  0.30000000 -0.13463845
-0.20000000  0.35000000 -0.27791591
-0.20000000  0.40000000 -0.42719071
-0.20000000  0.45000000 -0.55710879
-0.20000000  0.50000000 -0.63326795
-0.20000000  0.55000000 -0.64020174
-0.20000000  0.60000000 -0.57715153
-0.20000000  0.65000000 -0.45061908
-0.20000000  0.70000000 -0.31280226
-0.20000000  0.75000000 -0.19800529
-0.20000000  0.80000000 -0.13570761
-0.20000000  0.85000000 -0.16149428
-0.20000000  0.90000000 -0.24035267
-0.20000000  0.95000000 -0.35146064
-0.20000000  1.00000000 -0.44811465
-0.20000000  1.05000000 -0.49709512
-0.20000000  1.10000000 -0.47435263
-0.20000000  1.15000000 -0.37028009
-0.20000000  1.20000000 -0.21532788
-0.20000000  1.25000000 -0.03240999
-0.20000000  1.30000000  0.14172951
-0.20000000  1.35000000  0.28211150
-0.20000000  1.40000000  0.33905428
-0.20000000  1.45000000  0.32695505
-0.20000000  1.50000000  0.24135738
-0.20000000  1.55000000  0.10915031
-0.20000000  1.60000000 -0.03619688
-0.20000000  1.65000000 -0.13587552
-0.20000000  1.70000000 -0.16641227
-0.20000000  1.75000000 -0.10340475
-0.20000000  1.80000000  0.05924777
-0.20000000  1.85000000  0.29094305
-0.20000000  1.90000000  0.55101629
-0.20000000  1.95000000  0.74902901
-0.20000000  2.00000000  0.82390646
-0.20000000  2.05000000  0.74410544
-0.20000000  2.10000000  0.48210856
-0.20000000  2.15000000  0.07405049
-0.20000000  2.20000000 -0.43867930
-0.15000000 -0.25000000 -0.27654126
-0.15000000 -0.20000000 -0.21969643
-0.15000000 -0.15000000 -0.12258853
-0.15000000 -0.10000000 -0.00447233
-0.15000000 -0.05000000  0.10295705
-0.15000000  0.00000000  0.16604703
-0.15000000  0.05000000  0.18598112
-0.15000000  0.10000000  0.14521750
-0.15000000  0.15000000  0.08050685
-0.15000000  0.20000000 -0.02003774
-0.15000000  0.25000000 -0.13351693
-0.15000000  0.30000000 -0.26018385
-0.15000000  0.35000000 -0.38671855
-0.15000000  0.40000000 -0.51424375
-0.15000000  0.45000000 -0.63720437
-0.15000000  0.50000000 -0.71697448
-0.15000000  0.55000000 -0.73908629
-0.15000000  0.60000000 -0.70690696
-0.15000000  0.65000000 -0.63664383
-0.15000000  0.70000000 -0.55103704
-0.15000000  0.75000000 -0.49584884
-0.15000000  0.80000000 -0.49918709
-0.15000000  0.85000000 -0.56493273
-0.15000000  0.90000000 -0.66996141
-0.15000000  0.95000000 -0.79647638
-0.15000000  1.00000000 -0.86401624
-0.15000000  1.05000000 -0.85952002
-0.15000000  1.10000000 -0.77381562
-0.15000000  1.15000000 -0.59766224
-0.15000000  1.20000000 -0.38589392
-0.15000000  1.25000000 -0.15546326
-0.15000000  1.30000000  0.03352436
-0.15000000  1.35000000  0.17182796
-0.15000000  1.40000000  0.22929630
-0.15000000  1.45000000  0.22500296
-0.15000000  1.50000000  0.17201434
-0.15000000  1.55000000  0.09362045
-0.15000000  1.60000000  0.02327555
-0.15000000  1.65000000 -0.01106409
-0.15000000  1.70000000  0.02895658
-0.15000000  1.75000000  0.13911006
-0.15000000  1.80000000  0.33015499
-0.15000000  1.85000000  0.57204888
-0.15000000  1.90000000  0.81260193
-0.15000000  1.95000000  0.98610497
-0.15000000  2.00000000  1.03796029
-0.15000000  2.05000000  0.94135806
-0.15000000  2.10000000  0.67483893
-0.15000000  2.15000000  0.27369292
-0.15000000  2.20000000 -0.21871224
-0.10000000 -0.25000000 -0.16851460
-0.10000000 -0.20000000 -0.11714670
-0.10000000 -0.15000000 -0.02369614
-0.10000000 -0.10000000  0.07539585
-0.10000000 -0.05000000  0.15068503
-0.10000000  0.00000000  0.16833533
-0.10000000  0.05000000  0.13937143
-0.10000000  0.10000000  0.04412776
-0.10000000  0.15000000 -0.07352457
-0.10000000  0.20000000 -0.20054730
-0.10000000  0.25000000 -0.33075150
-0.10000000  0.30000000 -0.44739017
-0.10000000  0.35000000 -0.55637820
-0.10000000  0.40000000 -0.65866030
-0.10000000  0.45000000 -0.74972623
-0.10000000  0.50000000 -0.81396575
-0.10000000  0.55000000 -0.83809144
-0.10000000  0.60000000 -0.82822470
-0.10000000  0.65000000 -0.78122022
-0.10000000  0.70000000 -0.74892638
-0.10000000  0.75000000 -0.74602338
-0.10000000  0.80000000 -0.80154504
-0.10000000  0.85000000 -0.90888311
-0.10000000  0.90000000 -1.04447381
-0.10000000  0.95000000 -1.15227161
-0.10000000  1.00000000 -1.19237536
-0.10000000  1.05000000 -1.14837552
-0.10000000  1.10000000 -0.99412114
-0.10000000  1.15000000 -0.76702467
-0.10000000  1.20000000 -0.50490665
-0.10000000  1.25000000 -0.25031321
-0.10000000  1.30000000 -0.04896217
-0.10000000  1.35000000  0.08432852
-0.10000000  1.40000000  0.14806096
-0.10000000  1.45000000  0.14745428
-0.10000000  1.50000000  0.11240285
-0.10000000  1.55000000  0.08608362
-0.10000000  1.60000000  0.06957545
-0.10000000  1.65000000  0.11299786
-0.10000000  1.70000000  0.20824785
-0.10000000  1.75000000  0.38062340
-0.10000000  1.80000000  0.60311269
-0.10000000  1.85000000  0.86228469
-0.10000000  1.90000000  1.10076738
-0.10000000  1.95000000  1.27805973
-0.10000000  2.00000000  1.33007131
-0.10000000  2.05000000  1.22640468
-0.10000000  2.10000000  0.98384838
-0.10000000  2.15000000  0.60266942
-0.10000000  2.20000000  0.15030376
-0.05000000 -0.25000000 -0.12869374
-0.05000000 -0.20000000 -0.05721277
-0.05000000 -0.15000000  0.02593961
-0.05000000 -0.10000000  0.10281026
-0.05000000 -0.05000000  0.14115476
-0.05000000  0.00000000  0.10895419
-0.05000000  0.05000000  0.02819803
-0.05000000  0.10000000 -0.11067658
-0.05000000  0.15000000 -0.27786190
-0.05000000  0.20000000 -0.44430222
-0.05000000  0.25000000 -0.58528413
-0.05000000  0.30000000 -0.69408268
-0.05000000  0.35000000 -0.78797143
-0.05000000  0.40000000 -0.85218344
-0.05000000  0.45000000 -0.89769869
-0.05000000  0.50000000 -0.93738035
-0.05000000  0.55000000 -0.94601731
-0.05000000  0.60000000 -0.93581412
-0.05000000  0.65000000 -0.90840092
-0.05000000  0.70000000 -0.91057679
-0.05000000  0.75000000 -0.95477760
-0.05000000  0.80000000 -1.04886419
-0.05000000  0.85000000 -1.18869970
-0.05000000  0.90000000 -1.33015334
-0.05000000  0.95000000 -1.42521837
-0.05000000  1.00000000 -1.44212334
-0.05000000  1.05000000 -1.34034583
-0.05000000  1.10000000 -1.14224196
-0.05000000  1.15000000 -0.86357552
-0.05000000  1.20000000 -0.58143028
-0.05000000  1.25000000 -0.31201790
-0.05000000  1.30000000 -0.11834069
-0.05000000  1.35000000 -0.00080438
-0.05000000  1.40000000  0.05755425
-0.05000000  1.45000000  0.06405258
-0.05000000  1.50000000  0.06490641
-0.05000000  1.55000000  0.06925634
-0.05000000  1.60000000  0.10879519
-0.05000000  1.65000000  0.19855870
-0.05000000  1.70000000  0.35162683
-0.05000000  1.75000000  0.56509347
-0.05000000  1.80000000  0.82309202
-0.05000000  1.85000000  1.10268863
-0.05000000  1.90000000  1.37067706
-0.05000000  1.95000000  1.55904885
-0.05000000  2.00000000  1.64217120
-0.05000000  2.05000000  1.57398088
-0.05000000  2.10000000  1.37113752
-0.05000000  2.15000000  1.03341731
-0.05000000  2.20000000  0.62350143
 0.00000000 -0.25000000 -0.14213081
 0.00000000 -0.20000000 -0.08409023
 0.00000000 -0.15000000  0.00674196
 0.00000000 -0.10000000  0.06539357
 0.00000000 -0.05000000  0.06357059
 0.00000000  0.00000000 -0.00238193
 0.00000000  0.05000000 -0.14333035
 0.00000000  0.10000000 -0.33097562
 0.00000000  0.15000000 -0.53373008
 0.00000000  0.20000000 -0.72684786
 0.00000000  0.25000000 -0.87874063
 0.00000000  0.30000000 -0.98328590
 0.00000000  0.35000000 -1.04367510
 0.00000000  0.40000000 -1.06728548
 0.00000000  0.45000000 -1.06593428
 0.00000000  0.50000000 -1.06284715
 0.00000000  0.55000000 -1.03334155
 0.00000000  0.60000000 -1.01825082
 0.00000000  0.65000000 -1.01409085
 0.00000000  0.70000000 -1.04324694
 0.00000000  0.75000000 -1.11253316
 0.00000000  0.80000000 -1.24492870
 0.00000000  0.85000000 -1.39427057
 0.00000000  0.90000000 -1.53210708
 0.00000000  0.95000000 -1.61458502
 0.00000000  1.00000000 -1.59915941
 0.00000000  1.05000000 -1.46183370
 0.00000000  1.10000000 -1.22786713
 0.00000000  1.15000000 -0.93565871
 0.00000000  1.20000000 -0.62949812
 0.00000000  1.25000000 -0.37332394
 0.00000000  1.30000000 -0.18787987
 0.00000000  1.35000000 -0.08080636
 0.00000000  1.40000000 -0.04296335
 0.00000000  1.45000000 -0.02555883
 0.00000000  1.50000000 -0.01569802
 0.00000000  1.55000000  0.02062166
 0.00000000  1.60000000  0.09641864
 0.00000000  1.65000000  0.22910179
 0.00000000  1.70000000  0.42475389
 0.00000000  1.75000000  0.67005488
 0.00000000  1.80000000  0.96450288
 0.00000000  1.85000000  1.27606018
 0.00000000  1.90000000  1.57101728
 0.00000000  1.95000000  1.80444999
 0.00000000  2.00000000  1.93223144
 0.00000000  2.05000000  1.92004156
 0.00000000  2.10000000  1.77827356
 0.00000000  2.15000000  1.49929126
 0.00000000  2.20000000  1.13990620
 0.05000000 -0.25000000 -0.21536499
 0.05000000 -0.20000000 -0.15671557
 0.05000000 -0.15000000 -0.08361429
 0.05000000 -0.10000000 -0.05332160
 0.05000000 -0.05000000 -0.06734209
 0.05000000  0.00000000 -0.16558253
 0.05000000  0.05000000 -0.34190014
 0.05000000  0.10000000 -0.55634640
 0.05000000  0.15000000 -0.79065348
 0.05000000  0.20000000 -1.00444686
 0.05000000  0.25000000 -1.16389063
 0.05000000  0.30000000 -1.25261061
 0.05000000  0.35000000 -1.28260823
 0.05000000  0.40000000 -1.26069759
 0.05000000  0.45000000 -1.20852666
 0.05000000  0.50000000 -1.15195375
 0.05000000  0.55000000 -1.10415679
 0.05000000  0.60000000 -1.07407337
 0.05000000  0.65000000 -1.08210656
 0.05000000  0.70000000 -1.13239699
 0.05000000  0.75000000 -1.23653538
 0.05000000  0.80000000 -1.38615797
 0.05000000  0.85000000 -1.54424781
 0.05000000  0.90000000 -1.68073739
 0.05000000  0.95000000 -1.74453034
 0.05000000  1.00000000 -1.69745251
 0.05000000  1.05000000 -1.53899739
 0.05000000  1.10000000 -1.28996922
 0.05000000  1.15000000 -0.98851985
 0.05000000  1.20000000 -0.70125110
 0.05000000  1.25000000 -0.45116294
 0.05000000  1.30000000 -0.29347336
 0.05000000  1.35000000 -0.19660921
 0.05000000  1.40000000 -0.16159030
 0.05000000  1.45000000 -0.14863892
 0.05000000  1.50000000 -0.11919513
 0.05000000  1.55000000 -0.06406871
 0.05000000  1.60000000  0.03848598
 0.05000000  1.65000000  0.20143226
 0.05000000  1.70000000  0.41066294
 0.05000000  1.75000000  0.69033955
 0.05000000  1.80000000  1.01683921
 0.05000000  1.85000000  1.36549368
 0.05000000  1.90000000  1.69009892
 0.05000000  1.95000000  1.97250379
 0.05000000  2.00000000  2.14795722
 0.05000000  2.05000000  2.20002618
 0.05000000  2.10000000  2.12512465
 0.05000000  2.15000000  1.91538743
 0.05000000  2.20000000  1.60503278
 0.10000000 -0.25000000 -0.33176827
 0.10000000 -0.20000000 -0.26613006
 0.10000000 -0.15000000 -0.20787696
 0.10000000 -0.10000000 -0.18736294
 0.10000000 -0.05000000 -0.22769842
 0.10000000  0.00000000 -0.34952016
 0.10000000  0.05000000 -0.53423857
 0.10000000  0.10000000 -0.76944966
 0.10000000  0.15000000 -1.00987013
 0.10000000  0.20000000 -1.21692137
 0.10000000  0.25000000 -1.36448153
 0.10000000  0.30000000 -1.43664073
 0.10000000  0.35000000 -1.42429907
 0.10000000  0.40000000 -1.36081644
 0.10000000  0.45000000 -1.26451791
 0.10000000  0.50000000 -1.16903882
 0.10000000  0.55000000 -1.10283287
 0.10000000  0.60000000 -1.07168213
 0.10000000  0.65000000 -1.08889568
 0.10000000  0.70000000 -1.15969210
 0.10000000  0.75000000 -1.29865427
 0.10000000  0.80000000 -1.47337289
 0.10000000  0.85000000 -1.64138665
 0.10000000  0.90000000 -1.77897840
 0.10000000  0.95000000 -1.82897345
 0.10000000  1.00000000 -1.77687738
 0.10000000  1.05000000 -1.59983932
 0.10000000  1.10000000 -1.34620935
 0.10000000  1.15000000 -1.05872883
 0.10000000  1.20000000 -0.78122648
 0.10000000  1.25000000 -0.56341473
 0.10000000  1.30000000 -0.40780480
 0.10000000  1.35000000 -0.33659063
 0.10000000  1.40000000 -0.29421074
 0.10000000  1.45000000 -0.27034867
 0.10000000  1.50000000 -0.23241392
 0.10000000  1.55000000 -0.16455825
 0.10000000  1.60000000 -0.04692499
 0.10000000  1.65000000  0.11988070
 0.10000000  1.70000000  0.34938629
 0.10000000  1.75000000  0.63585662
 0.10000000  1.80000000  0.97793031
 0.10000000  1.85000000  1.35053334
 0.10000000  1.90000000  1.71349416
 0.10000000  1.95000000  2.03604356
 0.10000000  2.00000000  2.27080505
 0.10000000  2.05000000  2.39592663
 0.10000000  2.10000000  2.37729209
 0.10000000  2.15000000  2.22996520
 0.10000000  2.20000000  1.96285527
 0.15000000 -0.25000000 -0.45767279
 0.15000000 -0.20000000 -0.38936511
 0.15000000 -0.15000000 -0.34319987
 0.15000000 -0.10000000 -0.32509738
 0.15000000 -0.05000000 -0.38740217
 0.15000000  0.00000000 -0.50004576
 0.15000000  0.05000000 -0.68333823
 0.15000000  0.10000000 -0.90701399
 0.15000000  0.15000000 -1.14189413
 0.15000000  0.20000000 -1.32264416
 0.15000000  0.25000000 -1.44350231
 0.15000000  0.30000000 -1.47445459
 0.15000000  0.35000000 -1.42378286
 0.15000000  0.40000000 -1.32279659
 0.15000000  0.45000000 -1.19450414
 0.15000000  0.50000000 -1.06927772
 0.15000000  0.55000000 -1.00032729
 0.15000000  0.60000000 -0.97527751
 0.15000000  0.65000000 -1.02052332
 0.15000000  0.70000000 -1.13057342
 0.15000000  0.75000000 -1.29331988
 0.15000000  0.80000000 -1.49546306
 0.15000000  0.85000000 -1.69427974
 0.15000000  0.90000000 -1.83196534
 0.15000000  0.95000000 -1.89113145
 0.15000000  1.00000000 -1.82858725
 0.15000000  1.05000000 -1.66404503
 0.15000000  1.10000000 -1.41205813
 0.15000000  1.15000000 -1.13939828
 0.15000000  1.20000000 -0.87755818
 0.15000000  1.25000000 -0.67252956
 0.15000000  1.30000000 -0.52387700
 0.15000000  1.35000000 -0.44305956
 0.15000000  1.40000000 -0.39951385
 0.15000000  1.45000000 -0.36358044
 0.15000000  1.50000000 -0.31481619
 0.15000000  1.55000000 -0.24546868
 0.15000000  1.60000000 -0.13012440
 0.15000000  1.65000000  0.02968078
 0.15000000  1.70000000  0.25967495
 0.15000000  1.75000000  0.53869876
 0.15000000  1.80000000  0.87806219
 0.15000000  1.85000000  1.26483328
 0.15000000  1.90000000  1.65285407
 0.15000000  1.95000000  1.99876352
 0.15000000  2.00000000  2.28063572
 0.15000000  2.05000000  2.45082863
 0.15000000  2.10000000  2.49065685
 0.15000000  2.15000000  2.39497918
 0.15000000  2.20000000  2.17588424
 0.20000000 -0.25000000 -0.56022020
 0.20000000 -0.20000000 -0.49673406
 0.20000000 -0.15000000 -0.45107678
 0.20000000 -0.10000000 -0.44752419
 0.20000000 -0.05000000 -0.50570603
 0.20000000  0.00000000 -0.61102364
 0.20000000  0.05000000 -0.77750736
 0.20000000  0.10000000 -0.96903143
 0.20000000  0.15000000 -1.15224827
 0.20000000  0.20000000 -1.30279017
 0.20000000  0.25000000 -1.37380914
 0.20000000  0.30000000 -1.35965188
 0.20000000  0.35000000 -1.27550674
 0.20000000  0.40000000 -1.14166026
 0.20000000  0.45000000 -0.99676635
 0.20000000  0.50000000 -0.87155393
 0.20000000  0.55000000 -0.79803020
 0.20000000  0.60000000 -0.79238709
 0.20000000  0.65000000 -0.86083582
 0.20000000  0.70000000 -1.00367196
 0.20000000  0.75000000 -1.21059661
 0.20000000  0.80000000 -1.44150224
 0.20000000  0.85000000 -1.66592696
 0.20000000  0.90000000 -1.83204634
 0.20000000  0.95000000 -1.90821362
 0.20000000  1.00000000 -1.86108499
 0.20000000  1.05000000 -1.70891836
 0.20000000  1.10000000 -1.47691373
 0.20000000  1.15000000 -1.20757836
 0.20000000  1.20000000 -0.96221723
 0.20000000  1.25000000 -0.74738702
 0.20000000  1.30000000 -0.59839437
 0.20000000  1.35000000 -0.50083352
 0.20000000  1.40000000 -0.44563714
 0.20000000  1.45000000 -0.38715695
 0.20000000  1.50000000 -0.34228880
 0.20000000  1.55000000 -0.26841867
 0.20000000  1.60000000 -0.16997325
 0.20000000  1.65000000 -0.03352609
 0.20000000  1.70000000  0.16613499
 0.20000000  1.75000000  0.43202771
 0.20000000  1.80000000  0.75192404
 0.20000000  1.85000000  1.12365314
 0.20000000  1.90000000  1.51627211
 0.20000000  1.95000000  1.87585771
 0.20000000  2.00000000  2.18337810
 0.20000000  2.05000000  2.38070004
 0.20000000  2.10000000  2.46881621
 0.20000000  2.15000000  2.41679256
 0.20000000  2.20000000  2.22205713
 0.25000000 -0.25000000 -0.59754857
 0.25000000 -0.20000000 -0.53177622
 0.25000000 -0.15000000 -0.49995627
 0.25000000 -0.10000000 -0.51535270
 0.25000000 -0.05000000 -0.56281287
 0.25000000  0.00000000 -0.65639473
 0.25000000  0.05000000 -0.78823272
 0.25000000  0.10000000 -0.93724089
 0.25000000  0.15000000 -1.06851754
 0.25000000  0.20000000 -1.15244368
 0.25000000  0.25000000 -1.17666786
 0.25000000  0.30000000 -1.11999874
 0.25000000  0.35000000 -1.00903604
 0.25000000  0.40000000 -0.84969789
 0.25000000  0.45000000 -0.70515369
 0.25000000  0.50000000 -0.58676390
 0.25000000  0.55000000 -0.53301589
 0.25000000  0.60000000 -0.54033786
 0.25000000  0.65000000 -0.63709264
 0.25000000  0.70000000 -0.80928240
 0.25000000  0.75000000 -1.04132915
 0.25000000  0.80000000 -1.29576291
 0.25000000  0.85000000 -1.55367068
 0.25000000  0.90000000 -1.74276613
 0.25000000  0.95000000 -1.85344828
 0.25000000  1.00000000 -1.83315416
 0.25000000  1.05000000 -1.69398586
 0.25000000  1.10000000 -1.48201392
 0.25000000  1.15000000 -1.22114871
 0.25000000  1.20000000 -0.97271075
 0.25000000  1.25000000 -0.75240461
 0.25000000  1.30000000 -0.58184373
 0.25000000  1.35000000 -0.46760752
 0.25000000  1.40000000 -0.38692289
 0.25000000  1.45000000 -0.33597038
 0.25000000  1.50000000 -0.28301616
 0.25000000  1.55000000 -0.23324288
 0.25000000  1.60000000 -0.15901897
 0.25000000  1.65000000 -0.04257664
 0.25000000  1.70000000  0.11114189
 0.25000000  1.75000000  0.32659426
 0.25000000  1.80000000  0.61636457
 0.25000000  1.85000000  0.95065743
 0.25000000  1.90000000  1.32616453
 0.25000000  1.95000000  1.67910244
 0.25000000  2.00000000  1.98006125
 0.25000000  2.05000000  2.20755094
 0.25000000  2.10000000  2.32605358
 0.25000000  2.15000000  2.30287614
 0.25000000  2.20000000  2.14115096
 0.30000000 -0.25000000 -0.56332522
 0.30000000 -0.20000000 -0.49925092
 0.30000000 -0.15000000 -0.48551496
 0.30000000 -0.10000000 -0.49179090
 0.30000000 -0.05000000 -0.54929388
 0.30000000  0.00000000 -0.63051629
 0.30000000  0.05000000 -0.73212504
 0.30000000  0.10000000 -0.84522436
 0.30000000  0.15000000 -0.91304084
 0.30000000  0.20000000 -0.94190402
 0.30000000  0.25000000 -0.90909412
 0.30000000  0.30000000 -0.81359033
 0.30000000  0.35000000 -0.67524580
 0.30000000  0.40000000 -0.52590754
 0.30000000  0.45000000 -0.38506403
 0.30000000  0.50000000 -0.28476769
 0.30000000  0.55000000 -0.24900407
 0.30000000  0.60000000 -0.28741913
 0.30000000  0.65000000 -0.39272423
 0.30000000  0.70000000 -0.56439438
 0.30000000  0.75000000 -0.81035475
 0.30000000  0.80000000 -1.07637646
 0.30000000  0.85000000 -1.34807510
 0.30000000  0.90000000 -1.57483599
 0.30000000  0.95000000 -1.69429827
 0.30000000  1.00000000 -1.70353295
 0.30000000  1.05000000 -1.59550814
 0.30000000  1.10000000 -1.39439043
 0.30000000  1.15000000 -1.13726155
 0.30000000  1.20000000 -0.88198073
 0.30000000  1.25000000 -0.64954302
 0.30000000  1.30000000 -0.46122223
 0.30000000  1.35000000 -0.33045871
 0.30000000  1.40000000 -0.23687347
 0.30000000  1.45000000 -0.18206206
 0.30000000  1.50000000 -0.14447350
 0.30000000  1.55000000 -0.11137489
 0.30000000  1.60000000 -0.07504225
 0.30000000  1.65000000 -0.02213310
 0.30000000  1.70000000  0.08262278
 0.30000000  1.75000000  0.24179318
 0.30000000  1.80000000  0.47107690
 0.30000000  1.85000000  0.76042311
 0.30000000  1.90000000  1.08506246
 0.30000000  1.95000000  1.41625616
 0.30000000  2.00000000  1.70748633
 0.30000000  2.05000000  1.94070561
 0.30000000  2.10000000  2.07647022
 0.30000000  2.15000000  2.09413455
 0.30000000  2.20000000  1.97381547
 0.35000000 -0.25000000 -0.44724079
 0.35000000 -0.20000000 -0.38631492
 0.35000000 -0.15000000 -0.36766315
 0.35000000 -0.10000000 -0.39609927
 0.35000000 -0.05000000 -0.46029864
 0.35000000  0.00000000 -0.54151020
 0.35000000  0.05000000 -0.63433510
 0.35000000  0.10000000 -0.70428942
 0.35000000  0.15000000 -0.73923297
 0.35000000  0.20000000 -0.71878266
 0.35000000  0.25000000 -0.63605997
 0.35000000  0.30000000 -0.52496252
 0.35000000  0.35000000 -0.37756805
 0.35000000  0.40000000 -0.24568231
 0.35000000  0.45000000 -0.13179586
 0.35000000  0.50000000 -0.05832545
 0.35000000  0.55000000 -0.03546869
 0.35000000  0.60000000 -0.07401332
 0.35000000  0.65000000 -0.17292937
 0.35000000  0.70000000 -0.32872678
 0.35000000  0.75000000 -0.55076313
 0.35000000  0.80000000 -0.81137688
 0.35000000  0.85000000 -1.08030856
 0.35000000  0.90000000 -1.29362906
 0.35000000  0.95000000 -1.44147458
 0.35000000  1.00000000 -1.46482236
 0.35000000  1.05000000 -1.36643701
 0.35000000  1.10000000 -1.18198053
 0.35000000  1.15000000 -0.93726902
 0.35000000  1.20000000 -0.67145310
 0.35000000  1.25000000 -0.42707576
 0.35000000  1.30000000 -0.24639622
 0.35000000  1.35000000 -0.11305590
 0.35000000  1.40000000 -0.01809367
 0.35000000  1.45000000  0.02850866
 0.35000000  1.50000000  0.04309238
 0.35000000  1.55000000  0.03690069
 0.35000000  1.60000000  0.03323320
 0.35000000  1.65000000  0.03090763
 0.35000000  1.70000000  0.06773643
 0.35000000  1.75000000  0.15624547
 0.35000000  1.80000000  0.32541194
 0.35000000  1.85000000  0.54494035
 0.35000000  1.90000000  0.81295246
 0.35000000  1.95000000  1.10062206
 0.35000000  2.00000000  1.37119388
 0.35000000  2.05000000  1.59969591
 0.35000000  2.10000000  1.75815374
 0.35000000  2.15000000  1.81001124
 0.35000000  2.20000000  1.72620046
 0.40000000 -0.25000000 -0.25009799
 0.40000000 -0.20000000 -0.19653622
 0.40000000 -0.15000000 -0.18570091
 0.40000000 -0.10000000 -0.21925653
 0.40000000 -0.05000000 -0.30735151
 0.40000000  0.00000000 -0.40185898
 0.40000000  0.05000000 -0.49558326
 0.40000000  0.10000000 -0.55965096
 0.40000000  0.15000000 -0.56688571
 0.40000000  0.20000000 -0.52021193
 0.40000000  0.25000000 -0.44059661
 0.40000000  0.30000000 -0.31373040
 0.40000000  0.35000000 -0.19336485
 0.40000000  0.40000000 -0.08763085
 0.40000000  0.45000000 -0.00544446
 0.40000000  0.50000000  0.03672640
 0.40000000  0.55000000  0.05170827
 0.40000000  0.60000000  0.02559833
 0.40000000  0.65000000 -0.04352523
 0.40000000  0.70000000 -0.16040143
 0.40000000  0.75000000 -0.33555784
 0.40000000  0.80000000 -0.54710897
 0.40000000  0.85000000 -0.77558100
 0.40000000  0.90000000 -0.97566722
 0.40000000  0.95000000 -1.11270938
 0.40000000  1.00000000 -1.13455875
 0.40000000  1.05000000 -1.04589766
 0.40000000  1.10000000 -0.86126857
 0.40000000  1.15000000 -0.62595941
 0.40000000  1.20000000 -0.37103320
 0.40000000  1.25000000 -0.14959174
 0.40000000  1.30000000  0.02831837
 0.40000000  1.35000000  0.15613529
 0.40000000  1.40000000  0.22814875
 0.40000000  1.45000000  0.25155550
 0.40000000  1.50000000  0.23465788
 0.40000000  1.55000000  0.19692775
 0.40000000  1.60000000  0.14343112
 0.40000000  1.65000000  0.09192942
 0.40000000  1.70000000  0.06737775
 0.40000000  1.75000000  0.08931287
 0.40000000  1.80000000  0.17325776
 0.40000000  1.85000000  0.33077599
 0.40000000  1.90000000  0.52037222
 0.40000000  1.95000000  0.76179169
 0.40000000  2.00000000  0.99696196
 0.40000000  2.05000000  1.20932283
 0.40000000  2.10000000  1.38884787
 0.40000000  2.15000000  1.46914573
 0.40000000  2.20000000  1.45054396
 0.45000000 -0.25000000 -0.01051543
 0.45000000 -0.20000000  0.05183115
 0.45000000 -0.15000000  0.06204997
 0.45000000 -0.10000000  0.00171340
 0.45000000 -0.05000000 -0.10804980
 0.45000000  0.00000000 -0.22311363
 0.45000000  0.05000000 -0.34499302
 0.45000000  0.10000000 -0.41816262
 0.45000000  0.15000000 -0.43402932
 0.45000000  0.20000000 -0.39949459
 0.45000000  0.25000000 -0.32573742
 0.45000000  0.30000000 -0.23504068
 0.45000000  0.35000000 -0.14908148
 0.45000000  0.40000000 -0.08133224
 0.45000000  0.45000000 -0.04528544
 0.45000000  0.50000000 -0.02721566
 0.45000000  0.55000000 -0.02187045
 0.45000000  0.60000000 -0.02114713
 0.45000000  0.65000000 -0.03690233
 0.45000000  0.70000000 -0.09759337
 0.45000000  0.75000000 -0.19264450
 0.45000000  0.80000000 -0.33925580
 0.45000000  0.85000000 -0.50500090
 0.45000000  0.90000000 -0.65762401
 0.45000000  0.95000000 -0.74589740
 0.45000000  1.00000000 -0.75356859
 0.45000000  1.05000000 -0.65562247
 0.45000000  1.10000000 -0.48140826
 0.45000000  1.15000000 -0.26313635
 0.45000000  1.20000000 -0.02659521
 0.45000000  1.25000000  0.17028105
 0.45000000  1.30000000  0.31823906
 0.45000000  1.35000000  0.40718075
 0.45000000  1.40000000  0.45021043
 0.45000000  1.45000000  0.44779158
 0.45000000  1.50000000  0.40487162
 0.45000000  1.55000000  0.33170698
 0.45000000  1.60000000  0.23924910
 0.45000000  1.65000000  0.14819366
 0.45000000  1.70000000  0.06784808
 0.45000000  1.75000000  0.02923142
 0.45000000  1.80000000  0.03888628
 0.45000000  1.85000000  0.12282010
 0.45000000  1.90000000  0.23676711
 0.45000000  1.95000000  0.41151797
 0.45000000  2.00000000  0.61217793
 0.45000000  2.05000000  0.81041515
 0.45000000  2.10000000  0.98620366
 0.45000000  2.15000000  1.11425640
 0.45000000  2.20000000  1.13799441
 0.50000000 -0.25000000  0.23549783
 0.50000000 -0.20000000  0.31612886
 0.50000000 -0.15000000  0.32131880
 0.50000000 -0.10000000  0.25367132
 0.50000000 -0.05000000  0.12773721
 0.50000000  0.00000000 -0.03695434
 0.50000000  0.05000000 -0.18346427
 0.50000000  0.10000000 -0.29636703
 0.50000000  0.15000000 -0.34980593
 0.50000000  0.20000000 -0.34946829
 0.50000000  0.25000000 -0.32287133
 0.50000000  0.30000000 -0.27450273
 0.50000000  0.35000000 -0.24437718
 0.50000000  0.40000000 -0.23556316
 0.50000000  0.45000000 -0.23419518
 0.50000000  0.50000000 -0.23011595
 0.50000000  0.55000000 -0.22131498
 0.50000000  0.60000000 -0.19681750
 0.50000000  0.65000000 -0.16556700
 0.50000000  0.70000000 -0.15722720
 0.50000000  0.75000000 -0.16966514
 0.50000000  0.80000000 -0.23012888
 0.50000000  0.85000000 -0.30022827
 0.50000000  0.90000000 -0.37117650
 0.50000000  0.95000000 -0.40414608
 0.50000000  1.00000000 -0.36916692
 0.50000000  1.05000000 -0.25770458
 0.50000000  1.10000000 -0.09215372
 0.50000000  1.15000000  0.10701666
 0.50000000  1.20000000  0.29213075
 0.50000000  1.25000000  0.45295204
 0.50000000  1.30000000  0.56040087
 0.50000000  1.35000000  0.60994451
 0.50000000  1.40000000  0.61915785
 0.50000000  1.45000000  0.59023786
 0.50000000  1.50000000  0.53065972
 0.50000000  1.55000000  0.43270946
 0.50000000  1.60000000  0.31860844
 0.50000000  1.65000000  0.18662807
 0.50000000  1.70000000  0.07014739
 0.50000000  1.75000000 -0.02392399
 0.50000000  1.80000000 -0.07176594
 0.50000000  1.85000000 -0.06662367
 0.50000000  1.90000000 -0.01217300
 0.50000000  1.95000000  0.09360495
 0.50000000  2.00000000  0.24408162
 0.50000000  2.05000000  0.41951553
 0.50000000  2.10000000  0.59791622
 0.50000000  2.15000000  0.75111507
 0.50000000  2.20000000  0.82066091
 0.55000000 -0.25000000  0.43210770
 0.55000000 -0.20000000  0.52776879
 0.55000000 -0.15000000  0.54887228
 0.55000000 -0.10000000  0.47758839
 0.55000000 -0.05000000  0.33568302
 0.55000000  0.00000000  0.15131861
 0.55000000  0.05000000 -0.04307952
 0.55000000  0.10000000 -0.20832416
 0.55000000  0.15000000 -0.31085196
 0.55000000  0.20000000 -0.35866836
 0.55000000  0.25000000 -0.39284344
 0.55000000  0.30000000 -0.40294449
 0.55000000  0.35000000 -0.42680667
 0.55000000  0.40000000 -0.46512574
 0.55000000  0.45000000 -0.50537311
 0.55000000  0.50000000 -0.51899119
 0.55000000  0.55000000 -0.50802440
 0.55000000  0.60000000 -0.46135303
 0.55000000  0.65000000 -0.38718720
 0.55000000  0.70000000 -0.31001579
 0.55000000  0.75000000 -0.24812176
 0.55000000  0.80000000 -0.21130158
 0.55000000  0.85000000 -0.19018049
 0.55000000  0.90000000 -0.17210539
 0.55000000  0.95000000 -0.13081104
 0.55000000  1.00000000 -0.04787668
 0.55000000  1.05000000  0.08660306
 0.55000000  1.10000000  0.23888489
 0.55000000  1.15000000  0.41056317
 0.55000000  1.20000000  0.55500366
 0.55000000  1.25000000  0.66554946
 0.55000000  1.30000000  0.72612582
 0.55000000  1.35000000  0.74290393
 0.55000000  1.40000000  0.72051520
 0.55000000  1.45000000  0.68087636
 0.55000000  1.50000000  0.59962962
 0.55000000  1.55000000  0.50000559
 0.55000000  1.60000000  0.37922250
 0.55000000  1.65000000  0.22944827
 0.55000000  1.70000000  0.08291586
 0.55000000  1.75000000 -0.04239563
 0.55000000  1.80000000 -0.13938065
 0.55000000  1.85000000 -0.19530644
 0.55000000  1.90000000 -0.20229185
 0.55000000  1.95000000 -0.15593117
 0.55000000  2.00000000 -0.06119121
 0.55000000  2.05000000  0.08164687
 0.55000000  2.10000000  0.23907996
 0.55000000  2.15000000  0.40433968
 0.55000000  2.20000000  0.50882446
 0.60000000 -0.25000000  0.56406050
 0.60000000 -0.20000000  0.66939067
 0.60000000 -0.15000000  0.70843877
 0.60000000 -0.10000000  0.64441054
 0.60000000 -0.05000000  0.49255614
 0.60000000  0.00000000  0.28927912
 0.60000000  0.05000000  0.06133087
 0.60000000  0.10000000 -0.14052681
 0.60000000  0.15000000 -0.29466282
 0.60000000  0.20000000 -0.40725415
 0.60000000  0.25000000 -0.49123975
 0.60000000  0.30000000 -0.56794866
 0.60000000  0.35000000 -0.64360158
 0.60000000  0.40000000 -0.71842789
 0.60000000  0.45000000 -0.78496441
 0.60000000  0.50000000 -0.82124704
 0.60000000  0.55000000 -0.80405569
 0.60000000  0.60000000 -0.75501711
 0.60000000  0.65000000 -0.64911505
 0.60000000  0.70000000 -0.52520835
 0.60000000  0.75000000 -0.40445671
 0.60000000  0.80000000 -0.27792794
 0.60000000  0.85000000 -0.16708255
 0.60000000  0.90000000 -0.06140025
 0.60000000  0.95000000  0.06041073
 0.60000000  1.00000000  0.18954361
 0.60000000  1.05000000  0.33092960
 0.60000000  1.10000000  0.48035672
 0.60000000  1.15000000  0.61437827
 0.60000000  1.20000000  0.72070395
 0.60000000  1.25000000  0.77879981
 0.60000000  1.30000000  0.80655695
 0.60000000  1.35000000  0.78986807
 0.60000000  1.40000000  0.75308975
 0.60000000  1.45000000  0.69764954
 0.60000000  1.50000000  0.62005300
 0.60000000  1.55000000  0.52387994
 0.60000000  1.60000000  0.40674721
 0.60000000  1.65000000  0.27314163
 0.60000000  1.70000000  0.11522965
 0.60000000  1.75000000 -0.02910466
 0.60000000  1.80000000 -0.15860866
 0.60000000  1.85000000 -0.25821746
 0.60000000  1.90000000 -0.31965913
 0.60000000  1.95000000 -0.32521229
 0.60000000  2.00000000 -0.28290574
 0.60000000  2.05000000 -0.18983921
 0.60000000  2.10000000 -0.04628114
 0.60000000  2.15000000  0.10812554
 0.60000000  2.20000000  0.21623991
 0.65000000 -0.25000000  0.59636699
 0.65000000 -0.20000000  0.70694235
 0.65000000 -0.15000000  0.75697457
 0.65000000 -0.10000000  0.71564666
 0.65000000 -0.05000000  0.57392866
 0.65000000  0.00000000  0.36848617
 0.65000000  0.05000000  0.12657730
 0.65000000  0.10000000 -0.10351053
 0.65000000  0.15000000 -0.30742722
 0.65000000  0.20000000 -0.45890599
 0.65000000  0.25000000 -0.59756689
 0.65000000  0.30000000 -0.70566119
 0.65000000  0.35000000 -0.82403547
 0.65000000  0.40000000 -0.93207272
 0.65000000  0.45000000 -1.02093037
 0.65000000  0.50000000 -1.06781622
 0.65000000  0.55000000 -1.06225138
 0.65000000  0.60000000 -1.00591654
 0.65000000  0.65000000 -0.89791901
 0.65000000  0.70000000 -0.75088761
 0.65000000  0.75000000 -0.57485354
 0.65000000  0.80000000 -0.38605743
 0.65000000  0.85000000 -0.19109682
 0.65000000  0.90000000 -0.00192073
 0.65000000  0.95000000  0.17409525
 0.65000000  1.00000000  0.34183598
 0.65000000  1.05000000  0.49377446
 0.65000000  1.10000000  0.62492107
 0.65000000  1.15000000  0.72637769
 0.65000000  1.20000000  0.78404108
 0.65000000  1.25000000  0.80685120
 0.65000000  1.30000000  0.79714124
 0.65000000  1.35000000  0.77233644
 0.65000000  1.40000000  0.71691584
 0.65000000  1.45000000  0.66480037
 0.65000000  1.50000000  0.58911759
 0.65000000  1.55000000  0.51098769
 0.65000000  1.60000000  0.40083688
 0.65000000  1.65000000  0.29175485
 0.65000000  1.70000000  0.14813711
 0.65000000  1.75000000  0.00509347
 0.65000000  1.80000000 -0.13396815
 0.65000000  1.85000000 -0.25720166
 0.65000000  1.90000000 -0.34469159
 0.65000000  1.95000000 -0.40426509
 0.65000000  2.00000000 -0.41018860
 0.65000000  2.05000000 -0.36897250
 0.65000000  2.10000000 -0.26126453
 0.65000000  2.15000000 -0.14324251
 0.65000000  2.20000000 -0.03963317
 0.70000000 -0.25000000  0.52806574
 0.70000000 -0.20000000  0.63531074
 0.70000000 -0.15000000  0.69807760
 0.70000000 -0.10000000  0.66842811
 0.70000000 -0.05000000  0.55712693
 0.70000000  0.00000000  0.36317403
 0.70000000  0.05000000  0.12948919
 0.70000000  0.10000000 -0.10350527
 0.70000000  0.15000000 -0.31742436
 0.70000000  0.20000000 -0.50158601
 0.70000000  0.25000000 -0.65462591
 0.70000000  0.30000000 -0.79337274
 0.70000000  0.35000000 -0.92794901
 0.70000000  0.40000000 -1.05204415
 0.70000000  0.45000000 -1.15697314
 0.70000000  0.50000000 -1.21874225
 0.70000000  0.55000000 -1.22723103
 0.70000000  0.60000000 -1.18602127
 0.70000000  0.65000000 -1.08560705
 0.70000000  0.70000000 -0.93572958
 0.70000000  0.75000000 -0.71861262
 0.70000000  0.80000000 -0.48311836
 0.70000000  0.85000000 -0.22435111
 0.70000000  0.90000000  0.02026647
 0.70000000  0.95000000  0.24944499
 0.70000000  1.00000000  0.43816674
 0.70000000  1.05000000  0.58825413
 0.70000000  1.10000000  0.68415699
 0.70000000  1.15000000  0.75427354
 0.70000000  1.20000000  0.77322330
 0.70000000  1.25000000  0.77049998
 0.70000000  1.30000000  0.73736093
 0.70000000  1.35000000  0.69080798
 0.70000000  1.40000000  0.63734440
 0.70000000  1.45000000  0.58000061
 0.70000000  1.50000000  0.51418025
 0.70000000  1.55000000  0.45070556
 0.70000000  1.60000000  0.36515737
 0.70000000  1.65000000  0.27120721
 0.70000000  1.70000000  0.16659169
 0.70000000  1.75000000  0.04118579
 0.70000000  1.80000000 -0.07733560
 0.70000000  1.85000000 -0.20450993
 0.70000000  1.90000000 -0.31535438
 0.70000000  1.95000000 -0.39568314
 0.70000000  2.00000000 -0.44483688
 0.70000000  2.05000000 -0.45850720
 0.70000000  2.10000000 -0.40947474
 0.70000000  2.15000000 -0.33154485
 0.70000000  2.20000000 -0.24494923
 0.75000000 -0.25000000  0.36916915
 0.75000000 -0.20000000  0.46309191
 0.75000000 -0.15000000  0.53217891
 0.75000000 -0.10000000  0.53324504
 0.75000000 -0.05000000  0.44113819
 0.75000000  0.00000000  0.28173970
 0.75000000  0.05000000  0.07616912
 0.75000000  0.10000000 -0.13954081
 0.75000000  0.15000000 -0.33683675
 0.75000000  0.20000000 -0.51562584
 0.75000000  0.25000000 -0.67020833
 0.75000000  0.30000000 -0.82030552
 0.75000000  0.35000000 -0.95812275
 0.75000000  0.40000000 -1.07806436
 0.75000000  0.45000000 -1.19253122
 0.75000000  0.50000000 -1.26738863
 0.75000000  0.55000000 -1.29930765
 0.75000000  0.60000000 -1.28365413
 0.75000000  0.65000000 -1.20016666
 0.75000000  0.70000000 -1.05303101
 0.75000000  0.75000000 -0.82510991
 0.75000000  0.80000000 -0.54792983
 0.75000000  0.85000000 -0.25078087
 0.75000000  0.90000000  0.04600218
 0.75000000  0.95000000  0.30569150
 0.75000000  1.00000000  0.49306102
 0.75000000  1.05000000  0.63402974
 0.75000000  1.10000000  0.69889861
 0.75000000  1.15000000  0.73663107
 0.75000000  1.20000000  0.73376552
 0.75000000  1.25000000  0.70387942
 0.75000000  1.30000000  0.65772073
 0.75000000  1.35000000  0.58982484
 0.75000000  1.40000000  0.52074930
 0.75000000  1.45000000  0.45422548
 0.75000000  1.50000000  0.38717372
 0.75000000  1.55000000  0.32989175
 0.75000000  1.60000000  0.27123796
 0.75000000  1.65000000  0.21650511
 0.75000000  1.70000000  0.15089263
 0.75000000  1.75000000  0.07205507
 0.75000000  1.80000000 -0.02084727
 0.75000000  1.85000000 -0.12364038
 0.75000000  1.90000000 -0.23406191
 0.75000000  1.95000000 -0.34175659
 0.75000000  2.00000000 -0.41745566
 0.75000000  2.05000000 -0.47646245
 0.75000000  2.10000000 -0.49619559
 0.75000000  2.15000000 -0.47254676
 0.75000000  2.20000000 -0.41916284
 0.80000000 -0.25000000  0.13854606
 0.80000000 -0.20000000  0.22023088
 0.80000000 -0.15000000  0.28461307
 0.80000000 -0.10000000  0.28969523
 0.80000000 -0.05000000  0.23855395
 0.80000000  0.00000000  0.12331274
 0.80000000  0.05000000 -0.03635407
 0.80000000  0.10000000 -0.20458684
 0.80000000  0.15000000 -0.37593658
 0.80000000  0.20000000 -0.51648355
 0.80000000  0.25000000 -0.65096598
 0.80000000  0.30000000 -0.76833911
 0.80000000  0.35000000 -0.89831743
 0.80000000  0.40000000 -1.01647532
 0.80000000  0.45000000 -1.13827722
 0.80000000  0.50000000 -1.23082258
 0.80000000  0.55000000 -1.29326607
 0.80000000  0.60000000 -1.29696855
 0.80000000  0.65000000 -1.23474738
 0.80000000  0.70000000 -1.10240422
 0.80000000  0.75000000 -0.87479210
 0.80000000  0.80000000 -0.57508561
 0.80000000  0.85000000 -0.25719337
 0.80000000  0.90000000  0.06467438
 0.80000000  0.95000000  0.33696635
 0.80000000  1.00000000  0.53062437
 0.80000000  1.05000000  0.64759191
 0.80000000  1.10000000  0.71018978
 0.80000000  1.15000000  0.72216447
 0.80000000  1.20000000  0.69507886
 0.80000000  1.25000000  0.65032256
 0.80000000  1.30000000  0.57887889
 0.80000000  1.35000000  0.50940050
 0.80000000  1.40000000  0.40690844
 0.80000000  1.45000000  0.31728832
 0.80000000  1.50000000  0.23557452
 0.80000000  1.55000000  0.17777034
 0.80000000  1.60000000  0.13868542
 0.80000000  1.65000000  0.11920442
 0.80000000  1.70000000  0.10838970
 0.80000000  1.75000000  0.08120919
 0.80000000  1.80000000  0.04311638
 0.80000000  1.85000000 -0.02536411
 0.80000000  1.90000000 -0.11952622
 0.80000000  1.95000000 -0.23309246
 0.80000000  2.00000000 -0.35132462
 0.80000000  2.05000000 -0.45812719
 0.80000000  2.10000000 -0.52185385
 0.80000000  2.15000000 -0.55949358
 0.80000000  2.20000000 -0.55470424
 0.85000000 -0.25000000 -0.11835433
 0.85000000 -0.20000000 -0.06190534
 0.85000000 -0.15000000 -0.00584205
 0.85000000 -0.10000000  0.02147579
 0.85000000 -0.05000000 -0.00889617
 0.85000000  0.00000000 -0.08993891
 0.85000000  0.05000000 -0.19475975
 0.85000000  0.10000000 -0.30450865
 0.85000000  0.15000000 -0.41503431
 0.85000000  0.20000000 -0.51109551
 0.85000000  0.25000000 -0.60169847
 0.85000000  0.30000000 -0.69116306
 0.85000000  0.35000000 -0.79692841
 0.85000000  0.40000000 -0.91312041
 0.85000000  0.45000000 -1.03404722
 0.85000000  0.50000000 -1.14184441
 0.85000000  0.55000000 -1.21908161
 0.85000000  0.60000000 -1.26021810
 0.85000000  0.65000000 -1.22578978
 0.85000000  0.70000000 -1.11451554
 0.85000000  0.75000000 -0.89274841
 0.85000000  0.80000000 -0.59791963
 0.85000000  0.85000000 -0.26068206
 0.85000000  0.90000000  0.06720368
 0.85000000  0.95000000  0.34321916
 0.85000000  1.00000000  0.54382613
 0.85000000  1.05000000  0.66609833
 0.85000000  1.10000000  0.72289168
 0.85000000  1.15000000  0.72886056
 0.85000000  1.20000000  0.69912080
 0.85000000  1.25000000  0.64210603
 0.85000000  1.30000000  0.55502009
 0.85000000  1.35000000  0.44179446
 0.85000000  1.40000000  0.30984723
 0.85000000  1.45000000  0.17583069
 0.85000000  1.50000000  0.06367358
 0.85000000  1.55000000  0.00661640
 0.85000000  1.60000000 -0.01593168
 0.85000000  1.65000000 -0.00105291
 0.85000000  1.70000000  0.04461660
 0.85000000  1.75000000  0.08535174
 0.85000000  1.80000000  0.09662743
 0.85000000  1.85000000  0.06941278
 0.85000000  1.90000000  0.00446660
 0.85000000  1.95000000 -0.11012507
 0.85000000  2.00000000 -0.25158296
 0.85000000  2.05000000 -0.39796228
 0.85000000  2.10000000 -0.52531351
 0.85000000  2.15000000 -0.60648100
 0.85000000  2.20000000 -0.64068760
 0.90000000 -0.25000000 -0.37606637
 0.90000000 -0.20000000 -0.33920227
 0.90000000 -0.15000000 -0.29124452
 0.90000000 -0.10000000 -0.27253594
 0.90000000 -0.05000000 -0.27310713
 0.90000000  0.00000000 -0.30954271
 0.90000000  0.05000000 -0.36750944
 0.90000000  0.10000000 -0.42439296
 0.90000000  0.15000000 -0.47082441
 0.90000000  0.20000000 -0.51350600
 0.90000000  0.25000000 -0.55966973
 0.90000000  0.30000000 -0.61694907
 0.90000000  0.35000000 -0.68930963
 0.90000000  0.40000000 -0.78787014
 0.90000000  0.45000000 -0.90854814
 0.90000000  0.50000000 -1.02986586
 0.90000000  0.55000000 -1.13468531
 0.90000000  0.60000000 -1.20227521
 0.90000000  0.65000000 -1.19778994
 0.90000000  0.70000000 -1.10557312
 0.90000000  0.75000000 -0.91044174
 0.90000000  0.80000000 -0.62569622
 0.90000000  0.85000000 -0.29628849
 0.90000000  0.90000000  0.03947925
 0.90000000  0.95000000  0.32535781
 0.90000000  1.00000000  0.54337831
 0.90000000  1.05000000  0.68209290
 0.90000000  1.10000000  0.75510186
 0.90000000  1.15000000  0.78283900
 0.90000000  1.20000000  0.75876055
 0.90000000  1.25000000  0.70176264
 0.90000000  1.30000000  0.59584932
 0.90000000  1.35000000  0.43597642
 0.90000000  1.40000000  0.25331748
 0.90000000  1.45000000  0.07281954
 0.90000000  1.50000000 -0.07084483
 0.90000000  1.55000000 -0.15320269
 0.90000000  1.60000000 -0.16002969
 0.90000000  1.65000000 -0.11118241
 0.90000000  1.70000000 -0.01583912
 0.90000000  1.75000000  0.07935447
 0.90000000  1.80000000  0.14017877
 0.90000000  1.85000000  0.16287480
 0.90000000  1.90000000  0.11760584
 0.90000000  1.95000000  0.00414005
 0.90000000  2.00000000 -0.14354355
 0.90000000  2.05000000 -0.31446094
 0.90000000  2.10000000 -0.48654124
 0.90000000  2.15000000 -0.61134869
 0.90000000  2.20000000 -0.67416791
 0.95000000 -0.25000000 -0.60694836
 0.95000000 -0.20000000 -0.58104618
 0.95000000 -0.15000000 -0.55315743
 0.95000000 -0.10000000 -0.52219764
 0.95000000 -0.05000000 -0.51256510
 0.95000000  0.00000000 -0.52843157
 0.95000000  0.05000000 -0.53786863
 0.95000000  0.10000000 -0.55015684
 0.95000000  0.15000000 -0.54658504
 0.95000000  0.20000000 -0.53952634
 0.95000000  0.25000000 -0.54646219
 0.95000000  0.30000000 -0.56624442
 0.95000000  0.35000000 -0.61212664
 0.95000000  0.40000000 -0.69997444
 0.95000000  0.45000000 -0.81053075
 0.95000000  0.50000000 -0.93317811
 0.95000000  0.55000000 -1.06162734
 0.95000000  0.60000000 -1.14710627
 0.95000000  0.65000000 -1.17164878
 0.95000000  0.70000000 -1.11435738
 0.95000000  0.75000000 -0.94893932
 0.95000000  0.80000000 -0.68647259
 0.95000000  0.85000000 -0.37947694
 0.95000000  0.90000000 -0.04169440
 0.95000000  0.95000000  0.25990500
 0.95000000  1.00000000  0.49807307
 0.95000000  1.05000000  0.67104515
 0.95000000  1.10000000  0.79192951
 0.95000000  1.15000000  0.85363394
 0.95000000  1.20000000  0.85791778
 0.95000000  1.25000000  0.80263469
 0.95000000  1.30000000  0.67775436
 0.95000000  1.35000000  0.48321794
 0.95000000  1.40000000  0.24274691
 0.95000000  1.45000000  0.01474864
 0.95000000  1.50000000 -0.17125751
 0.95000000  1.55000000 -0.26834307
 0.95000000  1.60000000 -0.26797194
 0.95000000  1.65000000 -0.18914042
 0.95000000  1.70000000 -0.05514840
 0.95000000  1.75000000  0.08479297
 0.95000000  1.80000000  0.19035079
 0.95000000  1.85000000  0.24605243
 0.95000000  1.90000000  0.21819357
 0.95000000  1.95000000  0.11379660
 0.95000000  2.00000000 -0.04205595
 0.95000000  2.05000000 -0.23540280
 0.95000000  2.10000000 -0.43379854
 0.95000000  2.15000000 -0.57966783
 0.95000000  2.20000000 -0.64790844
 1.00000000 -0.25000000 -0.80202284
 1.00000000 -0.20000000 -0.78263387
 1.00000000 -0.15000000 -0.75477939
 1.00000000 -0.10000000 -0.74024445
 1.00000000 -0.05000000 -0.71752999
 1.00000000  0.00000000 -0.70268572
 1.00000000  0.05000000 -0.69646412
 1.00000000  0.10000000 -0.67127382
 1.00000000  0.15000000 -0.63783925
 1.00000000  0.20000000 -0.60207948
 1.00000000  0.25000000 -0.57398223
 1.00000000  0.30000000 -0.57578439
 1.00000000  0.35000000 -0.59887229
 1.00000000  0.40000000 -0.66566607
 1.00000000  0.45000000 -0.75651881
 1.00000000  0.50000000 -0.87934974
 1.00000000  0.55000000 -1.00670536
 1.00000000  0.60000000 -1.12062685
 1.00000000  0.65000000 -1.17086297
 1.00000000  0.70000000 -1.13969183
 1.00000000  0.75000000 -1.01281595
 1.00000000  0.80000000 -0.79169806
 1.00000000  0.85000000 -0.50108380
 1.00000000  0.90000000 -0.17533903
 1.00000000  0.95000000  0.12995207
 1.00000000  1.00000000  0.40832374
 1.00000000  1.05000000  0.64091011
 1.00000000  1.10000000  0.80644943
 1.00000000  1.15000000  0.92635359
 1.00000000  1.20000000  0.96283115
 1.00000000  1.25000000  0.92136443
 1.00000000  1.30000000  0.77701545
 1.00000000  1.35000000  0.55053872
 1.00000000  1.40000000  0.28029223
 1.00000000  1.45000000 -0.00515221
 1.00000000  1.50000000 -0.21425090
 1.00000000  1.55000000 -0.32248455
 1.00000000  1.60000000 -0.32433194
 1.00000000  1.65000000 -0.21977925
 1.00000000  1.70000000 -0.05992025
 1.00000000  1.75000000  0.10780646
 1.00000000  1.80000000  0.23677983
 1.00000000  1.85000000  0.30624933
 1.00000000  1.90000000  0.29259430
 1.00000000  1.95000000  0.19673066
 1.00000000  2.00000000  0.04095898
 1.00000000  2.05000000 -0.16055678
 1.00000000  2.10000000 -0.34569807
 1.00000000  2.15000000 -0.50232056
 1.00000000  2.20000000 -0.59076818
 1.05000000 -0.25000000 -0.96764427
 1.05000000 -0.20000000 -0.94421168
 1.05000000 -0.15000000 -0.92112194
 1.05000000 -0.10000000 -0.90412407
 1.05000000 -0.05000000 -0.87454068
 1.05000000  0.00000000 -0.85785105
 1.05000000  0.05000000 -0.81545320
 1.05000000  0.10000000 -0.78211292
 1.05000000  0.15000000 -0.74250682
 1.05000000  0.20000000 -0.70507434
 1.05000000  0.25000000 -0.67293581
 1.05000000  0.30000000 -0.65513108
 1.05000000  0.35000000 -0.65587577
 1.05000000  0.40000000 -0.69092380
 1.05000000  0.45000000 -0.76672284
 1.05000000  0.50000000 -0.87012293
 1.05000000  0.55000000 -0.99416250
 1.05000000  0.60000000 -1.10343590
 1.05000000  0.65000000 -1.18526778
 1.05000000  0.70000000 -1.19471896
 1.05000000  0.75000000 -1.10289183
 1.05000000  0.80000000 -0.93227319
 1.05000000  0.85000000 -0.67337601
 1.05000000  0.90000000 -0.36691394
 1.05000000  0.95000000 -0.04621789
 1.05000000  1.00000000  0.26528972
 1.05000000  1.05000000  0.54057723
 1.05000000  1.10000000  0.77232690
 1.05000000  1.15000000  0.94442973
 1.05000000  1.20000000  1.01969924
 1.05000000  1.25000000  0.99244786
 1.05000000  1.30000000  0.85676816
 1.05000000  1.35000000  0.61734099
 1.05000000  1.40000000  0.31986399
 1.05000000  1.45000000  0.02123321
 1.05000000  1.50000000 -0.20897636
 1.05000000  1.55000000 -0.31887463
 1.05000000  1.60000000 -0.31641072
 1.05000000  1.65000000 -0.20098451
 1.05000000  1.70000000 -0.03994917
 1.05000000  1.75000000  0.12854434
 1.05000000  1.80000000  0.27050322
 1.05000000  1.85000000  0.34278987
 1.05000000  1.90000000  0.33148787
 1.05000000  1.95000000  0.25062084
 1.05000000  2.00000000  0.10749486
 1.05000000  2.05000000 -0.08274288
 1.05000000  2.10000000 -0.26309279
 1.05000000  2.15000000 -0.41293896
 1.05000000  2.20000000 -0.49170486
 1.10000000 -0.25000000 -1.12357983
 1.10000000 -0.20000000 -1.09723288
 1.10000000 -0.15000000 -1.07162579
 1.10000000 -0.10000000 -1.04255094
 1.10000000 -0.05000000 -1.00878246
 1.10000000  0.00000000 -0.96800788
 1.10000000  0.05000000 -0.93695182
 1.10000000  0.10000000 -0.90391159
 1.10000000  0.15000000 -0.86985447
 1.10000000  0.20000000 -0.84185857
 1.10000000  0.25000000 -0.82401284
 1.10000000  0.30000000 -0.80228334
 1.10000000  0.35000000 -0.79125702
 1.10000000  0.40000000 -0.79677970
 1.10000000  0.45000000 -0.83110658
 1.10000000  0.50000000 -0.90587320
 1.10000000  0.55000000 -1.00923199
 1.10000000  0.60000000 -1.12572613
 1.10000000  0.65000000 -1.21781986
 1.10000000  0.70000000 -1.25099547
 1.10000000  0.75000000 -1.20337022
 1.10000000  0.80000000 -1.07770893
 1.10000000  0.85000000 -0.86326952
 1.10000000  0.90000000 -0.57687512
 1.10000000  0.95000000 -0.26814875
 1.10000000  1.00000000  0.06500125
 1.10000000  1.05000000  0.37475964
 1.10000000  1.10000000  0.64536510
 1.10000000  1.15000000  0.86194372
 1.10000000  1.20000000  0.98004916
 1.10000000  1.25000000  0.98222504
 1.10000000  1.30000000  0.86845011
 1.10000000  1.35000000  0.63963043
 1.10000000  1.40000000  0.34665806
 1.10000000  1.45000000  0.05988650
 1.10000000  1.50000000 -0.16294849
 1.10000000  1.55000000 -0.27318174
 1.10000000  1.60000000 -0.26420127
 1.10000000  1.65000000 -0.16015571
 1.10000000  1.70000000 -0.00170055
 1.10000000  1.75000000  0.16203453
 1.10000000  1.80000000  0.27916875
 1.10000000  1.85000000  0.34336566
 1.10000000  1.90000000  0.33487984
 1.10000000  1.95000000  0.25019725
 1.10000000  2.00000000  0.11912575
 1.10000000  2.05000000 -0.04566507
 1.10000000  2.10000000 -0.20594380
 1.10000000  2.15000000 -0.34222895
 1.10000000  2.20000000 -0.41828369
 1.15000000 -0.25000000 -1.29246943
 1.15000000 -0.20000000 -1.25708708
 1.15000000 -0.15000000 -1.21254447
 1.15000000 -0.10000000 -1.17680052
 1.15000000 -0.05000000 -1.13041454
 1.15000000  0.00000000 -1.07838387
 1.15000000  0.05000000 -1.04349003
 1.15000000  0.10000000 -1.00830461
 1.15000000  0.15000000 -0.99744921
 1.15000000  0.20000000 -0.99895568
 1.15000000  0.25000000 -0.99758651
 1.15000000  0.30000000 -0.98636941
 1.15000000  0.35000000 -0.95160377
 1.15000000  0.40000000 -0.93442430
 1.15000000  0.45000000 -0.92999746
 1.15000000  0.50000000 -0.96646667
 1.15000000  0.55000000 -1.04093545
 1.15000000  0.60000000 -1.14503002
 1.15000000  0.65000000 -1.24897559
 1.15000000  0.70000000 -1.30145635
 1.15000000  0.75000000 -1.30092721
 1.15000000  0.80000000 -1.21114466
 1.15000000  0.85000000 -1.03719055
 1.15000000  0.90000000 -0.79521285
 1.15000000  0.95000000 -0.49895539
 1.15000000  1.00000000 -0.18978168
 1.15000000  1.05000000  0.13273486
 1.15000000  1.10000000  0.42835442
 1.15000000  1.15000000  0.66528577
 1.15000000  1.20000000  0.81521325
 1.15000000  1.25000000  0.85633795
 1.15000000  1.30000000  0.77720410
 1.15000000  1.35000000  0.58245769
 1.15000000  1.40000000  0.34116084
 1.15000000  1.45000000  0.09231198
 1.15000000  1.50000000 -0.09757820
 1.15000000  1.55000000 -0.19547284
 1.15000000  1.60000000 -0.18691009
 1.15000000  1.65000000 -0.08962688
 1.15000000  1.70000000  0.04127724
 1.15000000  1.75000000  0.17485468
 1.15000000  1.80000000  0.27244982
 1.15000000  1.85000000  0.30332040
 1.15000000  1.90000000  0.28373371
 1.15000000  1.95000000  0.19963602
 1.15000000  2.00000000  0.08250477
 1.15000000  2.05000000 -0.06031258
 1.15000000  2.10000000 -0.19612318
 1.15000000  2.15000000 -0.31544629
 1.15000000  2.20000000 -0.39947199
 1.20000000 -0.25000000 -1.45969075
 1.20000000 -0.20000000 -1.42034885
 1.20000000 -0.15000000 -1.36652568
 1.20000000 -0.10000000 -1.30387388
 1.20000000 -0.05000000 -1.24241651
 1.20000000  0.00000000 -1.17704073
 1.20000000  0.05000000 -1.13324960
 1.20000000  0.10000000 -1.10737717
 1.20000000  0.15000000 -1.12105740
 1.20000000  0.20000000 -1.14600984
 1.20000000  0.25000000 -1.16830562
 1.20000000  0.30000000 -1.16401371
 1.20000000  0.35000000 -1.12429728
 1.20000000  0.40000000 -1.06990043
 1.20000000  0.45000000 -1.03029829
 1.20000000  0.50000000 -1.01967300
 1.20000000  0.55000000 -1.06468567
 1.20000000  0.60000000 -1.14737550
 1.20000000  0.65000000 -1.25077591
 1.20000000  0.70000000 -1.32978107
 1.20000000  0.75000000 -1.35764551
 1.20000000  0.80000000 -1.31221739
 1.20000000  0.85000000 -1.19190295
 1.20000000  0.90000000 -0.99651610
 1.20000000  0.95000000 -0.75034745
 1.20000000  1.00000000 -0.45816042
 1.20000000  1.05000000 -0.16128143
 1.20000000  1.10000000  0.11719451
 1.20000000  1.15000000  0.35417842
 1.20000000  1.20000000  0.52500819
 1.20000000  1.25000000  0.60003538
 1.20000000  1.30000000  0.57545379
 1.20000000  1.35000000  0.44951597
 1.20000000  1.40000000  0.27672182
 1.20000000  1.45000000  0.08258097
 1.20000000  1.50000000 -0.04673345
 1.20000000  1.55000000 -0.11276331
 1.20000000  1.60000000 -0.09892429
 1.20000000  1.65000000 -0.02431489
 1.20000000  1.70000000  0.07477756
 1.20000000  1.75000000  0.16999546
 1.20000000  1.80000000  0.21916095
 1.20000000  1.85000000  0.22103222
 1.20000000  1.90000000  0.18149153
 1.20000000  1.95000000  0.08985031
 1.20000000  2.00000000 -0.01814645
 1.20000000  2.05000000 -0.14984016
 1.20000000  2.10000000 -0.27230494
 1.20000000  2.15000000 -0.36700939
 1.20000000  2.20000000 -0.43765843
 1.25000000 -0.25000000 -1.62416592
 1.25000000 -0.20000000 -1.58460745
 1.25000000 -0.15000000 -1.52055302
 1.25000000 -0.10000000 -1.44313661
 1.25000000 -0.05000000 -1.35429758
 1.25000000  0.00000000 -1.25875786
 1.25000000  0.05000000 -1.19903814
 1.25000000  0.10000000 -1.17378546
 1.25000000  0.15000000 -1.19306679
 1.25000000  0.20000000 -1.23814468
 1.25000000  0.25000000 -1.29257668
 1.25000000  0.30000000 -1.29348588
 1.25000000  0.35000000 -1.25342384
 1.25000000  0.40000000 -1.17250047
 1.25000000  0.45000000 -1.09918164
 1.25000000  0.50000000 -1.05036765
 1.25000000  0.55000000 -1.05956209
 1.25000000  0.60000000 -1.12653508
 1.25000000  0.65000000 -1.22832568
 1.25000000  0.70000000 -1.32787329
 1.25000000  0.75000000 -1.38812111
 1.25000000  0.80000000 -1.38258797
 1.25000000  0.85000000 -1.30771168
 1.25000000  0.90000000 -1.16709681
 1.25000000  0.95000000 -0.96617295
 1.25000000  1.00000000 -0.73051380
 1.25000000  1.05000000 -0.49032145
 1.25000000  1.10000000 -0.25006053
 1.25000000  1.15000000 -0.03693748
 1.25000000  1.20000000  0.13878942
 1.25000000  1.25000000  0.24531608
 1.25000000  1.30000000  0.26737360
 1.25000000  1.35000000  0.23074038
 1.25000000  1.40000000  0.14692285
 1.25000000  1.45000000  0.04871166
 1.25000000  1.50000000 -0.01659232
 1.25000000  1.55000000 -0.04553948
 1.25000000  1.60000000 -0.01804924
 1.25000000  1.65000000  0.03190859
 1.25000000  1.70000000  0.09486478
 1.25000000  1.75000000  0.13450069
 1.25000000  1.80000000  0.13847035
 1.25000000  1.85000000  0.10489686
 1.25000000  1.90000000  0.02877362
 1.25000000  1.95000000 -0.08139685
 1.25000000  2.00000000 -0.19523023
 1.25000000  2.05000000 -0.31411949
 1.25000000  2.10000000 -0.41089121
 1.25000000  2.15000000 -0.49815246
 1.25000000  2.20000000 -0.56305050
 1.30000000 -0.25000000 -1.73620196
 1.30000000 -0.20000000 -1.70907930
 1.30000000 -0.15000000 -1.64530146
 1.30000000 -0.10000000 -1.54248217
 1.30000000 -0.05000000 -1.41737639
 1.30000000  0.00000000 -1.29658559
 1.30000000  0.05000000 -1.20977656
 1.30000000  0.10000000 -1.17611602
 1.30000000  0.15000000 -1.20235657
 1.30000000  0.20000000 -1.26618206
 1.30000000  0.25000000 -1.32136503
 1.30000000  0.30000000 -1.34816473
 1.30000000  0.35000000 -1.30671641
 1.30000000  0.40000000 -1.21534750
 1.30000000  0.45000000 -1.11557708
 1.30000000  0.50000000 -1.04000268
 1.30000000  0.55000000 -1.02372600
 1.30000000  0.60000000 -1.08381244
 1.30000000  0.65000000 -1.17690269
 1.30000000  0.70000000 -1.30921131
 1.30000000  0.75000000 -1.39198614
 1.30000000  0.80000000 -1.43441126
 1.30000000  0.85000000 -1.40065615
 1.30000000  0.90000000 -1.30604166
 1.30000000  0.95000000 -1.16467278
 1.30000000  1.00000000 -1.00176071
 1.30000000  1.05000000 -0.81644113
 1.30000000  1.10000000 -0.63821382
 1.30000000  1.15000000 -0.45996997
 1.30000000  1.20000000 -0.30610831
 1.30000000  1.25000000 -0.18519880
 1.30000000  1.30000000 -0.09809695
 1.30000000  1.35000000 -0.06031949
 1.30000000  1.40000000 -0.02915521
 1.30000000  1.45000000 -0.03107291
 1.30000000  1.50000000 -0.01914322
 1.30000000  1.55000000  0.00720692
 1.30000000  1.60000000  0.03848418
 1.30000000  1.65000000  0.08069608
 1.30000000  1.70000000  0.09516051
 1.30000000  1.75000000  0.08094863
 1.30000000  1.80000000  0.03856059
 1.30000000  1.85000000 -0.05314845
 1.30000000  1.90000000 -0.15989539
 1.30000000  1.95000000 -0.29632873
 1.30000000  2.00000000 -0.41718954
 1.30000000  2.05000000 -0.53614665
 1.30000000  2.10000000 -0.62902569
 1.30000000  2.15000000 -0.69825023
 1.30000000  2.20000000 -0.74673203
 1.35000000 -0.25000000 -1.76969537
 1.35000000 -0.20000000 -1.76397821
 1.35000000 -0.15000000 -1.68681756
 1.35000000 -0.10000000 -1.57665397
 1.35000000 -0.05000000 -1.42250080
 1.35000000  0.00000000 -1.26385084
 1.35000000  0.05000000 -1.14839701
 1.35000000  0.10000000 -1.09221468
 1.35000000  0.15000000 -1.11609203
 1.35000000  0.20000000 -1.18023776
 1.35000000  0.25000000 -1.25878441
 1.35000000  0.30000000 -1.29384576
 1.35000000  0.35000000 -1.26915695
 1.35000000  0.40000000 -1.18934395
 1.35000000  0.45000000 -1.07061605
 1.35000000  0.50000000 -0.98602948
 1.35000000  0.55000000 -0.96084315
 1.35000000  0.60000000 -1.01536753
 1.35000000  0.65000000 -1.13348945
 1.35000000  0.70000000 -1.26998155
 1.35000000  0.75000000 -1.39236718
 1.35000000  0.80000000 -1.46861830
 1.35000000  0.85000000 -1.47259055
 1.35000000  0.90000000 -1.42367045
 1.35000000  0.95000000 -1.33519632
 1.35000000  1.00000000 -1.23060837
 1.35000000  1.05000000 -1.11187630
 1.35000000  1.10000000 -1.00119815
 1.35000000  1.15000000 -0.87097543
 1.35000000  1.20000000 -0.75441217
 1.35000000  1.25000000 -0.62978584
 1.35000000  1.30000000 -0.49844152
 1.35000000  1.35000000 -0.37427284
 1.35000000  1.40000000 -0.25579679
 1.35000000  1.45000000 -0.15198986
 1.35000000  1.50000000 -0.04712603
 1.35000000  1.55000000  0.03544460
 1.35000000  1.60000000  0.08394303
 1.35000000  1.65000000  0.10534597
 1.35000000  1.70000000  0.08798137
 1.35000000  1.75000000  0.02916359
 1.35000000  1.80000000 -0.08037254
 1.35000000  1.85000000 -0.21449346
 1.35000000  1.90000000 -0.37142984
 1.35000000  1.95000000 -0.53362316
 1.35000000  2.00000000 -0.68329945
 1.35000000  2.05000000 -0.79865013
 1.35000000  2.10000000 -0.87372109
 1.35000000  2.15000000 -0.92203307
 1.35000000  2.20000000 -0.94469304
 1.40000000 -0.25000000 -1.70692681
 1.40000000 -0.20000000 -1.70591423
 1.40000000 -0.15000000 -1.63429259
 1.40000000 -0.10000000 -1.50089959
 1.40000000 -0.05000000 -1.32027569
 1.40000000  0.00000000 -1.13510291
 1.40000000  0.05000000 -0.99616619
 1.40000000  0.10000000 -0.91822938
 1.40000000  0.15000000 -0.93005011
 1.40000000  0.20000000 -1.00875224
 1.40000000  0.25000000 -1.10085992
 1.40000000  0.30000000 -1.15820464
 1.40000000  0.35000000 -1.15621539
 1.40000000  0.40000000 -1.08936193
 1.40000000  0.45000000 -0.98419497
 1.40000000  0.50000000 -0.90412298
 1.40000000  0.55000000 -0.88235002
 1.40000000  0.60000000 -0.94272233
 1.40000000  0.65000000 -1.07719390
 1.40000000  0.70000000 -1.24789943
 1.40000000  0.75000000 -1.40144917
 1.40000000  0.80000000 -1.50134224
 1.40000000  0.85000000 -1.54047256
 1.40000000  0.90000000 -1.51053432
 1.40000000  0.95000000 -1.46238228
 1.40000000  1.00000000 -1.40361092
 1.40000000  1.05000000 -1.34300865
 1.40000000  1.10000000 -1.28916742
 1.40000000  1.15000000 -1.22578643
 1.40000000  1.20000000 -1.14859133
 1.40000000  1.25000000 -1.03328762
 1.40000000  1.30000000 -0.87642579
 1.40000000  1.35000000 -0.69702452
 1.40000000  1.40000000 -0.48962516
 1.40000000  1.45000000 -0.28923635
 1.40000000  1.50000000 -0.10645051
 1.40000000  1.55000000  0.03266680
 1.40000000  1.60000000  0.11327055
 1.40000000  1.65000000  0.12624655
 1.40000000  1.70000000  0.07521565
 1.40000000  1.75000000 -0.03346534
 1.40000000  1.80000000 -0.18807595
 1.40000000  1.85000000 -0.37500609
 1.40000000  1.90000000 -0.57570054
 1.40000000  1.95000000 -0.76650864
 1.40000000  2.00000000 -0.93148649
 1.40000000  2.05000000 -1.05093991
 1.40000000  2.10000000 -1.11889308
 1.40000000  2.15000000 -1.12883592
 1.40000000  2.20000000 -1.11878842
 1.45000000 -0.25000000 -1.52566412
 1.45000000 -0.20000000 -1.54096779
 1.45000000 -0.15000000 -1.46866728
 1.45000000 -0.10000000 -1.32321635
 1.45000000 -0.05000000 -1.13767707
 1.45000000  0.00000000 -0.93250068
 1.45000000  0.05000000 -0.76560991
 1.45000000  0.10000000 -0.68246784
 1.45000000  0.15000000 -0.68985674
 1.45000000  0.20000000 -0.77743779
 1.45000000  0.25000000 -0.89004945
 1.45000000  0.30000000 -0.98298094
 1.45000000  0.35000000 -1.00504378
 1.45000000  0.40000000 -0.95833164
 1.45000000  0.45000000 -0.88210599
 1.45000000  0.50000000 -0.81324290
 1.45000000  0.55000000 -0.81212489
 1.45000000  0.60000000 -0.89435070
 1.45000000  0.65000000 -1.05405734
 1.45000000  0.70000000 -1.24705421
 1.45000000  0.75000000 -1.42549871
 1.45000000  0.80000000 -1.54360951
 1.45000000  0.85000000 -1.58736178
 1.45000000  0.90000000 -1.57702493
 1.45000000  0.95000000 -1.54760196
 1.45000000  1.00000000 -1.50748592
 1.45000000  1.05000000 -1.49281904
 1.45000000  1.10000000 -1.49187162
 1.45000000  1.15000000 -1.48282778
 1.45000000  1.20000000 -1.44726385
 1.45000000  1.25000000 -1.36052389
 1.45000000  1.30000000 -1.20642026
 1.45000000  1.35000000 -0.99049221
 1.45000000  1.40000000 -0.72609339
 1.45000000  1.45000000 -0.43801719
 1.45000000  1.50000000 -0.19393634
 1.45000000  1.55000000  0.00178362
 1.45000000  1.60000000  0.10462318
 1.45000000  1.65000000  0.12461838
 1.45000000  1.70000000  0.05305542
 1.45000000  1.75000000 -0.07659559
 1.45000000  1.80000000 -0.27477144
 1.45000000  1.85000000 -0.50466849
 1.45000000  1.90000000 -0.73733926
 1.45000000  1.95000000 -0.97174167
 1.45000000  2.00000000 -1.15567157
 1.45000000  2.05000000 -1.27433281
 1.45000000  2.10000000 -1.30904721
 1.45000000  2.15000000 -1.29325048
 1.45000000  2.20000000 -1.23144147
 1.50000000 -0.25000000 -1.23953373
 1.50000000 -0.20000000 -1.26008059
 1.50000000 -0.15000000 -1.18913414
 1.50000000 -0.10000000 -1.05215491
 1.50000000 -0.05000000 -0.85245321
 1.50000000  0.00000000 -0.64937625
 1.50000000  0.05000000 -0.47762594
 1.50000000  0.10000000 -0.40293588
 1.50000000  0.15000000 -0.41970863
 1.50000000  0.20000000 -0.52689251
 1.50000000  0.25000000 -0.66763098
 1.50000000  0.30000000 -0.79681083
 1.50000000  0.35000000 -0.85644296
 1.50000000  0.40000000 -0.84523482
 1.50000000  0.45000000 -0.80283755
 1.50000000  0.50000000 -0.76047660
 1.50000000  0.55000000 -0.77966294
 1.50000000  0.60000000 -0.88272815
 1.50000000  0.65000000 -1.06577749
 1.50000000  0.70000000 -1.27414138
 1.50000000  0.75000000 -1.45690883
 1.50000000  0.80000000 -1.57595816
 1.50000000  0.85000000 -1.61409247
 1.50000000  0.90000000 -1.59951317
 1.50000000  0.95000000 -1.56107738
 1.50000000  1.00000000 -1.52982096
 1.50000000  1.05000000 -1.53982776
 1.50000000  1.10000000 -1.58056957
 1.50000000  1.15000000 -1.62397247
 1.50000000  1.20000000 -1.64477623
 1.50000000  1.25000000 -1.59118750
 1.50000000  1.30000000 -1.45382731
 1.50000000  1.35000000 -1.22182459
 1.50000000  1.40000000 -0.92727566
 1.50000000  1.45000000 -0.60441393
 1.50000000  1.50000000 -0.30211636
 1.50000000  1.55000000 -0.07441937
 1.50000000  1.60000000  0.07007537
 1.50000000  1.65000000  0.10204028
 1.50000000  1.70000000  0.02987022
 1.50000000  1.75000000 -0.12337176
 1.50000000  1.80000000 -0.33756302
 1.50000000  1.85000000 -0.59136261
 1.50000000  1.90000000 -0.85926595
 1.50000000  1.95000000 -1.10201825
 1.50000000  2.00000000 -1.29899520
 1.50000000  2.05000000 -1.41187160
 1.50000000  2.10000000 -1.43077570
 1.50000000  2.15000000 -1.37757994
 1.50000000  2.20000000 -1.25457670
 1.55000000 -0.25000000 -0.87956691
 1.55000000 -0.20000000 -0.90724402
 1.55000000 -0.15000000 -0.84693031
 1.55000000 -0.10000000 -0.71809573
 1.55000000 -0.05000000 -0.53344994
 1.55000000  0.00000000 -0.33394682
 1.55000000  0.05000000 -0.18338536
 1.55000000  0.10000000 -0.12437781
 1.55000000  0.15000000 -0.17149367
 1.55000000  0.20000000 -0.31107292
 1.55000000  0.25000000 -0.49314839
 1.55000000  0.30000000 -0.66001379
 1.55000000  0.35000000 -0.77095963
 1.55000000  0.40000000 -0.79142405
 1.55000000  0.45000000 -0.78177354
 1.55000000  0.50000000 -0.76282964
 1.55000000  0.55000000 -0.80579020
 1.55000000  0.60000000 -0.92677476
 1.55000000  0.65000000 -1.11388974
 1.55000000  0.70000000 -1.31523477
 1.55000000  0.75000000 -1.48844885
 1.55000000  0.80000000 -1.58381192
 1.55000000  0.85000000 -1.61143596
 1.55000000  0.90000000 -1.55821023
 1.55000000  0.95000000 -1.50096526
 1.55000000  1.00000000 -1.46720667
 1.55000000  1.05000000 -1.48942242
 1.55000000  1.10000000 -1.55514536
 1.55000000  1.15000000 -1.65286842
 1.55000000  1.20000000 -1.72232478
 1.55000000  1.25000000 -1.71157660
 1.55000000  1.30000000 -1.61143243
 1.55000000  1.35000000 -1.40165477
 1.55000000  1.40000000 -1.09487331
 1.55000000  1.45000000 -0.75039627
 1.55000000  1.50000000 -0.42072968
 1.55000000  1.55000000 -0.15921585
 1.55000000  1.60000000  0.00951483
 1.55000000  1.65000000  0.06047570
 1.55000000  1.70000000  0.00572654
 1.55000000  1.75000000 -0.15175140
 1.55000000  1.80000000 -0.36628326
 1.55000000  1.85000000 -0.63254771
 1.55000000  1.90000000 -0.90579031
 1.55000000  1.95000000 -1.16250930
 1.55000000  2.00000000 -1.35856660
 1.55000000  2.05000000 -1.45707869
 1.55000000  2.10000000 -1.46520674
 1.55000000  2.15000000 -1.36385963
 1.55000000  2.20000000 -1.18884491
 1.60000000 -0.25000000 -0.49016684
 1.60000000 -0.20000000 -0.50918704
 1.60000000 -0.15000000 -0.47043234
 1.60000000 -0.10000000 -0.35339550
 1.60000000 -0.05000000 -0.19719257
 1.60000000  0.00000000 -0.03389080
 1.60000000  0.05000000  0.07990988
 1.60000000  0.10000000  0.10563101
 1.60000000  0.15000000  0.00910152
 1.60000000  0.20000000 -0.17080437
 1.60000000  0.25000000 -0.40133991
 1.60000000  0.30000000 -0.60129385
 1.60000000  0.35000000 -0.75625226
 1.60000000  0.40000000 -0.83597141
 1.60000000  0.45000000 -0.84734452
 1.60000000  0.50000000 -0.85167812
 1.60000000  0.55000000 -0.90379538
 1.60000000  0.60000000 -1.01596398
 1.60000000  0.65000000 -1.18761549
 1.60000000  0.70000000 -1.35451697
 1.60000000  0.75000000 -1.49223257
 1.60000000  0.80000000 -1.54170468
 1.60000000  0.85000000 -1.51343517
 1.60000000  0.90000000 -1.42506142
 1.60000000  0.95000000 -1.34227283
 1.60000000  1.00000000 -1.30328854
 1.60000000  1.05000000 -1.33303875
 1.60000000  1.10000000 -1.43232479
 1.60000000  1.15000000 -1.56319101
 1.60000000  1.20000000 -1.67983609
 1.60000000  1.25000000 -1.72823664
 1.60000000  1.30000000 -1.66932436
 1.60000000  1.35000000 -1.49107457
 1.60000000  1.40000000 -1.22017979
 1.60000000  1.45000000 -0.88778571
 1.60000000  1.50000000 -0.54858386
 1.60000000  1.55000000 -0.26770147
 1.60000000  1.60000000 -0.07580696
 1.60000000  1.65000000  0.00422713
 1.60000000  1.70000000 -0.03200498
 1.60000000  1.75000000 -0.16074354
 1.60000000  1.80000000 -0.35470255
 1.60000000  1.85000000 -0.60614785
 1.60000000  1.90000000 -0.87020254
 1.60000000  1.95000000 -1.12422266
 1.60000000  2.00000000 -1.31610640
 1.60000000  2.05000000 -1.41371255
 1.60000000  2.10000000 -1.39046084
 1.60000000  2.15000000 -1.25127990
 1.60000000  2.20000000 -1.03369356
 1.65000000 -0.25000000 -0.09201796
 1.65000000 -0.20000000 -0.12634861
 1.65000000 -0.15000000 -0.09786530
 1.65000000 -0.10000000 -0.00727517
 1.65000000 -0.05000000  0.11324869
 1.65000000  0.00000000  0.23441170
 1.65000000  0.05000000  0.29458262
 1.65000000  0.10000000  0.25499494
 1.65000000  0.15000000  0.10714632
 1.65000000  0.20000000 -0.11954398
 1.65000000  0.25000000 -0.39924524
 1.65000000  0.30000000 -0.65287671
 1.65000000  0.35000000 -0.84933719
 1.65000000  0.40000000 -0.95550383
 1.65000000  0.45000000 -0.99849946
 1.65000000  0.50000000 -1.01924469
 1.65000000  0.55000000 -1.06111091
 1.65000000  0.60000000 -1.14709183
 1.65000000  0.65000000 -1.25734337
 1.65000000  0.70000000 -1.37293721
 1.65000000  0.75000000 -1.43195797
 1.65000000  0.80000000 -1.41474445
 1.65000000  0.85000000 -1.32829289
 1.65000000  0.90000000 -1.21161077
 1.65000000  0.95000000 -1.09716671
 1.65000000  1.00000000 -1.04422083
 1.65000000  1.05000000 -1.08692299
 1.65000000  1.10000000 -1.20985659
 1.65000000  1.15000000 -1.37619543
 1.65000000  1.20000000 -1.54464372
 1.65000000  1.25000000 -1.63956179
 1.65000000  1.30000000 -1.64212838
 1.65000000  1.35000000 -1.51922470
 1.65000000  1.40000000 -1.29087129
 1.65000000  1.45000000 -0.98258263
 1.65000000  1.50000000 -0.66824646
 1.65000000  1.55000000 -0.37678524
 1.65000000  1.60000000 -0.17324902
 1.65000000  1.65000000 -0.06383355
 1.65000000  1.70000000 -0.05857500
 1.65000000  1.75000000 -0.13735129
 1.65000000  1.80000000 -0.30608160
 1.65000000  1.85000000 -0.51747443
 1.65000000  1.90000000 -0.76358703
 1.65000000  1.95000000 -1.00105991
 1.65000000  2.00000000 -1.17298451
 1.65000000  2.05000000 -1.25689235
 1.65000000  2.10000000 -1.23139321
 1.65000000  2.15000000 -1.07258701
 1.65000000  2.20000000 -0.80113490
 1.70000000 -0.25000000  0.25255390
 1.70000000 -0.20000000  0.22933757
 1.70000000 -0.15000000  0.23913649
 1.70000000 -0.10000000  0.29686295
 1.70000000 -0.05000000  0.38049265
 1.70000000  0.00000000  0.44302669
 1.70000000  0.05000000  0.43377761
 1.70000000  0.10000000  0.32656233
 1.70000000  0.15000000  0.11464610
 1.70000000  0.20000000 -0.17446312
 1.70000000  0.25000000 -0.50287471
 1.70000000  0.30000000 -0.79684922
 1.70000000  0.35000000 -1.02095838
 1.70000000  0.40000000 -1.15266118
 1.70000000  0.45000000 -1.21289572
 1.70000000  0.50000000 -1.22837291
 1.70000000  0.55000000 -1.23878526
 1.70000000  0.60000000 -1.26917952
 1.70000000  0.65000000 -1.29941400
 1.70000000  0.70000000 -1.32502886
 1.70000000  0.75000000 -1.29557809
 1.70000000  0.80000000 -1.19245462
 1.70000000  0.85000000 -1.04767623
 1.70000000  0.90000000 -0.88676298
 1.70000000  0.95000000 -0.75769204
 1.70000000  1.00000000 -0.71010966
 1.70000000  1.05000000 -0.76835742
 1.70000000  1.10000000 -0.90789161
 1.70000000  1.15000000 -1.11455203
 1.70000000  1.20000000 -1.32870345
 1.70000000  1.25000000 -1.48123931
 1.70000000  1.30000000 -1.53866920
 1.70000000  1.35000000 -1.48022660
 1.70000000  1.40000000 -1.29564535
 1.70000000  1.45000000 -1.04089420
 1.70000000  1.50000000 -0.75195011
 1.70000000  1.55000000 -0.47695657
 1.70000000  1.60000000 -0.25662732
 1.70000000  1.65000000 -0.11260040
 1.70000000  1.70000000 -0.06002377
 1.70000000  1.75000000 -0.09116260
 1.70000000  1.80000000 -0.19354251
 1.70000000  1.85000000 -0.36952744
 1.70000000  1.90000000 -0.57228601
 1.70000000  1.95000000 -0.77617674
 1.70000000  2.00000000 -0.94965940
 1.70000000  2.05000000 -1.03078346
 1.70000000  2.10000000 -0.99512532
 1.70000000  2.15000000 -0.82201489
 1.70000000  2.20000000 -0.52880096
 1.75000000 -0.25000000  0.52212978
 1.75000000 -0.20000000  0.51913884
 1.75000000 -0.15000000  0.52451912
 1.75000000 -0.10000000  0.55196443
 1.75000000 -0.05000000  0.58693588
 1.75000000  0.00000000  0.57929081
 1.75000000  0.05000000  0.49358287
 1.75000000  0.10000000  0.31987434
 1.75000000  0.15000000  0.03757746
 1.75000000  0.20000000 -0.30486823
 1.75000000  0.25000000 -0.67036461
 1.75000000  0.30000000 -0.99356294
 1.75000000  0.35000000 -1.24120619
 1.75000000  0.40000000 -1.38325827
 1.75000000  0.45000000 -1.43161157
 1.75000000  0.50000000 -1.42729068
 1.75000000  0.55000000 -1.38770946
 1.75000000  0.60000000 -1.33938914
 1.75000000  0.65000000 -1.28302908
 1.75000000  0.70000000 -1.19371922
 1.75000000  0.75000000 -1.05795062
 1.75000000  0.80000000 -0.88106753
 1.75000000  0.85000000 -0.67637902
 1.75000000  0.90000000 -0.49125341
 1.75000000  0.95000000 -0.36651840
 1.75000000  1.00000000 -0.33228408
 1.75000000  1.05000000 -0.41763659
 1.75000000  1.10000000 -0.58926823
 1.75000000  1.15000000 -0.83088466
 1.75000000  1.20000000 -1.06983971
 1.75000000  1.25000000 -1.27848123
 1.75000000  1.30000000 -1.38319466
 1.75000000  1.35000000 -1.37602899
 1.75000000  1.40000000 -1.25911234
 1.75000000  1.45000000 -1.05734989
 1.75000000  1.50000000 -0.80307968
 1.75000000  1.55000000 -0.54169916
 1.75000000  1.60000000 -0.30369567
 1.75000000  1.65000000 -0.12773488
 1.75000000  1.70000000 -0.01882976
 1.75000000  1.75000000  0.01463389
 1.75000000  1.80000000 -0.03218872
 1.75000000  1.85000000 -0.14309436
 1.75000000  1.90000000 -0.31611217
 1.75000000  1.95000000 -0.49603968
 1.75000000  2.00000000 -0.64711931
 1.75000000  2.05000000 -0.73207561
 1.75000000  2.10000000 -0.70158663
 1.75000000  2.15000000 -0.54628056
 1.75000000  2.20000000 -0.24896162
 1.80000000 -0.25000000  0.71016279
 1.80000000 -0.20000000  0.73102461
 1.80000000 -0.15000000  0.73921144
 1.80000000 -0.10000000  0.75032658
 1.80000000 -0.05000000  0.72766896
 1.80000000  0.00000000  0.64833726
 1.80000000  0.05000000  0.49626639
 1.80000000  0.10000000  0.24298073
 1.80000000  0.15000000 -0.09038468
 1.80000000  0.20000000 -0.48736115
 1.80000000  0.25000000 -0.87163240
 1.80000000  0.30000000 -1.20827018
 1.80000000  0.35000000 -1.45226014
 1.80000000  0.40000000 -1.58467255
 1.80000000  0.45000000 -1.61156423
 1.80000000  0.50000000 -1.57893085
 1.80000000  0.55000000 -1.46343123
 1.80000000  0.60000000 -1.32229497
 1.80000000  0.65000000 -1.15758933
 1.80000000  0.70000000 -0.95998810
 1.80000000  0.75000000 -0.73879990
 1.80000000  0.80000000 -0.49179410
 1.80000000  0.85000000 -0.25675059
 1.80000000  0.90000000 -0.06636336
 1.80000000  0.95000000  0.03286402
 1.80000000  1.00000000  0.03785699
 1.80000000  1.05000000 -0.07887062
 1.80000000  1.10000000 -0.28278779
 1.80000000  1.15000000 -0.54711376
 1.80000000  1.20000000 -0.82224662
 1.80000000  1.25000000 -1.05090539
 1.80000000  1.30000000 -1.20546673
 1.80000000  1.35000000 -1.24527204
 1.80000000  1.40000000 -1.17672034
 1.80000000  1.45000000 -1.02279119
 1.80000000  1.50000000 -0.80707459
 1.80000000  1.55000000 -0.55179057
 1.80000000  1.60000000 -0.30775274
 1.80000000  1.65000000 -0.08640309
 1.80000000  1.70000000  0.07413781
 1.80000000  1.75000000  0.16788238
 1.80000000  1.80000000  0.18026772
 1.80000000  1.85000000  0.11640105
 1.80000000  1.90000000 -0.00825979
 1.80000000  1.95000000 -0.17191071
 1.80000000  2.00000000 -0.32118708
 1.80000000  2.05000000 -0.40936539
 1.80000000  2.10000000 -0.40069735
 1.80000000  2.15000000 -0.26660184
 1.80000000  2.20000000  0.00427031
 1.85000000 -0.25000000  0.81333768
 1.85000000 -0.20000000  0.86586639
 1.85000000 -0.15000000  0.89014121
 1.85000000 -0.10000000  0.87331527
 1.85000000 -0.05000000  0.81072336
 1.85000000  0.00000000  0.66315101
 1.85000000  0.05000000  0.43478071
 1.85000000  0.10000000  0.11720208
 1.85000000  0.15000000 -0.26552965
 1.85000000  0.20000000 -0.68062386
 1.85000000  0.25000000 -1.06733782
 1.85000000  0.30000000 -1.39555387
 1.85000000  0.35000000 -1.61022767
 1.85000000  0.40000000 -1.70709337
 1.85000000  0.45000000 -1.69880634
 1.85000000  0.50000000 -1.58531526
 1.85000000  0.55000000 -1.41424563
 1.85000000  0.60000000 -1.19467422
 1.85000000  0.65000000 -0.93607215
 1.85000000  0.70000000 -0.64532298
 1.85000000  0.75000000 -0.34423990
 1.85000000  0.80000000 -0.06608015
 1.85000000  0.85000000  0.16947417
 1.85000000  0.90000000  0.33142988
 1.85000000  0.95000000  0.39991549
 1.85000000  1.00000000  0.35056408
 1.85000000  1.05000000  0.19561929
 1.85000000  1.10000000 -0.03924148
 1.85000000  1.15000000 -0.32302355
 1.85000000  1.20000000 -0.61546342
 1.85000000  1.25000000 -0.86147610
 1.85000000  1.30000000 -1.03441685
 1.85000000  1.35000000 -1.11285792
 1.85000000  1.40000000 -1.08546850
 1.85000000  1.45000000 -0.95636594
 1.85000000  1.50000000 -0.75937566
 1.85000000  1.55000000 -0.50966348
 1.85000000  1.60000000 -0.24637348
 1.85000000  1.65000000  0.01569292
 1.85000000  1.70000000  0.22840582
 1.85000000  1.75000000  0.37022701
 1.85000000  1.80000000  0.43247760
 1.85000000  1.85000000  0.41621457
 1.85000000  1.90000000  0.31452619
 1.85000000  1.95000000  0.16735084
 1.85000000  2.00000000  0.01749748
 1.85000000  2.05000000 -0.08536229
 1.85000000  2.10000000 -0.11314034
 1.85000000  2.15000000 -0.02042943
 1.85000000  2.20000000  0.19615365
 1.90000000 -0.25000000  0.82706431
 1.90000000 -0.20000000  0.93016408
 1.90000000 -0.15000000  0.97235484
 1.90000000 -0.10000000  0.94228105
 1.90000000 -0.05000000  0.83515515
 1.90000000  0.00000000  0.64080475
 1.90000000  0.05000000  0.35125676
 1.90000000  0.10000000 -0.00773502
 1.90000000  0.15000000 -0.43441794
 1.90000000  0.20000000 -0.85230637
 1.90000000  0.25000000 -1.22426870
 1.90000000  0.30000000 -1.50177110
 1.90000000  0.35000000 -1.68173822
 1.90000000  0.40000000 -1.73007345
 1.90000000  0.45000000 -1.66000278
 1.90000000  0.50000000 -1.49132349
 1.90000000  0.55000000 -1.25108858
 1.90000000  0.60000000 -0.94737512
 1.90000000  0.65000000 -0.60651613
 1.90000000  0.70000000 -0.26209905
 1.90000000  0.75000000  0.06853436
 1.90000000  0.80000000  0.34792783
 1.90000000  0.85000000  0.56492673
 1.90000000  0.90000000  0.67389325
 1.90000000  0.95000000  0.68065864
 1.90000000  1.00000000  0.57511889
 1.90000000  1.05000000  0.37620820
 1.90000000  1.10000000  0.10742716
 1.90000000  1.15000000 -0.18850562
 1.90000000  1.20000000 -0.47819023
 1.90000000  1.25000000 -0.73223832
 1.90000000  1.30000000 -0.91094238
 1.90000000  1.35000000 -0.99113932
 1.90000000  1.40000000 -0.97888828
 1.90000000  1.45000000 -0.86799990
 1.90000000  1.50000000 -0.66739996
 1.90000000  1.55000000 -0.40965421
 1.90000000  1.60000000 -0.11534407
 1.90000000  1.65000000  0.16948494
 1.90000000  1.70000000  0.42415314
 1.90000000  1.75000000  0.60129035
 1.90000000  1.80000000  0.69983581
 1.90000000  1.85000000  0.70868987
 1.90000000  1.90000000  0.62227655
 1.90000000  1.95000000  0.48123672
 1.90000000  2.00000000  0.32175113
 1.90000000  2.05000000  0.18654831
 1.90000000  2.10000000  0.13016201
 1.90000000  2.15000000  0.16121718
 1.90000000  2.20000000  0.31783629
 1.95000000 -0.25000000  0.76689922
 1.95000000 -0.20000000  0.90805086
 1.95000000 -0.15000000  0.96854145
 1.95000000 -0.10000000  0.93605982
 1.95000000 -0.05000000  0.80959974
 1.95000000  0.00000000  0.58187592
 1.95000000  0.05000000  0.24516593
 1.95000000  0.10000000 -0.15393027
 1.95000000  0.15000000 -0.57447121
 1.95000000  0.20000000 -0.98106293
 1.95000000  0.25000000 -1.30982469
 1.95000000  0.30000000 -1.55019430
 1.95000000  0.35000000 -1.65808810
 1.95000000  0.40000000 -1.64161566
 1.95000000  0.45000000 -1.51209395
 1.95000000  0.50000000 -1.28787023
 1.95000000  0.55000000 -0.98539525
 1.95000000  0.60000000 -0.63362832
 1.95000000  0.65000000 -0.24957086
 1.95000000  0.70000000  0.11590624
 1.95000000  0.75000000  0.45978874
 1.95000000  0.80000000  0.71613316
 1.95000000  0.85000000  0.87391653
 1.95000000  0.90000000  0.92405650
 1.95000000  0.95000000  0.85932167
 1.95000000  1.00000000  0.68970416
 1.95000000  1.05000000  0.44792389
 1.95000000  1.10000000  0.15797384
 1.95000000  1.15000000 -0.15046989
 1.95000000  1.20000000 -0.42761617
 1.95000000  1.25000000 -0.66599443
 1.95000000  1.30000000 -0.82689907
 1.95000000  1.35000000 -0.90291483
 1.95000000  1.40000000 -0.87118789
 1.95000000  1.45000000 -0.75909808
 1.95000000  1.50000000 -0.54754042
 1.95000000  1.55000000 -0.26905312
 1.95000000  1.60000000  0.04827702
 1.95000000  1.65000000  0.36377870
 1.95000000  1.70000000  0.63837607
 1.95000000  1.75000000  0.83642275
 1.95000000  1.80000000  0.94750171
 1.95000000  1.85000000  0.95223029
 1.95000000  1.90000000  0.86548200
 1.95000000  1.95000000  0.72698482
 1.95000000  2.00000000  0.54951196
 1.95000000  2.05000000  0.39927245
 1.95000000  2.10000000  0.30820874
 1.95000000  2.15000000  0.28548593
 1.95000000  2.20000000  0.36764673
 2.00000000 -0.25000000  0.63891783
 2.00000000 -0.20000000  0.82325365
 2.00000000 -0.15000000  0.90093225
 2.00000000 -0.10000000  0.87974955
 2.00000000 -0.05000000  0.73057322
 2.00000000  0.00000000  0.48532214
 2.00000000  0.05000000  0.14426093
 2.00000000  0.10000000 -0.26055691
 2.00000000  0.15000000 -0.67003763
 2.00000000  0.20000000 -1.04568821
 2.00000000  0.25000000 -1.33105741
 2.00000000  0.30000000 -1.50621156
 2.00000000  0.35000000 -1.55115314
 2.00000000  0.40000000 -1.48249369
 2.00000000  0.45000000 -1.30255996
 2.00000000  0.50000000 -1.03392955
 2.00000000  0.55000000 -0.70076505
 2.00000000  0.60000000 -0.31496381
 2.00000000  0.65000000  0.08359421
 2.00000000  0.70000000  0.45494720
 2.00000000  0.75000000  0.76650451
 2.00000000  0.80000000  0.98990629
 2.00000000  0.85000000  1.09830227
 2.00000000  0.90000000  1.07323385
 2.00000000  0.95000000  0.94493415
 2.00000000  1.00000000  0.72472661
 2.00000000  1.05000000  0.43345680
 2.00000000  1.10000000  0.12875754
 2.00000000  1.15000000 -0.17935830
 2.00000000  1.20000000 -0.44399539
 2.00000000  1.25000000 -0.65913789
 2.00000000  1.30000000 -0.78890807
 2.00000000  1.35000000 -0.82772599
 2.00000000  1.40000000 -0.77958335
 2.00000000  1.45000000 -0.62828727
 2.00000000  1.50000000 -0.39443349
 2.00000000  1.55000000 -0.09850870
 2.00000000  1.60000000  0.23619123
 2.00000000  1.65000000  0.56427573
 2.00000000  1.70000000  0.83564310
 2.00000000  1.75000000  1.03676599
 2.00000000  1.80000000  1.12845083
 2.00000000  1.85000000  1.12131974
 2.00000000  1.90000000  1.02778160
 2.00000000  1.95000000  0.87420133
 2.00000000  2.00000000  0.69192596
 2.00000000  2.05000000  0.52374448
 2.00000000  2.10000000  0.39993408
 2.00000000  2.15000000  0.34543241
 2.00000000  2.20000000  0.36320689
 2.05000000 -0.25000000  0.45412692
 2.05000000 -0.20000000  0.66461537
 2.05000000 -0.15000000  0.76396221
 2.05000000 -0.10000000  0.74147052
 2.05000000 -0.05000000  0.61217126
 2.05000000  0.00000000  0.36676792
 2.05000000  0.05000000  0.04115203
 2.05000000  0.10000000 -0.33383277
 2.05000000  0.15000000 -0.72076763
 2.05000000  0.20000000 -1.04389729
 2.05000000  0.25000000 -1.28290210
 2.05000000  0.30000000 -1.41111253
 2.05000000  0.35000000 -1.40941391
 2.05000000  0.40000000 -1.30502333
 2.05000000  0.45000000 -1.09846119
 2.05000000  0.50000000 -0.80699805
 2.05000000  0.55000000 -0.45889971
 2.05000000  0.60000000 -0.07788333
 2.05000000  0.65000000  0.31747624
 2.05000000  0.70000000  0.67387685
 2.05000000  0.75000000  0.97018811
 2.05000000  0.80000000  1.15409809
 2.05000000  0.85000000  1.21109297
 2.05000000  0.90000000  1.14612532
 2.05000000  0.95000000  0.95511241
 2.05000000  1.00000000  0.68670349
 2.05000000  1.05000000  0.37529355
 2.05000000  1.10000000  0.05948033
 2.05000000  1.15000000 -0.24147205
 2.05000000  1.20000000 -0.49631374
 2.05000000  1.25000000 -0.67178540
 2.05000000  1.30000000 -0.75545671
 2.05000000  1.35000000 -0.75870644
 2.05000000  1.40000000 -0.66859557
 2.05000000  1.45000000 -0.49620952
 2.05000000  1.50000000 -0.23666608
 2.05000000  1.55000000  0.07666414
 2.05000000  1.60000000  0.41296001
 2.05000000  1.65000000  0.72533242
 2.05000000  1.70000000  0.98323715
 2.05000000  1.75000000  1.15368622
 2.05000000  1.80000000  1.22794266
 2.05000000  1.85000000  1.18518974
 2.05000000  1.90000000  1.07350790
 2.05000000  1.95000000  0.91231823
 2.05000000  2.00000000  0.73508256
 2.05000000  2.05000000  0.55326746
 2.05000000  2.10000000  0.42530333
 2.05000000  2.15000000  0.34970203
 2.05000000  2.20000000  0.33116670
 2.10000000 -0.25000000  0.23323988
 2.10000000 -0.20000000  0.44332539
 2.10000000 -0.15000000  0.55854804
 2.10000000 -0.10000000  0.55207813
 2.10000000 -0.05000000  0.44942042
 2.10000000  0.00000000  0.23624433
 2.10000000  0.05000000 -0.05657778
 2.10000000  0.10000000 -0.38605004
 2.10000000  0.15000000 -0.71822896
 2.10000000  0.20000000 -0.99574899
 2.10000000  0.25000000 -1.19185686
 2.10000000  0.30000000 -1.28592942
 2.10000000  0.35000000 -1.26709219
 2.10000000  0.40000000 -1.15601803
 2.10000000  0.45000000 -0.95251341
 2.10000000  0.50000000 -0.68504508
 2.10000000  0.55000000 -0.34923655
 2.10000000  0.60000000  0.02285421
 2.10000000  0.65000000  0.39038531
 2.10000000  0.70000000  0.74570390
 2.10000000  0.75000000  1.01303370
 2.10000000  0.80000000  1.18458828
 2.10000000  0.85000000  1.22444968
 2.10000000  0.90000000  1.13169065
 2.10000000  0.95000000  0.93255133
 2.10000000  1.00000000  0.64395890
 2.10000000  1.05000000  0.31001360
 2.10000000  1.10000000 -0.01195579
 2.10000000  1.15000000 -0.30972973
 2.10000000  1.20000000 -0.53251626
 2.10000000  1.25000000 -0.67430255
 2.10000000  1.30000000 -0.72168271
 2.10000000  1.35000000 -0.68397195
 2.10000000  1.40000000 -0.56076796
 2.10000000  1.45000000 -0.35755570
 2.10000000  1.50000000 -0.09739669
 2.10000000  1.55000000  0.21848130
 2.10000000  1.60000000  0.53321253
 2.10000000  1.65000000  0.81792101
 2.10000000  1.70000000  1.04110903
 2.10000000  1.75000000  1.16962441
 2.10000000  1.80000000  1.20490113
 2.10000000  1.85000000  1.14846649
 2.10000000  1.90000000  1.01738145
 2.10000000  1.95000000  0.84354756
 2.10000000  2.00000000  0.66259000
 2.10000000  2.05000000  0.49977785
 2.10000000  2.10000000  0.38114023
 2.10000000  2.15000000  0.30320307
 2.10000000  2.20000000  0.28189631
 2.15000000 -0.25000000 -0.03218499
 2.15000000 -0.20000000  0.18049540
 2.15000000 -0.15000000  0.30446916
 2.15000000 -0.10000000  0.33009288
 2.15000000 -0.05000000  0.26382492
 2.15000000  0.00000000  0.09235848
 2.15000000  0.05000000 -0.13102599
 2.15000000  0.10000000 -0.40130792
 2.15000000  0.15000000 -0.66826436
 2.15000000  0.20000000 -0.90463664
 2.15000000  0.25000000 -1.06283768
 2.15000000  0.30000000 -1.14677938
 2.15000000  0.35000000 -1.14530736
 2.15000000  0.40000000 -1.06405560
 2.15000000  0.45000000 -0.90606400
 2.15000000  0.50000000 -0.67701592
 2.15000000  0.55000000 -0.39040466
 2.15000000  0.60000000 -0.05741185
 2.15000000  0.65000000  0.29522192
 2.15000000  0.70000000  0.63290206
 2.15000000  0.75000000  0.90862445
 2.15000000  0.80000000  1.09307377
 2.15000000  0.85000000  1.14657225
 2.15000000  0.90000000  1.07587343
 2.15000000  0.95000000  0.88239194
 2.15000000  1.00000000  0.60049978
 2.15000000  1.05000000  0.27833295
 2.15000000  1.10000000 -0.04116352
 2.15000000  1.15000000 -0.31832217
 2.15000000  1.20000000 -0.53223030
 2.15000000  1.25000000 -0.65358298
 2.15000000  1.30000000 -0.67921502
 2.15000000  1.35000000 -0.61370123
 2.15000000  1.40000000 -0.46791731
 2.15000000  1.45000000 -0.26161984
 2.15000000  1.50000000  0.00658980
 2.15000000  1.55000000  0.27835375
 2.15000000  1.60000000  0.56248215
 2.15000000  1.65000000  0.80308109
 2.15000000  1.70000000  0.96961227
 2.15000000  1.75000000  1.06460895
 2.15000000  1.80000000  1.06827064
 2.15000000  1.85000000  0.99275764
 2.15000000  1.90000000  0.84871345
 2.15000000  1.95000000  0.68233063
 2.15000000  2.00000000  0.52538969
 2.15000000  2.05000000  0.38906911
 2.15000000  2.10000000  0.28949096
 2.15000000  2.15000000  0.23744023
 2.15000000  2.20000000  0.24481060
 2.20000000 -0.25000000 -0.30822364
 2.20000000 -0.20000000 -0.11891991
 2.20000000 -0.15000000  0.00783966
 2.20000000 -0.10000000  0.05681606
 2.20000000 -0.05000000  0.03455337
 2.20000000  0.00000000 -0.05834912
 2.20000000  0.05000000 -0.20723066
 2.20000000  0.10000000 -0.39299015
 2.20000000  0.15000000 -0.58801794
 2.20000000  0.20000000 -0.76993254
 2.20000000  0.25000000 -0.91099505
 2.20000000  0.30000000 -1.01350599
 2.20000000  0.35000000 -1.05653578
 2.20000000  0.40000000 -1.03660903
 2.20000000  0.45000000 -0.95791962
 2.20000000  0.50000000 -0.80409249
 2.20000000  0.55000000 -0.58195423
 2.20000000  0.60000000 -0.29306989
 2.20000000  0.65000000  0.03643852
 2.20000000  0.70000000  0.37012357
 2.20000000  0.75000000  0.67531823
 2.20000000  0.80000000  0.89123660
 2.20000000  0.85000000  1.00479524
 2.20000000  0.90000000  0.98451250
 2.20000000  0.95000000  0.83131329
 2.20000000  1.00000000  0.58680450
 2.20000000  1.05000000  0.29199569
 2.20000000  1.10000000 -0.01893757
 2.20000000  1.15000000 -0.28356604
 2.20000000  1.20000000 -0.48779111
 2.20000000  1.25000000 -0.60584787
 2.20000000  1.30000000 -0.62057526
 2.20000000  1.35000000 -0.55029460
 2.20000000  1.40000000 -0.41560183
 2.20000000  1.45000000 -0.21661493
 2.20000000  1.50000000  0.00589412
 2.20000000  1.55000000  0.24765845
 2.20000000  1.60000000  0.46704968
 2.20000000  1.65000000  0.65491310
 2.20000000  1.70000000  0.78325628
 2.20000000  1.75000000  0.84640368
 2.20000000  1.80000000  0.82456897
 2.20000000  1.85000000  0.73788816
 2.20000000  1.90000000  0.61832960
 2.20000000  1.95000000  0.47181475
 2.20000000  2.00000000  0.33618679
 2.20000000  2.05000000  0.23377405
 2.20000000  2.10000000  0.16421295
 2.20000000  2.15000000  0.15586518
 2.20000000  2.20000000  0.19991239
