LP
[0.87538597408120489, 2.6172561045695613, 3.4926420786507659, 5.2345122091391225, 6.1098981832203272]
myqEI
[-0.14513171582185969, -3.4854387916567449, -5.6893286091680935, -3.6611918104841203, 1.3096380976597919]
PE
[4.5295813957318911, 8.7334964847467766, 12.072043975386608, 15.893180362445733, 20.182146245894593]
BUCB
[0.87538597408120489, -2.1825608205375335, -5.0023485604549824, -3.9474584786797373, 0.5821229170521538]
MLE H=4
[4.5295813957318911, 8.7334964847467766, 13.205163872571626, 17.738170815856179, 22.709000724000092]
H=1
[4.5295813957318911, 8.7334964847467766, 12.938267429253283, 17.117413280316903, 21.589080668141754]
H=2
[3.3089389700705976, 5.9645834144535117, 8.9613086170627287, 9.7237074667454095, 11.591816288395012]
H=3
[0.87538597408120489, 2.6172561045695613, 7.1468375003014524, 11.350752589316336, 15.555523533822843]
LP
[3.3089389700705976, 5.9645834144535117, 8.9613086170627287, 11.616953061445642, 14.613678264054858]
myqEI
[-0.14513171582185969, -3.4854387916567449, -5.6893286091680935, -3.6611918104841203, 1.3096380976597919]
PE
[-0.14513171582185969, -3.4854387916567449, -5.6893286091680935, -3.9474584786797369, 0.58212291705215424]
BUCB
[3.3089389700705976, 7.2770010849420075, 11.748668472766857, 15.470916401985612, 17.948358218039488]
MLE H=4
[4.5295813957318911, 8.7334964847467766, 13.205163872571626, 17.738170815856179, 22.709000724000092]
H=1
[4.5295813957318911, 8.7334964847467766, 12.938267429253283, 17.117413280316903, 21.589080668141754]
H=2
[3.3089389700705976, 5.9645834144535117, 8.9613086170627287, 9.7237074667454095, 11.591816288395012]
H=3
[0.87538597408120489, 2.6172561045695613, 7.1468375003014524, 11.350752589316336, 15.555523533822843]
