Physical State
[[ 1.    0.95]
 [ 1.    0.9 ]
 [ 1.    0.85]
 [ 1.    0.8 ]]
Locations
[[ 1.    1.  ]
 [ 1.    1.05]
 [ 1.    1.1 ]
 [ 1.    1.15]
 [ 1.    1.2 ]
 [ 1.    1.15]
 [ 1.    1.1 ]
 [ 1.    1.05]
 [ 1.    1.  ]
 [ 1.    0.95]
 [ 1.    0.9 ]
 [ 1.    0.85]
 [ 1.    0.8 ]]
Measurements
[ 0.39174015  0.30209275  0.17453192  0.0021096  -0.20620779  0.0021096
  0.17453192  0.30209275  0.39174015  0.4801518   0.5861731   0.71524622
  0.83771261]
Total accumulated reward = 3.76228463643
Nodes expanded = -1