Physical State
[[ 0.75  1.6 ]
 [ 0.7   1.6 ]
 [ 0.65  1.6 ]
 [ 0.6   1.6 ]]
Locations
[[ 1.    1.  ]
 [ 1.    1.05]
 [ 1.    1.1 ]
 [ 1.    1.15]
 [ 1.    1.2 ]
 [ 1.    1.25]
 [ 1.    1.3 ]
 [ 1.    1.35]
 [ 1.    1.4 ]
 [ 1.    1.45]
 [ 1.    1.5 ]
 [ 1.    1.55]
 [ 1.    1.6 ]
 [ 0.95  1.6 ]
 [ 0.9   1.6 ]
 [ 0.85  1.6 ]
 [ 0.8   1.6 ]
 [ 0.75  1.6 ]
 [ 0.7   1.6 ]
 [ 0.65  1.6 ]
 [ 0.6   1.6 ]]
Measurements
[-0.39498829 -0.4031062  -0.39538731 -0.36086325 -0.30117581 -0.19470092
 -0.04067966  0.16171762  0.38899331  0.61028119  0.790125    0.90063203
  0.9092285   1.01470895  1.11753153  1.2186365   1.31224012  1.4000992
  1.44680851  1.42276495  1.319051  ]
Total accumulated reward = 12.3169052609
Nodes expanded = -1