Physical State
[[ 1.    1.45]
 [ 1.    1.5 ]
 [ 1.    1.55]
 [ 1.    1.6 ]]
Locations
[[ 1.    1.  ]
 [ 1.    1.05]
 [ 1.    1.1 ]
 [ 1.    1.15]
 [ 1.    1.2 ]
 [ 1.    1.25]
 [ 1.    1.3 ]
 [ 1.    1.35]
 [ 1.    1.4 ]
 [ 1.    1.45]
 [ 1.    1.5 ]
 [ 1.    1.55]
 [ 1.    1.6 ]]
Measurements
[-0.39498829 -0.4031062  -0.39538731 -0.36086325 -0.30117581 -0.19470092
 -0.04067966  0.16171762  0.38899331  0.61028119  0.790125    0.90063203
  0.9092285 ]
Total accumulated reward = 2.06506450926
Nodes expanded = -1