Physical State
[[ 0.75  0.8 ]
 [ 0.7   0.8 ]
 [ 0.65  0.8 ]
 [ 0.6   0.8 ]]
Locations
[[ 1.    1.  ]
 [ 0.95  1.  ]
 [ 0.9   1.  ]
 [ 0.85  1.  ]
 [ 0.8   1.  ]
 [ 0.8   0.95]
 [ 0.8   0.9 ]
 [ 0.8   0.85]
 [ 0.8   0.8 ]
 [ 0.75  0.8 ]
 [ 0.7   0.8 ]
 [ 0.65  0.8 ]
 [ 0.6   0.8 ]]
Measurements
[ 0.03799932  0.19522726  0.34808706  0.50566102  0.6553123   0.68868993
  0.75137431  0.80577383  0.82435688  1.04187956  1.28101655  1.55434556
  1.81759882]
Total accumulated reward = 10.4693230909
Nodes expanded = -1.0