Physical State
[[ 1.2   1.15]
 [ 1.2   1.1 ]
 [ 1.2   1.05]
 [ 1.2   1.  ]]
Locations
[[ 1.    1.  ]
 [ 1.    1.05]
 [ 1.    1.1 ]
 [ 1.    1.15]
 [ 1.    1.2 ]
 [ 1.05  1.2 ]
 [ 1.1   1.2 ]
 [ 1.15  1.2 ]
 [ 1.2   1.2 ]
 [ 1.2   1.15]
 [ 1.2   1.1 ]
 [ 1.2   1.05]
 [ 1.2   1.  ]]
Measurements
[ 1.95175563  1.66112116  1.32726946  0.97296152  0.60691191  0.70159439
  0.75550685  0.77339921  0.71355172  0.85433244  1.00207562  1.15421574
  1.29566023]
Total accumulated reward = 11.8186002556
Nodes expanded = -1.0