Physical State
[[ 0.75  0.8 ]
 [ 0.7   0.8 ]
 [ 0.65  0.8 ]
 [ 0.6   0.8 ]]
Locations
[[ 1.    1.  ]
 [ 0.95  1.  ]
 [ 0.9   1.  ]
 [ 0.85  1.  ]
 [ 0.8   1.  ]
 [ 0.8   0.95]
 [ 0.8   0.9 ]
 [ 0.8   0.85]
 [ 0.8   0.8 ]
 [ 0.75  0.8 ]
 [ 0.7   0.8 ]
 [ 0.65  0.8 ]
 [ 0.6   0.8 ]]
Measurements
[-0.13806479 -0.4135574  -0.64415536 -0.78676608 -0.83199364 -0.77169587
 -0.71751275 -0.64270642 -0.5442768  -0.60883737 -0.6065552  -0.54830862
 -0.43587692]
Total accumulated reward = -7.5522424346
Nodes expanded = -1.0