Physical State
[[ 1.05  0.8 ]
 [ 1.1   0.8 ]
 [ 1.15  0.8 ]
 [ 1.2   0.8 ]]
Locations
[[ 1.    1.  ]
 [ 0.95  1.  ]
 [ 0.9   1.  ]
 [ 0.85  1.  ]
 [ 0.8   1.  ]
 [ 0.85  1.  ]
 [ 0.9   1.  ]
 [ 0.95  1.  ]
 [ 1.    1.  ]
 [ 1.    0.95]
 [ 1.    0.9 ]
 [ 1.    0.85]
 [ 1.    0.8 ]
 [ 1.05  0.8 ]
 [ 1.1   0.8 ]
 [ 1.15  0.8 ]
 [ 1.2   0.8 ]]
Measurements
[ 1.95175563  1.80801021  1.54270926  1.16258247  0.72176184  1.16258247
  1.54270926  1.80801021  1.95175563  2.15426418  2.23305472  2.17042829
  1.96110394  1.9537866   1.80283083  1.53877574  1.21457201]
Total accumulated reward = 26.7289376415
Nodes expanded = -1.0